  0.00000000e+00   1.00000000e+00
  5.00000000e-03   1.00500000e+00
  1.00000000e-02   1.01002500e+00
  1.50000000e-02   1.01507513e+00
  2.00000000e-02   1.02015050e+00
  2.50000000e-02   1.02525125e+00
  3.00000000e-02   1.03037751e+00
  3.50000000e-02   1.03552940e+00
  4.00000000e-02   1.04070704e+00
  4.50000000e-02   1.04591058e+00
  5.00000000e-02   1.05114013e+00
  5.50000000e-02   1.05639583e+00
  6.00000000e-02   1.06167781e+00
  6.50000000e-02   1.06698620e+00
  7.00000000e-02   1.07232113e+00
  7.50000000e-02   1.07768274e+00
  8.00000000e-02   1.08307115e+00
  8.50000000e-02   1.08848651e+00
  9.00000000e-02   1.09392894e+00
  9.50000000e-02   1.09939858e+00
  1.00000000e-01   1.10489558e+00
  1.05000000e-01   1.11042006e+00
  1.10000000e-01   1.11597216e+00
  1.15000000e-01   1.12143986e+00
  1.20000000e-01   1.12704706e+00
  1.25000000e-01   1.13234246e+00
  1.30000000e-01   1.13789032e+00
  1.35000000e-01   1.14323653e+00
  1.40000000e-01   1.14883772e+00
  1.45000000e-01   1.15423523e+00
  1.50000000e-01   1.15965798e+00
  1.55000000e-01   1.16498939e+00
  1.60000000e-01   1.17057973e+00
  1.65000000e-01   1.17607895e+00
  1.70000000e-01   1.18136695e+00
  1.75000000e-01   1.18691656e+00
  1.80000000e-01   1.19141513e+00
  1.85000000e-01   1.19689114e+00
  1.90000000e-01   1.20251299e+00
  1.95000000e-01   1.20670348e+00
  2.00000000e-01   1.21163828e+00
  2.05000000e-01   1.21659226e+00
  2.10000000e-01   1.22193540e+00
  2.15000000e-01   1.22692980e+00
  2.20000000e-01   1.23144544e+00
  2.25000000e-01   1.23534975e+00
  2.30000000e-01   1.23989126e+00
  2.35000000e-01   1.24444729e+00
  2.40000000e-01   1.24876380e+00
  2.45000000e-01   1.25283698e+00
  2.50000000e-01   1.25743298e+00
  2.55000000e-01   1.26255946e+00
  2.60000000e-01   1.26615047e+00
  2.65000000e-01   1.26961557e+00
  2.70000000e-01   1.27347639e+00
  2.75000000e-01   1.27747564e+00
  2.80000000e-01   1.28174748e+00
  2.85000000e-01   1.28576435e+00
  2.90000000e-01   1.28952225e+00
  2.95000000e-01   1.29221187e+00
  3.00000000e-01   1.29597523e+00
  3.05000000e-01   1.29987947e+00
  3.10000000e-01   1.30338165e+00
  3.15000000e-01   1.30770786e+00
  3.20000000e-01   1.31080633e+00
  3.25000000e-01   1.31348821e+00
  3.30000000e-01   1.31685906e+00
  3.35000000e-01   1.32218625e+00
  3.40000000e-01   1.32528779e+00
  3.45000000e-01   1.32754082e+00
  3.50000000e-01   1.33148465e+00
  3.55000000e-01   1.33443728e+00
  3.60000000e-01   1.33767256e+00
  3.65000000e-01   1.34105075e+00
  3.70000000e-01   1.34240432e+00
  3.75000000e-01   1.34504618e+00
  3.80000000e-01   1.34811915e+00
  3.85000000e-01   1.34986785e+00
  3.90000000e-01   1.35248566e+00
  3.95000000e-01   1.35568907e+00
  4.00000000e-01   1.35933781e+00
  4.05000000e-01   1.36328870e+00
  4.10000000e-01   1.36573983e+00
  4.15000000e-01   1.36924036e+00
  4.20000000e-01   1.37258971e+00
  4.25000000e-01   1.37547993e+00
  4.30000000e-01   1.37821118e+00
  4.35000000e-01   1.37985505e+00
  4.40000000e-01   1.38070540e+00
  4.45000000e-01   1.38340028e+00
  4.50000000e-01   1.38593092e+00
  4.55000000e-01   1.38908205e+00
  4.60000000e-01   1.39096423e+00
  4.65000000e-01   1.39314854e+00
  4.70000000e-01   1.39595917e+00
  4.75000000e-01   1.40036918e+00
  4.80000000e-01   1.40285143e+00
  4.85000000e-01   1.40483682e+00
  4.90000000e-01   1.40713307e+00
  4.95000000e-01   1.40925330e+00
  5.00000000e-01   1.41218290e+00
  5.05000000e-01   1.41427911e+00
  5.10000000e-01   1.41752520e+00
  5.15000000e-01   1.41926405e+00
  5.20000000e-01   1.42148880e+00
  5.25000000e-01   1.42353150e+00
  5.30000000e-01   1.42623777e+00
  5.35000000e-01   1.42859447e+00
  5.40000000e-01   1.42991086e+00
  5.45000000e-01   1.43206584e+00
  5.50000000e-01   1.43437971e+00
  5.55000000e-01   1.43581114e+00
  5.60000000e-01   1.43687139e+00
  5.65000000e-01   1.43896053e+00
  5.70000000e-01   1.44209409e+00
  5.75000000e-01   1.44486809e+00
  5.80000000e-01   1.44816882e+00
  5.85000000e-01   1.44913635e+00
  5.90000000e-01   1.45187868e+00
  5.95000000e-01   1.45370704e+00
  6.00000000e-01   1.45278829e+00
  6.05000000e-01   1.45529815e+00
  6.10000000e-01   1.45632668e+00
  6.15000000e-01   1.45880657e+00
  6.20000000e-01   1.46183167e+00
  6.25000000e-01   1.46429094e+00
  6.30000000e-01   1.46542600e+00
  6.35000000e-01   1.46634740e+00
  6.40000000e-01   1.46856680e+00
  6.45000000e-01   1.46829793e+00
  6.50000000e-01   1.46913712e+00
  6.55000000e-01   1.46821819e+00
  6.60000000e-01   1.46995760e+00
  6.65000000e-01   1.47226009e+00
  6.70000000e-01   1.47571943e+00
  6.75000000e-01   1.47760798e+00
  6.80000000e-01   1.47869030e+00
  6.85000000e-01   1.47994455e+00
  6.90000000e-01   1.48157243e+00
  6.95000000e-01   1.48357964e+00
  7.00000000e-01   1.48717807e+00
  7.05000000e-01   1.48774496e+00
  7.10000000e-01   1.49091985e+00
  7.15000000e-01   1.49164064e+00
  7.20000000e-01   1.49335674e+00
  7.25000000e-01   1.49381611e+00
  7.30000000e-01   1.49465700e+00
  7.35000000e-01   1.49713429e+00
  7.40000000e-01   1.49750691e+00
  7.45000000e-01   1.49637405e+00
  7.50000000e-01   1.49815069e+00
  7.55000000e-01   1.50160658e+00
  7.60000000e-01   1.50292534e+00
  7.65000000e-01   1.50464873e+00
  7.70000000e-01   1.50548954e+00
  7.75000000e-01   1.50738433e+00
  7.80000000e-01   1.50969589e+00
  7.85000000e-01   1.51221168e+00
  7.90000000e-01   1.51581443e+00
  7.95000000e-01   1.51853137e+00
  8.00000000e-01   1.51968281e+00
  8.05000000e-01   1.52080780e+00
  8.10000000e-01   1.52302774e+00
  8.15000000e-01   1.52590823e+00
  8.20000000e-01   1.52764652e+00
  8.25000000e-01   1.53027493e+00
  8.30000000e-01   1.52991627e+00
  8.35000000e-01   1.53181579e+00
  8.40000000e-01   1.53346491e+00
  8.45000000e-01   1.53741530e+00
  8.50000000e-01   1.53763135e+00
  8.55000000e-01   1.54062677e+00
  8.60000000e-01   1.54125559e+00
  8.65000000e-01   1.54161520e+00
  8.70000000e-01   1.54384527e+00
  8.75000000e-01   1.54534101e+00
  8.80000000e-01   1.54392636e+00
  8.85000000e-01   1.54318423e+00
  8.90000000e-01   1.54604068e+00
  8.95000000e-01   1.55035224e+00
  9.00000000e-01   1.55098713e+00
  9.05000000e-01   1.55405598e+00
  9.10000000e-01   1.55562952e+00
  9.15000000e-01   1.55792727e+00
  9.20000000e-01   1.56196159e+00
  9.25000000e-01   1.56398445e+00
  9.30000000e-01   1.56548277e+00
  9.35000000e-01   1.56644871e+00
  9.40000000e-01   1.56866217e+00
  9.45000000e-01   1.57085860e+00
  9.50000000e-01   1.57303778e+00
  9.55000000e-01   1.57442174e+00
  9.60000000e-01   1.57682238e+00
  9.65000000e-01   1.57737474e+00
  9.70000000e-01   1.57763004e+00
  9.75000000e-01   1.57890636e+00
  9.80000000e-01   1.58095338e+00
  9.85000000e-01   1.58404990e+00
  9.90000000e-01   1.58499018e+00
  9.95000000e-01   1.58536066e+00
  1.00000000e+00   1.58732212e+00
  1.00500000e+00   1.58844605e+00
  1.01000000e+00   1.59118475e+00
  1.01500000e+00   1.59446160e+00
  1.02000000e+00   1.59634837e+00
  1.02500000e+00   1.60099413e+00
  1.03000000e+00   1.60341132e+00
  1.03500000e+00   1.60693581e+00
  1.04000000e+00   1.60763356e+00
  1.04500000e+00   1.60943252e+00
  1.05000000e+00   1.61006921e+00
  1.05500000e+00   1.61554156e+00
  1.06000000e+00   1.61757388e+00
  1.06500000e+00   1.61785024e+00
  1.07000000e+00   1.61954273e+00
  1.07500000e+00   1.61916619e+00
  1.08000000e+00   1.62197585e+00
  1.08500000e+00   1.62477312e+00
  1.09000000e+00   1.62785443e+00
  1.09500000e+00   1.63062783e+00
  1.10000000e+00   1.63278909e+00
  1.10500000e+00   1.63252245e+00
  1.11000000e+00   1.63312012e+00
  1.11500000e+00   1.63398706e+00
  1.12000000e+00   1.63696126e+00
  1.12500000e+00   1.63838856e+00
  1.13000000e+00   1.64040660e+00
  1.13500000e+00   1.64426529e+00
  1.14000000e+00   1.64687440e+00
  1.14500000e+00   1.64884179e+00
  1.15000000e+00   1.65078769e+00
  1.15500000e+00   1.65492725e+00
  1.16000000e+00   1.65715851e+00
  1.16500000e+00   1.65617407e+00
  1.17000000e+00   1.66059981e+00
  1.17500000e+00   1.66147685e+00
  1.18000000e+00   1.66199667e+00
  1.18500000e+00   1.66313235e+00
  1.19000000e+00   1.66620426e+00
  1.19500000e+00   1.66794781e+00
  1.20000000e+00   1.66999816e+00
  1.20500000e+00   1.67069661e+00
  1.21000000e+00   1.67236332e+00
  1.21500000e+00   1.67333290e+00
  1.22000000e+00   1.67697189e+00
  1.22500000e+00   1.67653290e+00
  1.23000000e+00   1.67775296e+00
  1.23500000e+00   1.67997166e+00
  1.24000000e+00   1.68251510e+00
  1.24500000e+00   1.68538819e+00
  1.25000000e+00   1.68790000e+00
  1.25500000e+00   1.69039480e+00
  1.26000000e+00   1.69392665e+00
  1.26500000e+00   1.69533240e+00
  1.27000000e+00   1.69741978e+00
  1.27500000e+00   1.69912891e+00
  1.28000000e+00   1.70224677e+00
  1.28500000e+00   1.70499303e+00
  1.29000000e+00   1.70808630e+00
  1.29500000e+00   1.71116788e+00
  1.30000000e+00   1.71021440e+00
  1.30500000e+00   1.71104647e+00
  1.31000000e+00   1.71516878e+00
  1.31500000e+00   1.71557698e+00
  1.32000000e+00   1.71967751e+00
  1.32500000e+00   1.72040135e+00
  1.33000000e+00   1.72410426e+00
  1.33500000e+00   1.72439256e+00
  1.34000000e+00   1.72768568e+00
  1.34500000e+00   1.72943849e+00
  1.35000000e+00   1.73039674e+00
  1.35500000e+00   1.72900311e+00
  1.36000000e+00   1.72910550e+00
  1.36500000e+00   1.73111690e+00
  1.37000000e+00   1.73271300e+00
  1.37500000e+00   1.73625255e+00
  1.38000000e+00   1.73621904e+00
  1.38500000e+00   1.74091908e+00
  1.39000000e+00   1.73882105e+00
  1.39500000e+00   1.74228789e+00
  1.40000000e+00   1.74493772e+00
  1.40500000e+00   1.74675822e+00
  1.41000000e+00   1.75018595e+00
  1.41500000e+00   1.75155328e+00
  1.42000000e+00   1.75289053e+00
  1.42500000e+00   1.75419736e+00
  1.43000000e+00   1.75630621e+00
  1.43500000e+00   1.75671843e+00
  1.44000000e+00   1.76213756e+00
  1.44500000e+00   1.76503100e+00
  1.45000000e+00   1.76918364e+00
  1.45500000e+00   1.77205299e+00
  1.46000000e+00   1.77447777e+00
  1.46500000e+00   1.77774485e+00
  1.47000000e+00   1.77926691e+00
  1.47500000e+00   1.77901774e+00
  1.48000000e+00   1.77872160e+00
  1.48500000e+00   1.77573883e+00
  1.49000000e+00   1.77754448e+00
  1.49500000e+00   1.78110089e+00
  1.50000000e+00   1.78107646e+00
  1.50500000e+00   1.78504582e+00
  1.51000000e+00   1.78810839e+00
  1.51500000e+00   1.79070375e+00
  1.52000000e+00   1.78781442e+00
  1.52500000e+00   1.78988691e+00
  1.53000000e+00   1.78963514e+00
  1.53500000e+00   1.79211027e+00
  1.54000000e+00   1.79317138e+00
  1.54500000e+00   1.79419831e+00
  1.55000000e+00   1.79378268e+00
  1.55500000e+00   1.79426140e+00
  1.56000000e+00   1.79754428e+00
  1.56500000e+00   1.79938591e+00
  1.57000000e+00   1.80359495e+00
  1.57500000e+00   1.80298929e+00
  1.58000000e+00   1.80378324e+00
  1.58500000e+00   1.80308204e+00
  1.59000000e+00   1.80281716e+00
  1.59500000e+00   1.80544983e+00
  1.60000000e+00   1.80658376e+00
  1.60500000e+00   1.80917129e+00
  1.61000000e+00   1.81173953e+00
  1.61500000e+00   1.81328668e+00
  1.62000000e+00   1.81681711e+00
  1.62500000e+00   1.81831435e+00
  1.63000000e+00   1.81876450e+00
  1.63500000e+00   1.82172800e+00
  1.64000000e+00   1.82313542e+00
  1.64500000e+00   1.82451137e+00
  1.65000000e+00   1.82533694e+00
  1.65500000e+00   1.82508285e+00
  1.66000000e+00   1.82582810e+00
  1.66500000e+00   1.82864069e+00
  1.67000000e+00   1.83143576e+00
  1.67500000e+00   1.82995982e+00
  1.68000000e+00   1.83056059e+00
  1.68500000e+00   1.83326957e+00
  1.69000000e+00   1.83757888e+00
  1.69500000e+00   1.83700413e+00
  1.70000000e+00   1.83855801e+00
  1.70500000e+00   1.83734248e+00
  1.71000000e+00   1.84157429e+00
  1.71500000e+00   1.84358928e+00
  1.72000000e+00   1.84224200e+00
  1.72500000e+00   1.84083516e+00
  1.73000000e+00   1.84161475e+00
  1.73500000e+00   1.84179167e+00
  1.74000000e+00   1.84532793e+00
  1.74500000e+00   1.84714319e+00
  1.75000000e+00   1.85122230e+00
  1.75500000e+00   1.85414438e+00
  1.76000000e+00   1.85473459e+00
  1.76500000e+00   1.85702914e+00
  1.77000000e+00   1.85696226e+00
  1.77500000e+00   1.85391116e+00
  1.78000000e+00   1.85609638e+00
  1.78500000e+00   1.86122366e+00
  1.79000000e+00   1.86575954e+00
  1.79500000e+00   1.86550016e+00
  1.80000000e+00   1.86760057e+00
  1.80500000e+00   1.87209643e+00
  1.81000000e+00   1.87354907e+00
  1.81500000e+00   1.87374677e+00
  1.82000000e+00   1.87697157e+00
  1.82500000e+00   1.87832938e+00
  1.83000000e+00   1.88027439e+00
  1.83500000e+00   1.88219190e+00
  1.84000000e+00   1.88157448e+00
  1.84500000e+00   1.88279356e+00
  1.85000000e+00   1.88524390e+00
  1.85500000e+00   1.88576300e+00
  1.86000000e+00   1.88879778e+00
  1.86500000e+00   1.88988797e+00
  1.87000000e+00   1.89352508e+00
  1.87500000e+00   1.89780037e+00
  1.88000000e+00   1.90207107e+00
  1.88500000e+00   1.90305929e+00
  1.89000000e+00   1.90598631e+00
  1.89500000e+00   1.90558443e+00
  1.90000000e+00   1.90912347e+00
  1.90500000e+00   1.91064398e+00
  1.91000000e+00   1.90608304e+00
  1.91500000e+00   1.90683244e+00
  1.92000000e+00   1.90889935e+00
  1.92500000e+00   1.91162150e+00
  1.93000000e+00   1.91500880e+00
  1.93500000e+00   1.91562588e+00
  1.94000000e+00   1.91550874e+00
  1.94500000e+00   1.92021441e+00
  1.95000000e+00   1.92002301e+00
  1.95500000e+00   1.92329649e+00
  1.96000000e+00   1.92584824e+00
  1.96500000e+00   1.92979743e+00
  1.97000000e+00   1.93017018e+00
  1.97500000e+00   1.92906417e+00
  1.98000000e+00   1.93006097e+00
  1.98500000e+00   1.93029520e+00
  1.99000000e+00   1.93485113e+00
  1.99500000e+00   1.94159909e+00
  2.00000000e+00   1.94248429e+00
  2.00500000e+00   1.94554654e+00
  2.01000000e+00   1.94710563e+00
  2.01500000e+00   1.95012432e+00
  2.02000000e+00   1.95462460e+00
  2.02500000e+00   1.95535215e+00
  2.03000000e+00   1.95755324e+00
  2.03500000e+00   1.96048881e+00
  2.04000000e+00   1.96187448e+00
  2.04500000e+00   1.96476296e+00
  2.05000000e+00   1.96376712e+00
  2.05500000e+00   1.96737239e+00
  2.06000000e+00   1.96862287e+00
  2.06500000e+00   1.96669874e+00
  2.07000000e+00   1.96628296e+00
  2.07500000e+00   1.96581386e+00
  2.08000000e+00   1.97325400e+00
  2.08500000e+00   1.97431708e+00
  2.09000000e+00   1.97855862e+00
  2.09500000e+00   1.97955996e+00
  2.10000000e+00   1.98214656e+00
  2.10500000e+00   1.98226029e+00
  2.11000000e+00   1.98396661e+00
  2.11500000e+00   1.98811423e+00
  2.12000000e+00   1.98976755e+00
  2.12500000e+00   1.98639050e+00
  2.13000000e+00   1.98962619e+00
  2.13500000e+00   1.98947971e+00
  2.14000000e+00   1.98759118e+00
  2.14500000e+00   1.98648368e+00
  2.15000000e+00   1.98531541e+00
  2.15500000e+00   1.98494396e+00
  2.16000000e+00   1.98969392e+00
  2.16500000e+00   1.99010790e+00
  2.17000000e+00   1.99221849e+00
  2.17500000e+00   1.99692682e+00
  2.18000000e+00   2.00163242e+00
  2.18500000e+00   2.00191397e+00
  2.19000000e+00   2.00748025e+00
  2.19500000e+00   2.00769352e+00
  2.20000000e+00   2.00785875e+00
  2.20500000e+00   2.01248571e+00
  2.21000000e+00   2.01529561e+00
  2.21500000e+00   2.01717220e+00
  2.22000000e+00   2.01993283e+00
  2.22500000e+00   2.02083017e+00
  2.23000000e+00   2.02168599e+00
  2.23500000e+00   2.02621767e+00
  2.24000000e+00   2.02887592e+00
  2.24500000e+00   2.03151010e+00
  2.25000000e+00   2.03128948e+00
  2.25500000e+00   2.03670500e+00
  2.26000000e+00   2.04021803e+00
  2.26500000e+00   2.04754604e+00
  2.27000000e+00   2.04815897e+00
  2.27500000e+00   2.05549788e+00
  2.28000000e+00   2.05702621e+00
  2.28500000e+00   2.05949541e+00
  2.29000000e+00   2.06390164e+00
  2.29500000e+00   2.05941938e+00
  2.30000000e+00   2.06475788e+00
  2.30500000e+00   2.06710826e+00
  2.31000000e+00   2.06642553e+00
  2.31500000e+00   2.06769764e+00
  2.32000000e+00   2.06994251e+00
  2.32500000e+00   2.07215814e+00
  2.33000000e+00   2.07740971e+00
  2.33500000e+00   2.07855418e+00
  2.34000000e+00   2.08275442e+00
  2.34500000e+00   2.08590745e+00
  2.35000000e+00   2.09008237e+00
  2.35500000e+00   2.09215161e+00
  2.36000000e+00   2.08787197e+00
  2.36500000e+00   2.08772983e+00
  2.37000000e+00   2.08647063e+00
  2.37500000e+00   2.08728416e+00
  2.38000000e+00   2.09449828e+00
  2.38500000e+00   2.09417605e+00
  2.39000000e+00   2.09271336e+00
  2.39500000e+00   2.09881575e+00
  2.40000000e+00   2.10492685e+00
  2.40500000e+00   2.10884414e+00
  2.41000000e+00   2.11496144e+00
  2.41500000e+00   2.11663814e+00
  2.42000000e+00   2.11827873e+00
  2.42500000e+00   2.11988280e+00
  2.43000000e+00   2.12709512e+00
  2.43500000e+00   2.12751851e+00
  2.44000000e+00   2.13017365e+00
  2.44500000e+00   2.13280216e+00
  2.45000000e+00   2.13425192e+00
  2.45500000e+00   2.12871760e+00
  2.46000000e+00   2.13121789e+00
  2.46500000e+00   2.13602826e+00
  2.47000000e+00   2.13613348e+00
  2.47500000e+00   2.13500549e+00
  2.48000000e+00   2.13262604e+00
  2.48500000e+00   2.13136213e+00
  2.49000000e+00   2.13362827e+00
  2.49500000e+00   2.13586379e+00
  2.50000000e+00   2.14412174e+00
  2.50500000e+00   2.14632518e+00
  2.51000000e+00   2.14971988e+00
  2.51500000e+00   2.15186593e+00
  2.52000000e+00   2.15274462e+00
  2.52500000e+00   2.16226709e+00
  2.53000000e+00   2.15935634e+00
  2.53500000e+00   2.15886983e+00
  2.54000000e+00   2.16084441e+00
  2.54500000e+00   2.16405103e+00
  2.55000000e+00   2.17232608e+00
  2.55500000e+00   2.17935083e+00
  2.56000000e+00   2.17867937e+00
  2.56500000e+00   2.18053029e+00
  2.57000000e+00   2.17845052e+00
  2.57500000e+00   2.18020963e+00
  2.58000000e+00   2.18717691e+00
  2.58500000e+00   2.19284154e+00
  2.59000000e+00   2.19850814e+00
  2.59500000e+00   2.20417658e+00
  2.60000000e+00   2.20315835e+00
  2.60500000e+00   2.20476356e+00
  2.61000000e+00   2.20903193e+00
  2.61500000e+00   2.21057218e+00
  2.62000000e+00   2.21343723e+00
  2.62500000e+00   2.21353275e+00
  2.63000000e+00   2.21495221e+00
  2.63500000e+00   2.21633053e+00
  2.64000000e+00   2.22045152e+00
  2.64500000e+00   2.21756284e+00
  2.65000000e+00   2.22162021e+00
  2.65500000e+00   2.22142336e+00
  2.66000000e+00   2.22116900e+00
  2.66500000e+00   2.22656570e+00
  2.67000000e+00   2.23196084e+00
  2.67500000e+00   2.23735427e+00
  2.68000000e+00   2.24709224e+00
  2.68500000e+00   2.25104747e+00
  2.69000000e+00   2.25205942e+00
  2.69500000e+00   2.25302521e+00
  2.70000000e+00   2.25542236e+00
  2.70500000e+00   2.25778716e+00
  2.71000000e+00   2.26011921e+00
  2.71500000e+00   2.26691898e+00
  2.72000000e+00   2.27523801e+00
  2.72500000e+00   2.28206825e+00
  2.73000000e+00   2.27520386e+00
  2.73500000e+00   2.27433581e+00
  2.74000000e+00   2.27032588e+00
  2.74500000e+00   2.27394825e+00
  2.75000000e+00   2.27599650e+00
  2.75500000e+00   2.27488569e+00
  2.76000000e+00   2.27998350e+00
  2.76500000e+00   2.27719040e+00
  2.77000000e+00   2.28382169e+00
  2.77500000e+00   2.29364799e+00
  2.78000000e+00   2.29551158e+00
  2.78500000e+00   2.29572768e+00
  2.79000000e+00   2.30720632e+00
  2.79500000e+00   2.30249328e+00
  2.80000000e+00   2.30584059e+00
  2.80500000e+00   2.30916381e+00
  2.81000000e+00   2.31411202e+00
  2.81500000e+00   2.31739433e+00
  2.82000000e+00   2.32398349e+00
  2.82500000e+00   2.32388353e+00
  2.83000000e+00   2.32540712e+00
  2.83500000e+00   2.33026994e+00
  2.84000000e+00   2.32832523e+00
  2.84500000e+00   2.33142683e+00
  2.85000000e+00   2.33793433e+00
  2.85500000e+00   2.34272349e+00
  2.86000000e+00   2.34750210e+00
  2.86500000e+00   2.35401234e+00
  2.87000000e+00   2.36052900e+00
  2.87500000e+00   2.35297286e+00
  2.88000000e+00   2.36120034e+00
  2.88500000e+00   2.36589621e+00
  2.89000000e+00   2.37236643e+00
  2.89500000e+00   2.38063756e+00
  2.90000000e+00   2.38712776e+00
  2.90500000e+00   2.39725005e+00
  2.91000000e+00   2.40194663e+00
  2.91500000e+00   2.40479871e+00
  2.92000000e+00   2.40761927e+00
  2.92500000e+00   2.40855802e+00
  2.93000000e+00   2.41688253e+00
  2.93500000e+00   2.41775632e+00
  2.94000000e+00   2.42233399e+00
  2.94500000e+00   2.42500982e+00
  2.95000000e+00   2.42765186e+00
  2.95500000e+00   2.42263534e+00
  2.96000000e+00   2.42517044e+00
  2.96500000e+00   2.43152071e+00
  2.97000000e+00   2.43013457e+00
  2.97500000e+00   2.43839625e+00
  2.98000000e+00   2.44081714e+00
  2.98500000e+00   2.45105724e+00
  2.99000000e+00   2.45541730e+00
  2.99500000e+00   2.45579232e+00
  3.00000000e+00   2.46009690e+00
  3.00500000e+00   2.46638669e+00
  3.01000000e+00   2.46462356e+00
  3.01500000e+00   2.47087573e+00
  3.02000000e+00   2.46492620e+00
  3.02500000e+00   2.47316296e+00
  3.03000000e+00   2.46293306e+00
  3.03500000e+00   2.46286116e+00
  3.04000000e+00   2.46895122e+00
  3.04500000e+00   2.47712573e+00
  3.05000000e+00   2.47065142e+00
  3.05500000e+00   2.47247455e+00
  3.06000000e+00   2.47637070e+00
  3.06500000e+00   2.48237114e+00
  3.07000000e+00   2.48836967e+00
  3.07500000e+00   2.48792073e+00
  3.08000000e+00   2.49604193e+00
  3.08500000e+00   2.50201213e+00
  3.09000000e+00   2.50579878e+00
  3.09500000e+00   2.50736900e+00
  3.10000000e+00   2.51109498e+00
  3.10500000e+00   2.51036809e+00
  3.11000000e+00   2.51624554e+00
  3.11500000e+00   2.51764716e+00
  3.12000000e+00   2.52124699e+00
  3.12500000e+00   2.52256155e+00
  3.13000000e+00   2.51474770e+00
  3.13500000e+00   2.51819754e+00
  3.14000000e+00   2.51932662e+00
  3.14500000e+00   2.51810020e+00
  3.15000000e+00   2.51911389e+00
  3.15500000e+00   2.52705558e+00
  3.16000000e+00   2.51630512e+00
  3.16500000e+00   2.52418611e+00
  3.17000000e+00   2.52499696e+00
  3.17500000e+00   2.53524811e+00
  3.18000000e+00   2.54315296e+00
  3.18500000e+00   2.55586872e+00
  3.19000000e+00   2.55660000e+00
  3.19500000e+00   2.56696134e+00
  3.20000000e+00   2.56762730e+00
  3.20500000e+00   2.57312762e+00
  3.21000000e+00   2.57861875e+00
  3.21500000e+00   2.58410046e+00
  3.22000000e+00   2.58957253e+00
  3.22500000e+00   2.59752994e+00
  3.23000000e+00   2.59547138e+00
  3.23500000e+00   2.59836778e+00
  3.24000000e+00   2.60376109e+00
  3.24500000e+00   2.60405237e+00
  3.25000000e+00   2.59404853e+00
  3.25500000e+00   2.60444775e+00
  3.26000000e+00   2.60713447e+00
  3.26500000e+00   2.61497654e+00
  3.27000000e+00   2.61761229e+00
  3.27500000e+00   2.62283186e+00
  3.28000000e+00   2.62803818e+00
  3.28500000e+00   2.62263449e+00
  3.29000000e+00   2.62509818e+00
  3.29500000e+00   2.61949389e+00
  3.30000000e+00   2.62183511e+00
  3.30500000e+00   2.62953927e+00
  3.31000000e+00   2.63725493e+00
  3.31500000e+00   2.64498200e+00
  3.32000000e+00   2.64997717e+00
  3.32500000e+00   2.65495617e+00
  3.33000000e+00   2.65991870e+00
  3.33500000e+00   2.65929528e+00
  3.34000000e+00   2.65580061e+00
  3.34500000e+00   2.66064206e+00
  3.35000000e+00   2.66829210e+00
  3.35500000e+00   2.67879285e+00
  3.36000000e+00   2.68076715e+00
  3.36500000e+00   2.68843260e+00
  3.37000000e+00   2.67880646e+00
  3.37500000e+00   2.67481276e+00
  3.38000000e+00   2.68527438e+00
  3.38500000e+00   2.68406572e+00
  3.39000000e+00   2.68571948e+00
  3.39500000e+00   2.68732267e+00
  3.40000000e+00   2.69481702e+00
  3.40500000e+00   2.69933314e+00
  3.41000000e+00   2.70082613e+00
  3.41500000e+00   2.71131434e+00
  3.42000000e+00   2.71274691e+00
  3.42500000e+00   2.71412601e+00
  3.43000000e+00   2.71238970e+00
  3.43500000e+00   2.71364487e+00
  3.44000000e+00   2.71484478e+00
  3.44500000e+00   2.71909639e+00
  3.45000000e+00   2.72332264e+00
  3.45500000e+00   2.73066187e+00
  3.46000000e+00   2.73485203e+00
  3.46500000e+00   2.74535613e+00
  3.47000000e+00   2.74952489e+00
  3.47500000e+00   2.75686863e+00
  3.48000000e+00   2.76421708e+00
  3.48500000e+00   2.76833605e+00
  3.49000000e+00   2.76592670e+00
  3.49500000e+00   2.77322341e+00
  3.50000000e+00   2.77395837e+00
  3.50500000e+00   2.78122975e+00
  3.51000000e+00   2.78187309e+00
  3.51500000e+00   2.78245334e+00
  3.52000000e+00   2.78631878e+00
  3.52500000e+00   2.78342195e+00
  3.53000000e+00   2.78719152e+00
  3.53500000e+00   2.78752977e+00
  3.54000000e+00   2.79805100e+00
  3.54500000e+00   2.79487372e+00
  3.55000000e+00   2.79504540e+00
  3.55500000e+00   2.79861684e+00
  3.56000000e+00   2.80563939e+00
  3.56500000e+00   2.79865144e+00
  3.57000000e+00   2.80912449e+00
  3.57500000e+00   2.81255669e+00
  3.58000000e+00   2.81595298e+00
  3.58500000e+00   2.81931293e+00
  3.59000000e+00   2.82263607e+00
  3.59500000e+00   2.82231287e+00
  3.60000000e+00   2.82554301e+00
  3.60500000e+00   2.82873489e+00
  3.61000000e+00   2.82089755e+00
  3.61500000e+00   2.81291111e+00
  3.62000000e+00   2.80477429e+00
  3.62500000e+00   2.79648577e+00
  3.63000000e+00   2.80673088e+00
  3.63500000e+00   2.80949650e+00
  3.64000000e+00   2.81221960e+00
  3.64500000e+00   2.82248704e+00
  3.65000000e+00   2.82516157e+00
  3.65500000e+00   2.82396059e+00
  3.66000000e+00   2.82267697e+00
  3.66500000e+00   2.83292025e+00
  3.67000000e+00   2.82374809e+00
  3.67500000e+00   2.83395792e+00
  3.68000000e+00   2.82455700e+00
  3.68500000e+00   2.83473169e+00
  3.69000000e+00   2.82509834e+00
  3.69500000e+00   2.82327314e+00
  3.70000000e+00   2.82536666e+00
  3.70500000e+00   2.83949350e+00
  3.71000000e+00   2.84154760e+00
  3.71500000e+00   2.84761928e+00
  3.72000000e+00   2.84550391e+00
  3.72500000e+00   2.84740500e+00
  3.73000000e+00   2.84512461e+00
  3.73500000e+00   2.85105023e+00
  3.74000000e+00   2.84862248e+00
  3.74500000e+00   2.85448239e+00
  3.75000000e+00   2.86454224e+00
  3.75500000e+00   2.87039770e+00
  3.76000000e+00   2.87198531e+00
  3.76500000e+00   2.88206917e+00
  3.77000000e+00   2.87499228e+00
  3.77500000e+00   2.87641043e+00
  3.78000000e+00   2.88211143e+00
  3.78500000e+00   2.88343529e+00
  3.79000000e+00   2.88908438e+00
  3.79500000e+00   2.88149998e+00
  3.80000000e+00   2.88705150e+00
  3.80500000e+00   2.88813636e+00
  3.81000000e+00   2.88915989e+00
  3.81500000e+00   2.89012145e+00
  3.82000000e+00   2.89553762e+00
  3.82500000e+00   2.89639589e+00
  3.83000000e+00   2.90175286e+00
  3.83500000e+00   2.89333504e+00
  3.84000000e+00   2.89858523e+00
  3.84500000e+00   2.89918430e+00
  3.85000000e+00   2.89506246e+00
  3.85500000e+00   2.90018234e+00
  3.86000000e+00   2.90528105e+00
  3.86500000e+00   2.91035824e+00
  3.87000000e+00   2.92016180e+00
  3.87500000e+00   2.91567472e+00
  3.88000000e+00   2.91586560e+00
  3.88500000e+00   2.92562512e+00
  3.89000000e+00   2.92087760e+00
  3.89500000e+00   2.93061386e+00
  3.90000000e+00   2.92569705e+00
  3.90500000e+00   2.91082394e+00
  3.91000000e+00   2.92043655e+00
  3.91500000e+00   2.93007250e+00
  3.92000000e+00   2.93474075e+00
  3.92500000e+00   2.93938244e+00
  3.93000000e+00   2.94399717e+00
  3.93500000e+00   2.95365086e+00
  3.94000000e+00   2.95314423e+00
  3.94500000e+00   2.96790995e+00
  3.95000000e+00   2.97760683e+00
  3.95500000e+00   2.97698971e+00
  3.96000000e+00   2.98148620e+00
  3.96500000e+00   2.99639363e+00
  3.97000000e+00   3.00088300e+00
  3.97500000e+00   3.01061489e+00
  3.98000000e+00   3.00447239e+00
  3.98500000e+00   3.00884397e+00
  3.99000000e+00   3.00783215e+00
  3.99500000e+00   3.00673499e+00
  4.00000000e+00   3.01095733e+00
  4.00500000e+00   3.02057942e+00
  4.01000000e+00   3.01930273e+00
  4.01500000e+00   3.02342493e+00
  4.02000000e+00   3.03854205e+00
  4.02500000e+00   3.03156609e+00
  4.03000000e+00   3.03558416e+00
  4.03500000e+00   3.04516435e+00
  4.04000000e+00   3.04351302e+00
  4.04500000e+00   3.04176905e+00
  4.05000000e+00   3.03424944e+00
  4.05500000e+00   3.04942068e+00
  4.06000000e+00   3.05892871e+00
  4.06500000e+00   3.07422335e+00
  4.07000000e+00   3.08959447e+00
  4.07500000e+00   3.08756565e+00
  4.08000000e+00   3.09714876e+00
  4.08500000e+00   3.11263450e+00
  4.09000000e+00   3.12228426e+00
  4.09500000e+00   3.12600971e+00
  4.10000000e+00   3.13566706e+00
  4.10500000e+00   3.13934027e+00
  4.11000000e+00   3.13693924e+00
  4.11500000e+00   3.14049846e+00
  4.12000000e+00   3.14401485e+00
  4.12500000e+00   3.15973493e+00
  4.13000000e+00   3.16937947e+00
  4.13500000e+00   3.17285655e+00
  4.14000000e+00   3.18250501e+00
  4.14500000e+00   3.18592371e+00
  4.15000000e+00   3.19557519e+00
  4.15500000e+00   3.19262446e+00
  4.16000000e+00   3.18322325e+00
  4.16500000e+00   3.18639379e+00
  4.17000000e+00   3.18951646e+00
  4.17500000e+00   3.18615402e+00
  4.18000000e+00   3.16327164e+00
  4.18500000e+00   3.17258679e+00
  4.19000000e+00   3.18191602e+00
  4.19500000e+00   3.18469285e+00
  4.20000000e+00   3.18081868e+00
  4.20500000e+00   3.19009057e+00
  4.21000000e+00   3.19937566e+00
  4.21500000e+00   3.19527646e+00
  4.22000000e+00   3.19778847e+00
  4.22500000e+00   3.20701156e+00
  4.23000000e+00   3.21624695e+00
  4.23500000e+00   3.22549451e+00
  4.24000000e+00   3.23475413e+00
  4.24500000e+00   3.24402572e+00
  4.25000000e+00   3.25330916e+00
  4.25500000e+00   3.25563295e+00
  4.26000000e+00   3.25789865e+00
  4.26500000e+00   3.26010561e+00
  4.27000000e+00   3.26225320e+00
  4.27500000e+00   3.25011705e+00
  4.28000000e+00   3.25922022e+00
  4.28500000e+00   3.26115002e+00
  4.29000000e+00   3.26301764e+00
  4.29500000e+00   3.25756725e+00
  4.30000000e+00   3.24468934e+00
  4.30500000e+00   3.24625700e+00
  4.31000000e+00   3.26248828e+00
  4.31500000e+00   3.25659665e+00
  4.32000000e+00   3.25800291e+00
  4.32500000e+00   3.25934182e+00
  4.33000000e+00   3.27563853e+00
  4.33500000e+00   3.26936523e+00
  4.34000000e+00   3.27812380e+00
  4.34500000e+00   3.28688823e+00
  4.35000000e+00   3.28032971e+00
  4.35500000e+00   3.28132607e+00
  4.36000000e+00   3.27450923e+00
  4.36500000e+00   3.26754219e+00
  4.37000000e+00   3.26824238e+00
  4.37500000e+00   3.25315217e+00
  4.38000000e+00   3.26152078e+00
  4.38500000e+00   3.27782839e+00
  4.39000000e+00   3.28624122e+00
  4.39500000e+00   3.30267242e+00
  4.40000000e+00   3.30307323e+00
  4.40500000e+00   3.30339548e+00
  4.41000000e+00   3.30363838e+00
  4.41500000e+00   3.29562339e+00
  4.42000000e+00   3.30388290e+00
  4.42500000e+00   3.31214260e+00
  4.43000000e+00   3.31210131e+00
  4.43500000e+00   3.32031930e+00
  4.44000000e+00   3.32853668e+00
  4.44500000e+00   3.33675321e+00
  4.45000000e+00   3.35343698e+00
  4.45500000e+00   3.36169355e+00
  4.46000000e+00   3.36994885e+00
  4.46500000e+00   3.38679859e+00
  4.47000000e+00   3.39509367e+00
  4.47500000e+00   3.40338703e+00
  4.48000000e+00   3.40295292e+00
  4.48500000e+00   3.40242939e+00
  4.49000000e+00   3.41062854e+00
  4.49500000e+00   3.39225345e+00
  4.50000000e+00   3.37360934e+00
  4.50500000e+00   3.35469399e+00
  4.51000000e+00   3.35348630e+00
  4.51500000e+00   3.36121820e+00
  4.52000000e+00   3.36894358e+00
  4.52500000e+00   3.38578829e+00
  4.53000000e+00   3.38437375e+00
  4.53500000e+00   3.38286041e+00
  4.54000000e+00   3.39977471e+00
  4.54500000e+00   3.39815357e+00
  4.55000000e+00   3.40578777e+00
  4.55500000e+00   3.39460668e+00
  4.56000000e+00   3.40212936e+00
  4.56500000e+00   3.40964239e+00
  4.57000000e+00   3.41714551e+00
  4.57500000e+00   3.43423123e+00
  4.58000000e+00   3.43212081e+00
  4.58500000e+00   3.44928142e+00
  4.59000000e+00   3.42757807e+00
  4.59500000e+00   3.43492984e+00
  4.60000000e+00   3.45210449e+00
  4.60500000e+00   3.44959655e+00
  4.61000000e+00   3.44697723e+00
  4.61500000e+00   3.43426215e+00
  4.62000000e+00   3.43136699e+00
  4.62500000e+00   3.43844042e+00
  4.63000000e+00   3.45563262e+00
  4.63500000e+00   3.46272630e+00
  4.64000000e+00   3.48003993e+00
  4.64500000e+00   3.48715354e+00
  4.65000000e+00   3.50458931e+00
  4.65500000e+00   3.50133283e+00
  4.66000000e+00   3.48751452e+00
  4.66500000e+00   3.50495209e+00
  4.67000000e+00   3.51193051e+00
  4.67500000e+00   3.49769295e+00
  4.68000000e+00   3.48322522e+00
  4.68500000e+00   3.48993603e+00
  4.69000000e+00   3.48586800e+00
  4.69500000e+00   3.49248470e+00
  4.70000000e+00   3.49908041e+00
  4.70500000e+00   3.49473373e+00
  4.71000000e+00   3.50123175e+00
  4.71500000e+00   3.50770738e+00
  4.72000000e+00   3.49198888e+00
  4.72500000e+00   3.49830772e+00
  4.73000000e+00   3.50460244e+00
  4.73500000e+00   3.52212545e+00
  4.74000000e+00   3.51711796e+00
  4.74500000e+00   3.52333794e+00
  4.75000000e+00   3.52953220e+00
  4.75500000e+00   3.51274122e+00
  4.76000000e+00   3.53030493e+00
  4.76500000e+00   3.53636182e+00
  4.77000000e+00   3.51908582e+00
  4.77500000e+00   3.51325952e+00
  4.78000000e+00   3.53082582e+00
  4.78500000e+00   3.54847995e+00
  4.79000000e+00   3.56622235e+00
  4.79500000e+00   3.57210662e+00
  4.80000000e+00   3.56595399e+00
  4.80500000e+00   3.55965054e+00
  4.81000000e+00   3.55319490e+00
  4.81500000e+00   3.54658572e+00
  4.82000000e+00   3.52757309e+00
  4.82500000e+00   3.54521096e+00
  4.83000000e+00   3.51345177e+00
  4.83500000e+00   3.51858587e+00
  4.84000000e+00   3.53617880e+00
  4.84500000e+00   3.55385969e+00
  4.85000000e+00   3.57162899e+00
  4.85500000e+00   3.57680343e+00
  4.86000000e+00   3.56919321e+00
  4.86500000e+00   3.57422833e+00
  4.87000000e+00   3.57922456e+00
  4.87500000e+00   3.59712068e+00
  4.88000000e+00   3.60210231e+00
  4.88500000e+00   3.62011282e+00
  4.89000000e+00   3.58567600e+00
  4.89500000e+00   3.59040437e+00
  4.90000000e+00   3.59509037e+00
  4.90500000e+00   3.61306583e+00
  4.91000000e+00   3.60433314e+00
  4.91500000e+00   3.62235481e+00
  4.92000000e+00   3.59986658e+00
  4.92500000e+00   3.61786591e+00
  4.93000000e+00   3.63595524e+00
  4.93500000e+00   3.65413502e+00
  4.94000000e+00   3.67240569e+00
  4.94500000e+00   3.67689266e+00
  4.95000000e+00   3.65344379e+00
  4.95500000e+00   3.67171101e+00
  4.96000000e+00   3.66190110e+00
  4.96500000e+00   3.68021060e+00
  4.97000000e+00   3.65593537e+00
  4.97500000e+00   3.64562193e+00
  4.98000000e+00   3.66385004e+00
  4.98500000e+00   3.68216929e+00
  4.99000000e+00   3.70058014e+00
  4.99500000e+00   3.71908304e+00
  5.00000000e+00   3.69370577e+00
  5.00500000e+00   3.68271259e+00
