  0.00000000e+00   1.00000000e+00
  5.00000000e-03   1.00500000e+00
  1.00000000e-02   1.01002500e+00
  1.50000000e-02   1.01507513e+00
  2.00000000e-02   1.02015050e+00
  2.50000000e-02   1.02525125e+00
  3.00000000e-02   1.03037751e+00
  3.50000000e-02   1.03552940e+00
  4.00000000e-02   1.04070704e+00
  4.50000000e-02   1.04591058e+00
  5.00000000e-02   1.05114013e+00
  5.50000000e-02   1.05639583e+00
  6.00000000e-02   1.06167781e+00
  6.50000000e-02   1.06698620e+00
  7.00000000e-02   1.07232113e+00
  7.50000000e-02   1.07768274e+00
  8.00000000e-02   1.08307115e+00
  8.50000000e-02   1.08848651e+00
  9.00000000e-02   1.09392894e+00
  9.50000000e-02   1.09939858e+00
  1.00000000e-01   1.10489558e+00
  1.05000000e-01   1.11042006e+00
  1.10000000e-01   1.11597216e+00
  1.15000000e-01   1.12155202e+00
  1.20000000e-01   1.12715978e+00
  1.25000000e-01   1.13279558e+00
  1.30000000e-01   1.13845955e+00
  1.35000000e-01   1.14415185e+00
  1.40000000e-01   1.14987261e+00
  1.45000000e-01   1.15562197e+00
  1.50000000e-01   1.16140008e+00
  1.55000000e-01   1.16720708e+00
  1.60000000e-01   1.17304312e+00
  1.65000000e-01   1.17890833e+00
  1.70000000e-01   1.18480288e+00
  1.75000000e-01   1.19072689e+00
  1.80000000e-01   1.19668052e+00
  1.85000000e-01   1.20266393e+00
  1.90000000e-01   1.20867725e+00
  1.95000000e-01   1.21472063e+00
  2.00000000e-01   1.22079424e+00
  2.05000000e-01   1.22689821e+00
  2.10000000e-01   1.23303270e+00
  2.15000000e-01   1.23919786e+00
  2.20000000e-01   1.24539385e+00
  2.25000000e-01   1.25162082e+00
  2.30000000e-01   1.25787892e+00
  2.35000000e-01   1.26416832e+00
  2.40000000e-01   1.27048916e+00
  2.45000000e-01   1.27671392e+00
  2.50000000e-01   1.28309749e+00
  2.55000000e-01   1.28951298e+00
  2.60000000e-01   1.29583094e+00
  2.65000000e-01   1.30217983e+00
  2.70000000e-01   1.30855982e+00
  2.75000000e-01   1.31510262e+00
  2.80000000e-01   1.32167814e+00
  2.85000000e-01   1.32815365e+00
  2.90000000e-01   1.33452732e+00
  2.95000000e-01   1.34119996e+00
  3.00000000e-01   1.34777107e+00
  3.05000000e-01   1.35423881e+00
  3.10000000e-01   1.36060129e+00
  3.15000000e-01   1.36726738e+00
  3.20000000e-01   1.37410372e+00
  3.25000000e-01   1.38083594e+00
  3.30000000e-01   1.38732318e+00
  3.35000000e-01   1.39370108e+00
  3.40000000e-01   1.40038884e+00
  3.45000000e-01   1.40739078e+00
  3.50000000e-01   1.41414417e+00
  3.55000000e-01   1.42078741e+00
  3.60000000e-01   1.42789135e+00
  3.65000000e-01   1.43431120e+00
  3.70000000e-01   1.44090420e+00
  3.75000000e-01   1.44752727e+00
  3.80000000e-01   1.45388836e+00
  3.85000000e-01   1.46071734e+00
  3.90000000e-01   1.46743071e+00
  3.95000000e-01   1.47417470e+00
  4.00000000e-01   1.48139654e+00
  4.05000000e-01   1.48805462e+00
  4.10000000e-01   1.49474226e+00
  4.15000000e-01   1.50191341e+00
  4.20000000e-01   1.50866279e+00
  4.25000000e-01   1.51544212e+00
  4.30000000e-01   1.52240508e+00
  4.35000000e-01   1.52955412e+00
  4.40000000e-01   1.53658149e+00
  4.45000000e-01   1.54364089e+00
  4.50000000e-01   1.55088913e+00
  4.55000000e-01   1.55769895e+00
  4.60000000e-01   1.56485454e+00
  4.65000000e-01   1.57188372e+00
  4.70000000e-01   1.57878427e+00
  4.75000000e-01   1.58619636e+00
  4.80000000e-01   1.59299744e+00
  4.85000000e-01   1.60015132e+00
  4.90000000e-01   1.60733691e+00
  4.95000000e-01   1.61406282e+00
  5.00000000e-01   1.62147446e+00
  5.05000000e-01   1.62875439e+00
  5.10000000e-01   1.63590025e+00
  5.15000000e-01   1.64274256e+00
  5.20000000e-01   1.64944441e+00
  5.25000000e-01   1.65684750e+00
  5.30000000e-01   1.66411373e+00
  5.35000000e-01   1.67072912e+00
  5.40000000e-01   1.67805455e+00
  5.45000000e-01   1.68472255e+00
  5.50000000e-01   1.69089602e+00
  5.55000000e-01   1.69778492e+00
  5.60000000e-01   1.70505009e+00
  5.65000000e-01   1.71164267e+00
  5.70000000e-01   1.71861170e+00
  5.75000000e-01   1.72649492e+00
  5.80000000e-01   1.73334394e+00
  5.85000000e-01   1.74039752e+00
  5.90000000e-01   1.74801870e+00
  5.95000000e-01   1.75585362e+00
  6.00000000e-01   1.76244962e+00
  6.05000000e-01   1.77016477e+00
  6.10000000e-01   1.77772925e+00
  6.15000000e-01   1.78569448e+00
  6.20000000e-01   1.79388053e+00
  6.25000000e-01   1.80061153e+00
  6.30000000e-01   1.80736498e+00
  6.35000000e-01   1.81470617e+00
  6.40000000e-01   1.82226494e+00
  6.45000000e-01   1.83042480e+00
  6.50000000e-01   1.83766448e+00
  6.55000000e-01   1.84569960e+00
  6.60000000e-01   1.85203068e+00
  6.65000000e-01   1.85837893e+00
  6.70000000e-01   1.86532965e+00
  6.75000000e-01   1.87308771e+00
  6.80000000e-01   1.88146788e+00
  6.85000000e-01   1.88948895e+00
  6.90000000e-01   1.89774222e+00
  6.95000000e-01   1.90543071e+00
  7.00000000e-01   1.91334967e+00
  7.05000000e-01   1.92029004e+00
  7.10000000e-01   1.92725197e+00
  7.15000000e-01   1.93362336e+00
  7.20000000e-01   1.94165087e+00
  7.25000000e-01   1.94950422e+00
  7.30000000e-01   1.95759470e+00
  7.35000000e-01   1.96509284e+00
  7.40000000e-01   1.97240781e+00
  7.45000000e-01   1.98016732e+00
  7.50000000e-01   1.98689858e+00
  7.55000000e-01   1.99428474e+00
  7.60000000e-01   2.00041455e+00
  7.65000000e-01   2.00870070e+00
  7.70000000e-01   2.01594189e+00
  7.75000000e-01   2.02363855e+00
  7.80000000e-01   2.03136178e+00
  7.85000000e-01   2.03998691e+00
  7.90000000e-01   2.04754797e+00
  7.95000000e-01   2.05358659e+00
  8.00000000e-01   2.06252186e+00
  8.05000000e-01   2.07082548e+00
  8.10000000e-01   2.07848755e+00
  8.15000000e-01   2.08549810e+00
  8.20000000e-01   2.09184704e+00
  8.25000000e-01   2.09889048e+00
  8.30000000e-01   2.10595206e+00
  8.35000000e-01   2.11303178e+00
  8.40000000e-01   2.12221003e+00
  8.45000000e-01   2.12887184e+00
  8.50000000e-01   2.13601415e+00
  8.55000000e-01   2.14481713e+00
  8.60000000e-01   2.15176825e+00
  8.65000000e-01   2.15968322e+00
  8.70000000e-01   2.16595633e+00
  8.75000000e-01   2.17487119e+00
  8.80000000e-01   2.18285880e+00
  8.85000000e-01   2.19111368e+00
  8.90000000e-01   2.19988249e+00
  8.95000000e-01   2.20673070e+00
  9.00000000e-01   2.21432862e+00
  9.05000000e-01   2.22170072e+00
  9.10000000e-01   2.22983479e+00
  9.15000000e-01   2.23799465e+00
  9.20000000e-01   2.24593002e+00
  9.25000000e-01   2.25489521e+00
  9.30000000e-01   2.26262959e+00
  9.35000000e-01   2.27063906e+00
  9.40000000e-01   2.27943827e+00
  9.45000000e-01   2.28878205e+00
  9.50000000e-01   2.29738840e+00
  9.55000000e-01   2.30446811e+00
  9.60000000e-01   2.31260335e+00
  9.65000000e-01   2.31892940e+00
  9.70000000e-01   2.32815563e+00
  9.75000000e-01   2.33662273e+00
  9.80000000e-01   2.34431890e+00
  9.85000000e-01   2.35363637e+00
  9.90000000e-01   2.36137765e+00
  9.95000000e-01   2.36994691e+00
  1.00000000e+00   2.37881397e+00
  1.00500000e+00   2.38880049e+00
  1.01000000e+00   2.39608870e+00
  1.01500000e+00   2.40531675e+00
  1.02000000e+00   2.41568364e+00
  1.02500000e+00   2.42387008e+00
  1.03000000e+00   2.43291616e+00
  1.03500000e+00   2.44395759e+00
  1.04000000e+00   2.45081578e+00
  1.04500000e+00   2.46023386e+00
  1.05000000e+00   2.47025488e+00
  1.05500000e+00   2.47859594e+00
  1.06000000e+00   2.48839804e+00
  1.06500000e+00   2.49621099e+00
  1.07000000e+00   2.50462138e+00
  1.07500000e+00   2.51480676e+00
  1.08000000e+00   2.52356300e+00
  1.08500000e+00   2.53293422e+00
  1.09000000e+00   2.54322593e+00
  1.09500000e+00   2.55147050e+00
  1.10000000e+00   2.55973394e+00
  1.10500000e+00   2.56982277e+00
  1.11000000e+00   2.57843552e+00
  1.11500000e+00   2.58737426e+00
  1.12000000e+00   2.59633792e+00
  1.12500000e+00   2.60379074e+00
  1.13000000e+00   2.61279666e+00
  1.13500000e+00   2.62368897e+00
  1.14000000e+00   2.63368951e+00
  1.14500000e+00   2.64153103e+00
  1.15000000e+00   2.64970004e+00
  1.15500000e+00   2.65756820e+00
  1.16000000e+00   2.66735724e+00
  1.16500000e+00   2.67813673e+00
  1.17000000e+00   2.68767227e+00
  1.17500000e+00   2.69562189e+00
  1.18000000e+00   2.70585518e+00
  1.18500000e+00   2.71579730e+00
  1.19000000e+00   2.72446027e+00
  1.19500000e+00   2.73215384e+00
  1.20000000e+00   2.74151135e+00
  1.20500000e+00   2.74989609e+00
  1.21000000e+00   2.76264256e+00
  1.21500000e+00   2.77242364e+00
  1.22000000e+00   2.78324655e+00
  1.22500000e+00   2.79173271e+00
  1.23000000e+00   2.80193954e+00
  1.23500000e+00   2.81046474e+00
  1.24000000e+00   2.82003862e+00
  1.24500000e+00   2.82963798e+00
  1.25000000e+00   2.84135053e+00
  1.25500000e+00   2.85101133e+00
  1.26000000e+00   2.86175202e+00
  1.26500000e+00   2.87111606e+00
  1.27000000e+00   2.88050219e+00
  1.27500000e+00   2.88812674e+00
  1.28000000e+00   2.89647256e+00
  1.28500000e+00   2.90771212e+00
  1.29000000e+00   2.91754321e+00
  1.29500000e+00   2.92849169e+00
  1.30000000e+00   2.93874523e+00
  1.30500000e+00   2.94866053e+00
  1.31000000e+00   2.95786269e+00
  1.31500000e+00   2.96782566e+00
  1.32000000e+00   2.97818744e+00
  1.32500000e+00   2.98895361e+00
  1.33000000e+00   3.00050670e+00
  1.33500000e+00   3.01058564e+00
  1.34000000e+00   3.02259352e+00
  1.34500000e+00   3.02967326e+00
  1.35000000e+00   3.04097716e+00
  1.35500000e+00   3.05309109e+00
  1.36000000e+00   3.06369693e+00
  1.36500000e+00   3.07355201e+00
  1.37000000e+00   3.08342906e+00
  1.37500000e+00   3.09529881e+00
  1.38000000e+00   3.10641792e+00
  1.38500000e+00   3.11677463e+00
  1.39000000e+00   3.12675714e+00
  1.39500000e+00   3.13635947e+00
  1.40000000e+00   3.14961662e+00
  1.40500000e+00   3.16049116e+00
  1.41000000e+00   3.16935491e+00
  1.41500000e+00   3.18027929e+00
  1.42000000e+00   3.19329493e+00
  1.42500000e+00   3.20801847e+00
  1.43000000e+00   3.21698004e+00
  1.43500000e+00   3.22888028e+00
  1.44000000e+00   3.24081911e+00
  1.44500000e+00   3.25152861e+00
  1.45000000e+00   3.26353852e+00
  1.45500000e+00   3.27387964e+00
  1.46000000e+00   3.28724581e+00
  1.46500000e+00   3.29721438e+00
  1.47000000e+00   3.30633378e+00
  1.47500000e+00   3.31807495e+00
  1.48000000e+00   3.32897552e+00
  1.48500000e+00   3.34122173e+00
  1.49000000e+00   3.35129686e+00
  1.49500000e+00   3.35916784e+00
  1.50000000e+00   3.37060571e+00
  1.50500000e+00   3.38431763e+00
  1.51000000e+00   3.39943533e+00
  1.51500000e+00   3.41008731e+00
  1.52000000e+00   3.42121633e+00
  1.52500000e+00   3.43282915e+00
  1.53000000e+00   3.44677287e+00
  1.53500000e+00   3.45938313e+00
  1.54000000e+00   3.46924528e+00
  1.54500000e+00   3.48098756e+00
  1.55000000e+00   3.49510718e+00
  1.55500000e+00   3.50692259e+00
  1.56000000e+00   3.52066491e+00
  1.56500000e+00   3.53493339e+00
  1.57000000e+00   3.54638381e+00
  1.57500000e+00   3.55689800e+00
  1.58000000e+00   3.57081379e+00
  1.58500000e+00   3.58040576e+00
  1.59000000e+00   3.59195812e+00
  1.59500000e+00   3.60402737e+00
  1.60000000e+00   3.61316752e+00
  1.60500000e+00   3.62726697e+00
  1.61000000e+00   3.64141707e+00
  1.61500000e+00   3.65411569e+00
  1.62000000e+00   3.66685027e+00
  1.62500000e+00   3.67506872e+00
  1.63000000e+00   3.68276937e+00
  1.63500000e+00   3.69607461e+00
  1.64000000e+00   3.70685377e+00
  1.64500000e+00   3.71971224e+00
  1.65000000e+00   3.73416230e+00
  1.65500000e+00   3.74449465e+00
  1.66000000e+00   3.75797952e+00
  1.66500000e+00   3.77150562e+00
  1.67000000e+00   3.78666008e+00
  1.67500000e+00   3.80080847e+00
  1.68000000e+00   3.81072917e+00
  1.68500000e+00   3.82226502e+00
  1.69000000e+00   3.83705898e+00
  1.69500000e+00   3.84919347e+00
  1.70000000e+00   3.85699274e+00
  1.70500000e+00   3.87025183e+00
  1.71000000e+00   3.88189546e+00
  1.71500000e+00   3.89521866e+00
  1.72000000e+00   3.91080230e+00
  1.72500000e+00   3.92365017e+00
  1.73000000e+00   3.93484383e+00
  1.73500000e+00   3.94774468e+00
  1.74000000e+00   3.96237798e+00
  1.74500000e+00   3.97306818e+00
  1.75000000e+00   3.98720395e+00
  1.75500000e+00   4.00023012e+00
  1.76000000e+00   4.01560167e+00
  1.76500000e+00   4.02753736e+00
  1.77000000e+00   4.04066103e+00
  1.77500000e+00   4.05264039e+00
  1.78000000e+00   4.06404817e+00
  1.78500000e+00   4.07546871e+00
  1.79000000e+00   4.09107582e+00
  1.79500000e+00   4.10074450e+00
  1.80000000e+00   4.11161210e+00
  1.80500000e+00   4.12732801e+00
  1.81000000e+00   4.14248999e+00
  1.81500000e+00   4.15892308e+00
  1.82000000e+00   4.17541695e+00
  1.82500000e+00   4.18950191e+00
  1.83000000e+00   4.20424390e+00
  1.83500000e+00   4.21466298e+00
  1.84000000e+00   4.23134887e+00
  1.84500000e+00   4.24305701e+00
  1.85000000e+00   4.25540949e+00
  1.85500000e+00   4.26841565e+00
  1.86000000e+00   4.28272429e+00
  1.86500000e+00   4.29771191e+00
  1.87000000e+00   4.31597140e+00
  1.87500000e+00   4.33106083e+00
  1.88000000e+00   4.34619326e+00
  1.88500000e+00   4.35940208e+00
  1.89000000e+00   4.36868138e+00
  1.89500000e+00   4.38390358e+00
  1.90000000e+00   4.39783792e+00
  1.90500000e+00   4.40912697e+00
  1.91000000e+00   4.42377947e+00
  1.91500000e+00   4.43779281e+00
  1.92000000e+00   4.44979917e+00
  1.92500000e+00   4.47000146e+00
  1.93000000e+00   4.48892324e+00
  1.93500000e+00   4.50309897e+00
  1.94000000e+00   4.52145934e+00
  1.94500000e+00   4.53919477e+00
  1.95000000e+00   4.55559558e+00
  1.95500000e+00   4.56993805e+00
  1.96000000e+00   4.58289710e+00
  1.96500000e+00   4.59871153e+00
  1.97000000e+00   4.61385596e+00
  1.97500000e+00   4.62760263e+00
  1.98000000e+00   4.64425425e+00
  1.98500000e+00   4.66023239e+00
  1.99000000e+00   4.67334246e+00
  1.99500000e+00   4.68719870e+00
  2.00000000e+00   4.70254714e+00
  2.00500000e+00   4.71571515e+00
  2.01000000e+00   4.72963989e+00
  2.01500000e+00   4.74955651e+00
  2.02000000e+00   4.76355367e+00
  2.02500000e+00   4.78058725e+00
  2.03000000e+00   4.79388425e+00
  2.03500000e+00   4.80947877e+00
  2.04000000e+00   4.82663971e+00
  2.04500000e+00   4.84462101e+00
  2.05000000e+00   4.85957012e+00
  2.05500000e+00   4.87532431e+00
  2.06000000e+00   4.89345629e+00
  2.06500000e+00   4.90772529e+00
  2.07000000e+00   4.92359146e+00
  2.07500000e+00   4.93632421e+00
  2.08000000e+00   4.95145012e+00
  2.08500000e+00   4.97300621e+00
  2.09000000e+00   4.99304549e+00
  2.09500000e+00   5.01639409e+00
  2.10000000e+00   5.02604131e+00
  2.10500000e+00   5.03810884e+00
  2.11000000e+00   5.05427390e+00
  2.11500000e+00   5.06882545e+00
  2.12000000e+00   5.08753978e+00
  2.12500000e+00   5.10381593e+00
  2.13000000e+00   5.12012765e+00
  2.13500000e+00   5.13731611e+00
  2.14000000e+00   5.15454846e+00
  2.14500000e+00   5.16502749e+00
  2.15000000e+00   5.18060583e+00
  2.15500000e+00   5.19878535e+00
  2.16000000e+00   5.21529222e+00
  2.16500000e+00   5.23096742e+00
  2.17000000e+00   5.24841120e+00
  2.17500000e+00   5.26852503e+00
  2.18000000e+00   5.28694911e+00
  2.18500000e+00   5.29835181e+00
  2.19000000e+00   5.31773430e+00
  2.19500000e+00   5.33539195e+00
  2.20000000e+00   5.35040053e+00
  2.20500000e+00   5.36632787e+00
  2.21000000e+00   5.38681355e+00
  2.21500000e+00   5.40372553e+00
  2.22000000e+00   5.41975631e+00
  2.22500000e+00   5.43673254e+00
  2.23000000e+00   5.45651753e+00
  2.23500000e+00   5.47543500e+00
  2.24000000e+00   5.49533934e+00
  2.24500000e+00   5.51906093e+00
  2.25000000e+00   5.54288236e+00
  2.25500000e+00   5.56111490e+00
  2.26000000e+00   5.57748535e+00
  2.26500000e+00   5.59962662e+00
  2.27000000e+00   5.61607499e+00
  2.27500000e+00   5.63641702e+00
  2.28000000e+00   5.65876632e+00
  2.28500000e+00   5.67826724e+00
  2.29000000e+00   5.70076733e+00
  2.29500000e+00   5.72039010e+00
  2.30000000e+00   5.73907487e+00
  2.30500000e+00   5.75680680e+00
  2.31000000e+00   5.77857921e+00
  2.31500000e+00   5.79639875e+00
  2.32000000e+00   5.81324031e+00
  2.32500000e+00   5.83112215e+00
  2.33000000e+00   5.84392825e+00
  2.33500000e+00   5.85466272e+00
  2.34000000e+00   5.87774351e+00
  2.34500000e+00   5.89675974e+00
  2.35000000e+00   5.91790405e+00
  2.35500000e+00   5.94330299e+00
  2.36000000e+00   5.96564930e+00
  2.36500000e+00   5.98489605e+00
  2.37000000e+00   6.00312268e+00
  2.37500000e+00   6.01924444e+00
  2.38000000e+00   6.04397016e+00
  2.38500000e+00   6.07203106e+00
  2.39000000e+00   6.08720304e+00
  2.39500000e+00   6.10346524e+00
  2.40000000e+00   6.12631235e+00
  2.40500000e+00   6.14262800e+00
  2.41000000e+00   6.16559402e+00
  2.41500000e+00   6.18641162e+00
  2.42000000e+00   6.20616543e+00
  2.42500000e+00   6.22483870e+00
  2.43000000e+00   6.24693064e+00
  2.43500000e+00   6.27022256e+00
  2.44000000e+00   6.28560877e+00
  2.44500000e+00   6.30557630e+00
  2.45000000e+00   6.32328280e+00
  2.45500000e+00   6.35026905e+00
  2.46000000e+00   6.37620375e+00
  2.46500000e+00   6.39756246e+00
  2.47000000e+00   6.42015035e+00
  2.47500000e+00   6.43926157e+00
  2.48000000e+00   6.45602987e+00
  2.48500000e+00   6.47876838e+00
  2.49000000e+00   6.50157289e+00
  2.49500000e+00   6.52203414e+00
  2.50000000e+00   6.54374815e+00
  2.50500000e+00   6.56551626e+00
  2.51000000e+00   6.58856127e+00
  2.51500000e+00   6.60798578e+00
  2.52000000e+00   6.62990999e+00
  2.52500000e+00   6.64444071e+00
  2.53000000e+00   6.67142560e+00
  2.53500000e+00   6.69726054e+00
  2.54000000e+00   6.72192707e+00
  2.54500000e+00   6.74920537e+00
  2.55000000e+00   6.76768021e+00
  2.55500000e+00   6.78745003e+00
  2.56000000e+00   6.81110443e+00
  2.56500000e+00   6.83740925e+00
  2.57000000e+00   6.85731563e+00
  2.57500000e+00   6.88246907e+00
  2.58000000e+00   6.90376885e+00
  2.58500000e+00   6.92510956e+00
  2.59000000e+00   6.95311309e+00
  2.59500000e+00   6.96791329e+00
  2.60000000e+00   6.99205142e+00
  2.60500000e+00   7.01491237e+00
  2.61000000e+00   7.03647603e+00
  2.61500000e+00   7.05807996e+00
  2.62000000e+00   7.08654718e+00
  2.62500000e+00   7.11237971e+00
  2.63000000e+00   7.13553678e+00
  2.63500000e+00   7.15182157e+00
  2.64000000e+00   7.17505148e+00
  2.64500000e+00   7.20113309e+00
  2.65000000e+00   7.22448396e+00
  2.65500000e+00   7.24647518e+00
  2.66000000e+00   7.26566534e+00
  2.66500000e+00   7.28486624e+00
  2.67000000e+00   7.30694635e+00
  2.67500000e+00   7.32906514e+00
  2.68000000e+00   7.35556885e+00
  2.68500000e+00   7.37196205e+00
  2.69000000e+00   7.39711524e+00
  2.69500000e+00   7.42086503e+00
  2.70000000e+00   7.44762338e+00
  2.70500000e+00   7.47891996e+00
  2.71000000e+00   7.50735768e+00
  2.71500000e+00   7.52839141e+00
  2.72000000e+00   7.54794003e+00
  2.72500000e+00   7.57355719e+00
  2.73000000e+00   7.60228761e+00
  2.73500000e+00   7.62499396e+00
  2.74000000e+00   7.64619916e+00
  2.74500000e+00   7.66742578e+00
  2.75000000e+00   7.68245919e+00
  2.75500000e+00   7.70681935e+00
  2.76000000e+00   7.72809273e+00
  2.76500000e+00   7.75096317e+00
  2.77000000e+00   7.77703890e+00
  2.77500000e+00   7.80318160e+00
  2.78000000e+00   7.82939131e+00
  2.78500000e+00   7.86049437e+00
  2.79000000e+00   7.89009590e+00
  2.79500000e+00   7.90679769e+00
  2.80000000e+00   7.92836833e+00
  2.80500000e+00   7.96308658e+00
  2.81000000e+00   7.98640798e+00
  2.81500000e+00   8.00644823e+00
  2.82000000e+00   8.02815515e+00
  2.82500000e+00   8.05155325e+00
  2.83000000e+00   8.07330199e+00
  2.83500000e+00   8.09675797e+00
  2.84000000e+00   8.12364570e+00
  2.84500000e+00   8.15230790e+00
  2.85000000e+00   8.17933708e+00
  2.85500000e+00   8.19953223e+00
  2.86000000e+00   8.22665986e+00
  2.86500000e+00   8.25733863e+00
  2.87000000e+00   8.28461625e+00
  2.87500000e+00   8.30844043e+00
  2.88000000e+00   8.33937050e+00
  2.88500000e+00   8.34551669e+00
  2.89000000e+00   8.36580723e+00
  2.89500000e+00   8.39327344e+00
  2.90000000e+00   8.42080518e+00
  2.90500000e+00   8.45202910e+00
  2.91000000e+00   8.47606506e+00
  2.91500000e+00   8.50562468e+00
  2.92000000e+00   8.52790524e+00
  2.92500000e+00   8.55759553e+00
  2.93000000e+00   8.57621468e+00
  2.93500000e+00   8.60414827e+00
  2.94000000e+00   8.62839123e+00
  2.94500000e+00   8.65832301e+00
  2.95000000e+00   8.68264860e+00
  2.95500000e+00   8.71843750e+00
  2.96000000e+00   8.75245160e+00
  2.96500000e+00   8.77696191e+00
  2.97000000e+00   8.81504226e+00
  2.97500000e+00   8.84356152e+00
  2.98000000e+00   8.86432872e+00
  2.98500000e+00   8.89686643e+00
  2.99000000e+00   8.93740315e+00
  2.99500000e+00   8.96820442e+00
  3.00000000e+00   9.00307747e+00
  3.00500000e+00   9.02405009e+00
  3.01000000e+00   9.05306169e+00
  3.01500000e+00   9.08213781e+00
  3.02000000e+00   9.09907575e+00
  3.02500000e+00   9.11799996e+00
  3.03000000e+00   9.14510256e+00
  3.03500000e+00   9.17637708e+00
  3.04000000e+00   9.21188522e+00
  3.04500000e+00   9.24334879e+00
  3.05000000e+00   9.26232340e+00
  3.05500000e+00   9.29599887e+00
  3.06000000e+00   9.32342985e+00
  3.06500000e+00   9.34664848e+00
  3.07000000e+00   9.37414175e+00
  3.07500000e+00   9.40382475e+00
  3.08000000e+00   9.43572943e+00
  3.08500000e+00   9.47205807e+00
  3.09000000e+00   9.49760984e+00
  3.09500000e+00   9.52318033e+00
  3.10000000e+00   9.55097180e+00
  3.10500000e+00   9.58987174e+00
  3.11000000e+00   9.62447232e+00
  3.11500000e+00   9.65694323e+00
  3.12000000e+00   9.69174534e+00
  3.12500000e+00   9.72665405e+00
  3.13000000e+00   9.75713030e+00
  3.13500000e+00   9.80135400e+00
  3.14000000e+00   9.82055982e+00
  3.14500000e+00   9.85814340e+00
  3.15000000e+00   9.87733441e+00
  3.15500000e+00   9.91741333e+00
  3.16000000e+00   9.94127609e+00
  3.16500000e+00   9.97218034e+00
  3.17000000e+00   1.00031451e+01
  3.17500000e+00   1.00412917e+01
  3.18000000e+00   1.00771840e+01
  3.18500000e+00   1.01059912e+01
  3.19000000e+00   1.01300155e+01
  3.19500000e+00   1.01612922e+01
  3.20000000e+00   1.01828935e+01
  3.20500000e+00   1.02215782e+01
  3.21000000e+00   1.02431881e+01
  3.21500000e+00   1.02746404e+01
  3.22000000e+00   1.03036683e+01
  3.22500000e+00   1.03277391e+01
  3.23000000e+00   1.03693470e+01
  3.23500000e+00   1.04111128e+01
  3.24000000e+00   1.04479713e+01
  3.24500000e+00   1.04645741e+01
  3.25000000e+00   1.05015476e+01
  3.25500000e+00   1.05283450e+01
  3.26000000e+00   1.05551480e+01
  3.26500000e+00   1.05871493e+01
  3.27000000e+00   1.06192068e+01
  3.27500000e+00   1.06513202e+01
  3.28000000e+00   1.06887611e+01
  3.28500000e+00   1.07157137e+01
  3.29000000e+00   1.07426685e+01
  3.29500000e+00   1.07696250e+01
  3.30000000e+00   1.08100278e+01
  3.30500000e+00   1.08397554e+01
  3.31000000e+00   1.08803741e+01
  3.31500000e+00   1.09183984e+01
  3.32000000e+00   1.09537876e+01
  3.32500000e+00   1.09782300e+01
  3.33000000e+00   1.10081844e+01
  3.33500000e+00   1.10493023e+01
  3.34000000e+00   1.10905562e+01
  3.34500000e+00   1.11263213e+01
  3.35000000e+00   1.11423808e+01
  3.35500000e+00   1.11810484e+01
  3.36000000e+00   1.12226791e+01
  3.36500000e+00   1.12730541e+01
  3.37000000e+00   1.13178852e+01
  3.37500000e+00   1.13599849e+01
  3.38000000e+00   1.13847479e+01
  3.38500000e+00   1.14241096e+01
  3.39000000e+00   1.14665219e+01
  3.39500000e+00   1.15002037e+01
  3.40000000e+00   1.15369068e+01
  3.40500000e+00   1.15647315e+01
  3.41000000e+00   1.16135524e+01
  3.41500000e+00   1.16444768e+01
  3.42000000e+00   1.16875442e+01
  3.42500000e+00   1.17368435e+01
  3.43000000e+00   1.17771593e+01
  3.43500000e+00   1.18083549e+01
  3.44000000e+00   1.18550284e+01
  3.44500000e+00   1.19049809e+01
  3.45000000e+00   1.19520135e+01
  3.45500000e+00   1.19898027e+01
  3.46000000e+00   1.20276710e+01
  3.46500000e+00   1.20656183e+01
  3.47000000e+00   1.21036443e+01
  3.47500000e+00   1.21481528e+01
  3.48000000e+00   1.21831500e+01
  3.48500000e+00   1.22084914e+01
  3.49000000e+00   1.22532828e+01
  3.49500000e+00   1.22753517e+01
  3.50000000e+00   1.23104661e+01
  3.50500000e+00   1.23489240e+01
  3.51000000e+00   1.23907744e+01
  3.51500000e+00   1.24227378e+01
  3.52000000e+00   1.24647578e+01
  3.52500000e+00   1.25102532e+01
  3.53000000e+00   1.25457443e+01
  3.53500000e+00   1.25880765e+01
  3.54000000e+00   1.26373512e+01
  3.54500000e+00   1.26765034e+01
  3.55000000e+00   1.27122805e+01
  3.55500000e+00   1.27446306e+01
  3.56000000e+00   1.27944127e+01
  3.56500000e+00   1.28338659e+01
  3.57000000e+00   1.28733938e+01
  3.57500000e+00   1.29059205e+01
  3.58000000e+00   1.29455616e+01
  3.58500000e+00   1.29995696e+01
  3.59000000e+00   1.30394295e+01
  3.59500000e+00   1.30649266e+01
  3.60000000e+00   1.31157426e+01
  3.60500000e+00   1.31521591e+01
  3.61000000e+00   1.31996024e+01
  3.61500000e+00   1.32214186e+01
  3.62000000e+00   1.32690245e+01
  3.62500000e+00   1.33056198e+01
  3.63000000e+00   1.33609359e+01
  3.63500000e+00   1.33939365e+01
  3.64000000e+00   1.34344826e+01
  3.64500000e+00   1.34864804e+01
  3.65000000e+00   1.35195991e+01
  3.65500000e+00   1.35565435e+01
  3.66000000e+00   1.36050720e+01
  3.66500000e+00   1.36576169e+01
  3.67000000e+00   1.37064577e+01
  3.67500000e+00   1.37593543e+01
  3.68000000e+00   1.38163657e+01
  3.68500000e+00   1.38578109e+01
  3.69000000e+00   1.39032930e+01
  3.69500000e+00   1.39608464e+01
  3.70000000e+00   1.40226354e+01
  3.70500000e+00   1.40726103e+01
  3.71000000e+00   1.41105911e+01
  3.71500000e+00   1.41485998e+01
  3.72000000e+00   1.41989010e+01
  3.72500000e+00   1.42493514e+01
  3.73000000e+00   1.42834340e+01
  3.73500000e+00   1.43299512e+01
  3.74000000e+00   1.43682349e+01
  3.74500000e+00   1.44233097e+01
  3.75000000e+00   1.44743634e+01
  3.75500000e+00   1.45128662e+01
  3.76000000e+00   1.45641566e+01
  3.76500000e+00   1.46198731e+01
  3.77000000e+00   1.46671878e+01
  3.77500000e+00   1.47016533e+01
  3.78000000e+00   1.47534589e+01
  3.78500000e+00   1.47879662e+01
  3.79000000e+00   1.48312177e+01
  3.79500000e+00   1.48789380e+01
  3.80000000e+00   1.49223367e+01
  3.80500000e+00   1.49746977e+01
  3.81000000e+00   1.50182646e+01
  3.81500000e+00   1.50708821e+01
  3.82000000e+00   1.51372021e+01
  3.82500000e+00   1.51674901e+01
  3.83000000e+00   1.52113900e+01
  3.83500000e+00   1.52691057e+01
  3.84000000e+00   1.53085853e+01
  3.84500000e+00   1.53712343e+01
  3.85000000e+00   1.54294727e+01
  3.85500000e+00   1.54832315e+01
  3.86000000e+00   1.55230389e+01
  3.86500000e+00   1.55723064e+01
  3.87000000e+00   1.56074339e+01
  3.87500000e+00   1.56711551e+01
  3.88000000e+00   1.57159401e+01
  3.88500000e+00   1.57848802e+01
  3.89000000e+00   1.58347411e+01
  3.89500000e+00   1.58798379e+01
  3.90000000e+00   1.59396672e+01
  3.90500000e+00   1.59996978e+01
  3.91000000e+00   1.60352227e+01
  3.91500000e+00   1.60905676e+01
  3.92000000e+00   1.61161189e+01
  3.92500000e+00   1.61465394e+01
  3.93000000e+00   1.61970255e+01
  3.93500000e+00   1.62374803e+01
  3.94000000e+00   1.62779346e+01
  3.94500000e+00   1.63286218e+01
  3.95000000e+00   1.63896942e+01
  3.95500000e+00   1.64199588e+01
  3.96000000e+00   1.64760875e+01
  3.96500000e+00   1.65271468e+01
  3.97000000e+00   1.65783047e+01
  3.97500000e+00   1.66401061e+01
  3.98000000e+00   1.67074099e+01
  3.98500000e+00   1.67643201e+01
  3.99000000e+00   1.68374376e+01
  3.99500000e+00   1.69108673e+01
  4.00000000e+00   1.69683933e+01
  4.00500000e+00   1.70369371e+01
  4.01000000e+00   1.71002824e+01
  4.01500000e+00   1.71309122e+01
  4.02000000e+00   1.71945084e+01
  4.02500000e+00   1.72693966e+01
  4.03000000e+00   1.73334640e+01
  4.03500000e+00   1.74033382e+01
  4.04000000e+00   1.74734777e+01
  4.04500000e+00   1.74986528e+01
  4.05000000e+00   1.75690997e+01
  4.05500000e+00   1.76398136e+01
  4.06000000e+00   1.77050564e+01
  4.06500000e+00   1.77416717e+01
  4.07000000e+00   1.77898038e+01
  4.07500000e+00   1.78496248e+01
  4.08000000e+00   1.78861804e+01
  4.08500000e+00   1.79050034e+01
  4.09000000e+00   1.79590479e+01
  4.09500000e+00   1.80369572e+01
  4.10000000e+00   1.80913058e+01
  4.10500000e+00   1.81457469e+01
  4.11000000e+00   1.82183779e+01
  4.11500000e+00   1.83034071e+01
  4.12000000e+00   1.83705519e+01
  4.12500000e+00   1.84440341e+01
  4.13000000e+00   1.84993295e+01
  4.13500000e+00   1.85485318e+01
  4.14000000e+00   1.86226269e+01
  4.14500000e+00   1.87157401e+01
  4.15000000e+00   1.87590936e+01
  4.15500000e+00   1.88213414e+01
  4.16000000e+00   1.88964249e+01
  4.16500000e+00   1.89717886e+01
  4.17000000e+00   1.90410290e+01
  4.17500000e+00   1.91169241e+01
  4.18000000e+00   1.91672267e+01
  4.18500000e+00   1.92435592e+01
  4.19000000e+00   1.93136422e+01
  4.19500000e+00   1.94036440e+01
  4.20000000e+00   1.94412694e+01
  4.20500000e+00   1.94986825e+01
  4.21000000e+00   1.95628491e+01
  4.21500000e+00   1.96204712e+01
  4.22000000e+00   1.96916448e+01
  4.22500000e+00   1.97698055e+01
  4.23000000e+00   1.98618548e+01
  4.23500000e+00   1.99406631e+01
  4.24000000e+00   1.99579523e+01
  4.24500000e+00   2.00370355e+01
  4.25000000e+00   2.01302840e+01
  4.25500000e+00   2.01891071e+01
  4.26000000e+00   2.02620277e+01
  4.26500000e+00   2.03281315e+01
  4.27000000e+00   2.04014663e+01
  4.27500000e+00   2.04394670e+01
  4.28000000e+00   2.05273695e+01
  4.28500000e+00   2.05653580e+01
  4.29000000e+00   2.06393085e+01
  4.29500000e+00   2.06989741e+01
  4.30000000e+00   2.07587203e+01
  4.30500000e+00   2.08478581e+01
  4.31000000e+00   2.08784521e+01
  4.31500000e+00   2.09458376e+01
  4.32000000e+00   2.09984982e+01
  4.32500000e+00   2.10885396e+01
  4.33000000e+00   2.11413918e+01
  4.33500000e+00   2.12017957e+01
  4.34000000e+00   2.12622752e+01
  4.34500000e+00   2.13609604e+01
  4.35000000e+00   2.14064506e+01
  4.35500000e+00   2.14749697e+01
  4.36000000e+00   2.15436387e+01
  4.36500000e+00   2.16202375e+01
  4.37000000e+00   2.17205199e+01
  4.37500000e+00   2.17819754e+01
  4.38000000e+00   2.18356052e+01
  4.38500000e+00   2.19289100e+01
  4.39000000e+00   2.19906967e+01
  4.39500000e+00   2.20445368e+01
  4.40000000e+00   2.21144781e+01
  4.40500000e+00   2.21926643e+01
  4.41000000e+00   2.22873535e+01
  4.41500000e+00   2.23415462e+01
  4.42000000e+00   2.24285981e+01
  4.42500000e+00   2.24994425e+01
  4.43000000e+00   2.25704347e+01
  4.43500000e+00   2.26499168e+01
  4.44000000e+00   2.27128611e+01
  4.44500000e+00   2.27842947e+01
  4.45000000e+00   2.28897479e+01
  4.45500000e+00   2.29531329e+01
  4.46000000e+00   2.30336859e+01
  4.46500000e+00   2.31230665e+01
  4.47000000e+00   2.32127651e+01
  4.47500000e+00   2.32854184e+01
  4.48000000e+00   2.33582179e+01
  4.48500000e+00   2.34223941e+01
  4.49000000e+00   2.35218801e+01
  4.49500000e+00   2.36040612e+01
  4.50000000e+00   2.37042788e+01
  4.50500000e+00   2.38049085e+01
  4.51000000e+00   2.38789802e+01
  4.51500000e+00   2.39441619e+01
  4.52000000e+00   2.40093984e+01
  4.52500000e+00   2.40838149e+01
  4.53000000e+00   2.41675469e+01
  4.53500000e+00   2.42330791e+01
  4.54000000e+00   2.43171897e+01
  4.54500000e+00   2.43456755e+01
  4.55000000e+00   2.44486908e+01
  4.55500000e+00   2.45333209e+01
  4.56000000e+00   2.46276364e+01
  4.56500000e+00   2.47032865e+01
  4.57000000e+00   2.47981677e+01
  4.57500000e+00   2.48741944e+01
  4.58000000e+00   2.49310798e+01
  4.58500000e+00   2.49976013e+01
  4.59000000e+00   2.50641647e+01
  4.59500000e+00   2.51503410e+01
  4.60000000e+00   2.52465875e+01
  4.60500000e+00   2.53036308e+01
  4.61000000e+00   2.53506798e+01
  4.61500000e+00   2.54275166e+01
  4.62000000e+00   2.55245545e+01
  4.62500000e+00   2.56118436e+01
  4.63000000e+00   2.57095014e+01
  4.63500000e+00   2.57871264e+01
  4.64000000e+00   2.58751204e+01
  4.64500000e+00   2.60044960e+01
  4.65000000e+00   2.60931664e+01
  4.65500000e+00   2.61820734e+01
  4.66000000e+00   2.62816588e+01
  4.66500000e+00   2.63920793e+01
  4.67000000e+00   2.64818544e+01
  4.67500000e+00   2.65294711e+01
  4.68000000e+00   2.66301623e+01
  4.68500000e+00   2.67311971e+01
  4.69000000e+00   2.68325765e+01
  4.69500000e+00   2.69234888e+01
  4.70000000e+00   2.70146394e+01
  4.70500000e+00   2.70951074e+01
  4.71000000e+00   2.71427778e+01
  4.71500000e+00   2.72343696e+01
  4.72000000e+00   2.73372844e+01
  4.72500000e+00   2.74294064e+01
  4.73000000e+00   2.75329630e+01
  4.73500000e+00   2.76143638e+01
  4.74000000e+00   2.76958903e+01
  4.74500000e+00   2.77889073e+01
  4.75000000e+00   2.79050070e+01
  4.75500000e+00   2.79871343e+01
  4.76000000e+00   2.80924591e+01
  4.76500000e+00   2.81285698e+01
  4.77000000e+00   2.81759918e+01
  4.77500000e+00   2.82934500e+01
  4.78000000e+00   2.83878396e+01
  4.78500000e+00   2.85179505e+01
  4.79000000e+00   2.86011032e+01
  4.79500000e+00   2.87202151e+01
  4.80000000e+00   2.87437504e+01
  4.80500000e+00   2.88392027e+01
  4.81000000e+00   2.89712717e+01
  4.81500000e+00   2.90430026e+01
  4.82000000e+00   2.91147265e+01
  4.82500000e+00   2.91864416e+01
  4.83000000e+00   2.92828886e+01
  4.83500000e+00   2.93920035e+01
  4.84000000e+00   2.94639915e+01
  4.84500000e+00   2.95610803e+01
  4.85000000e+00   2.96331621e+01
  4.85500000e+00   2.97305931e+01
  4.86000000e+00   2.97262806e+01
  4.86500000e+00   2.98236686e+01
  4.87000000e+00   2.99084124e+01
  4.87500000e+00   2.99932581e+01
  4.88000000e+00   3.00782045e+01
  4.88500000e+00   3.01632505e+01
  4.89000000e+00   3.02615294e+01
  4.89500000e+00   3.03600369e+01
  4.90000000e+00   3.04587731e+01
  4.90500000e+00   3.05444052e+01
  4.91000000e+00   3.06033342e+01
  4.91500000e+00   3.07024868e+01
  4.92000000e+00   3.08018659e+01
  4.92500000e+00   3.09422743e+01
  4.93000000e+00   3.10559786e+01
  4.93500000e+00   3.11288344e+01
  4.94000000e+00   3.12292544e+01
  4.94500000e+00   3.13437755e+01
  4.95000000e+00   3.14168277e+01
  4.95500000e+00   3.15458835e+01
  4.96000000e+00   3.16613603e+01
  4.96500000e+00   3.17772031e+01
  4.97000000e+00   3.18934128e+01
  4.97500000e+00   3.20528799e+01
  4.98000000e+00   3.21844082e+01
  4.98500000e+00   3.22875707e+01
  4.99000000e+00   3.24054723e+01
  4.99500000e+00   3.25091611e+01
  5.00000000e+00   3.26277343e+01
  5.00500000e+00   3.27614112e+01
