  0.00000000e+00   1.00000000e+00
  5.00000000e-03   1.00500000e+00
  1.00000000e-02   1.01002500e+00
  1.50000000e-02   1.01507513e+00
  2.00000000e-02   1.02015050e+00
  2.50000000e-02   1.02525125e+00
  3.00000000e-02   1.03037751e+00
  3.50000000e-02   1.03552940e+00
  4.00000000e-02   1.04070704e+00
  4.50000000e-02   1.04591058e+00
  5.00000000e-02   1.05114013e+00
  5.50000000e-02   1.05639583e+00
  6.00000000e-02   1.06167781e+00
  6.50000000e-02   1.06698620e+00
  7.00000000e-02   1.07221390e+00
  7.50000000e-02   1.07735943e+00
  8.00000000e-02   1.08252962e+00
  8.50000000e-02   1.08739802e+00
  9.00000000e-02   1.09217865e+00
  9.50000000e-02   1.09643021e+00
  1.00000000e-01   1.10047599e+00
  1.05000000e-01   1.10453483e+00
  1.10000000e-01   1.10804875e+00
  1.15000000e-01   1.11089727e+00
  1.20000000e-01   1.11442287e+00
  1.25000000e-01   1.11772939e+00
  1.30000000e-01   1.12013035e+00
  1.35000000e-01   1.12264180e+00
  1.40000000e-01   1.12538032e+00
  1.45000000e-01   1.12858042e+00
  1.50000000e-01   1.13178438e+00
  1.55000000e-01   1.13324136e+00
  1.60000000e-01   1.13550574e+00
  1.65000000e-01   1.13682131e+00
  1.70000000e-01   1.13752924e+00
  1.75000000e-01   1.14035914e+00
  1.80000000e-01   1.14175289e+00
  1.85000000e-01   1.14241046e+00
  1.90000000e-01   1.14207913e+00
  1.95000000e-01   1.14256623e+00
  2.00000000e-01   1.14119845e+00
  2.05000000e-01   1.14101533e+00
  2.10000000e-01   1.14141837e+00
  2.15000000e-01   1.14117731e+00
  2.20000000e-01   1.14252432e+00
  2.25000000e-01   1.14172851e+00
  2.30000000e-01   1.14139934e+00
  2.35000000e-01   1.14027982e+00
  2.40000000e-01   1.14000992e+00
  2.45000000e-01   1.13958113e+00
  2.50000000e-01   1.13886291e+00
  2.55000000e-01   1.13617455e+00
  2.60000000e-01   1.13498615e+00
  2.65000000e-01   1.13427848e+00
  2.70000000e-01   1.13366627e+00
  2.75000000e-01   1.13130927e+00
  2.80000000e-01   1.13167699e+00
  2.85000000e-01   1.13015976e+00
  2.90000000e-01   1.12819842e+00
  2.95000000e-01   1.12739714e+00
  3.00000000e-01   1.12736896e+00
  3.05000000e-01   1.12609227e+00
  3.10000000e-01   1.12395721e+00
  3.15000000e-01   1.12149881e+00
  3.20000000e-01   1.11940053e+00
  3.25000000e-01   1.11849786e+00
  3.30000000e-01   1.11672428e+00
  3.35000000e-01   1.11532403e+00
  3.40000000e-01   1.11317998e+00
  3.45000000e-01   1.11028122e+00
  3.50000000e-01   1.10902704e+00
  3.55000000e-01   1.10858751e+00
  3.60000000e-01   1.10754304e+00
  3.65000000e-01   1.10602866e+00
  3.70000000e-01   1.10259112e+00
  3.75000000e-01   1.09880083e+00
  3.80000000e-01   1.09786687e+00
  3.85000000e-01   1.09807066e+00
  3.90000000e-01   1.09706861e+00
  3.95000000e-01   1.09484275e+00
  4.00000000e-01   1.09197107e+00
  4.05000000e-01   1.09158954e+00
  4.10000000e-01   1.09012321e+00
  4.15000000e-01   1.08967388e+00
  4.20000000e-01   1.08752040e+00
  4.25000000e-01   1.08577654e+00
  4.30000000e-01   1.08352736e+00
  4.35000000e-01   1.08045691e+00
  4.40000000e-01   1.07872457e+00
  4.45000000e-01   1.07632438e+00
  4.50000000e-01   1.07277664e+00
  4.55000000e-01   1.06979627e+00
  4.60000000e-01   1.07055670e+00
  4.65000000e-01   1.06875372e+00
  4.70000000e-01   1.06354988e+00
  4.75000000e-01   1.06196135e+00
  4.80000000e-01   1.05968469e+00
  4.85000000e-01   1.05735871e+00
  4.90000000e-01   1.05693937e+00
  4.95000000e-01   1.05616170e+00
  5.00000000e-01   1.05502050e+00
  5.05000000e-01   1.05185561e+00
  5.10000000e-01   1.05112745e+00
  5.15000000e-01   1.04886137e+00
  5.20000000e-01   1.04822620e+00
  5.25000000e-01   1.04806494e+00
  5.30000000e-01   1.04668817e+00
  5.35000000e-01   1.04493040e+00
  5.40000000e-01   1.04467121e+00
  5.45000000e-01   1.04334995e+00
  5.50000000e-01   1.04164318e+00
  5.55000000e-01   1.04180675e+00
  5.60000000e-01   1.03932357e+00
  5.65000000e-01   1.03555963e+00
  5.70000000e-01   1.03438070e+00
  5.75000000e-01   1.03245426e+00
  5.80000000e-01   1.02959096e+00
  5.85000000e-01   1.02667322e+00
  5.90000000e-01   1.02550190e+00
  5.95000000e-01   1.02338803e+00
  6.00000000e-01   1.02231902e+00
  6.05000000e-01   1.02029949e+00
  6.10000000e-01   1.01786668e+00
  6.15000000e-01   1.01519935e+00
  6.20000000e-01   1.01489278e+00
  6.25000000e-01   1.01213282e+00
  6.30000000e-01   1.01063216e+00
  6.35000000e-01   1.00852597e+00
  6.40000000e-01   1.00599477e+00
  6.45000000e-01   1.00360333e+00
  6.50000000e-01   1.00384024e+00
  6.55000000e-01   1.00232463e+00
  6.60000000e-01   9.99609802e-01
  6.65000000e-01   9.99560546e-01
  6.70000000e-01   9.96754438e-01
  6.75000000e-01   9.94091354e-01
  6.80000000e-01   9.90785559e-01
  6.85000000e-01   9.89798320e-01
  6.90000000e-01   9.87980323e-01
  6.95000000e-01   9.85319305e-01
  7.00000000e-01   9.85019268e-01
  7.05000000e-01   9.83479422e-01
  7.10000000e-01   9.82305631e-01
  7.15000000e-01   9.79871186e-01
  7.20000000e-01   9.78208139e-01
  7.25000000e-01   9.76916166e-01
  7.30000000e-01   9.74965425e-01
  7.35000000e-01   9.74427920e-01
  7.40000000e-01   9.71350177e-01
  7.45000000e-01   9.70109577e-01
  7.50000000e-01   9.66296630e-01
  7.55000000e-01   9.64544913e-01
  7.60000000e-01   9.63605215e-01
  7.65000000e-01   9.63489966e-01
  7.70000000e-01   9.63349475e-01
  7.75000000e-01   9.62533571e-01
  7.80000000e-01   9.60596805e-01
  7.85000000e-01   9.57960171e-01
  7.90000000e-01   9.56152782e-01
  7.95000000e-01   9.55408399e-01
  8.00000000e-01   9.53744225e-01
  8.05000000e-01   9.51593081e-01
  8.10000000e-01   9.50069594e-01
  8.15000000e-01   9.47830705e-01
  8.20000000e-01   9.46452022e-01
  8.25000000e-01   9.45491295e-01
  8.30000000e-01   9.43581867e-01
  8.35000000e-01   9.42319715e-01
  8.40000000e-01   9.41252504e-01
  8.45000000e-01   9.40383371e-01
  8.50000000e-01   9.40415894e-01
  8.55000000e-01   9.39955959e-01
  8.60000000e-01   9.39467914e-01
  8.65000000e-01   9.38003532e-01
  8.70000000e-01   9.35310149e-01
  8.75000000e-01   9.34002573e-01
  8.80000000e-01   9.31696290e-01
  8.85000000e-01   9.30068889e-01
  8.90000000e-01   9.27673000e-01
  8.95000000e-01   9.26450843e-01
  9.00000000e-01   9.25438682e-01
  9.05000000e-01   9.23406693e-01
  9.10000000e-01   9.21083378e-01
  9.15000000e-01   9.17717309e-01
  9.20000000e-01   9.15546325e-01
  9.25000000e-01   9.14085506e-01
  9.30000000e-01   9.12334327e-01
  9.35000000e-01   9.09272140e-01
  9.40000000e-01   9.08965915e-01
  9.45000000e-01   9.06580486e-01
  9.50000000e-01   9.05438277e-01
  9.55000000e-01   9.03484233e-01
  9.60000000e-01   9.01227467e-01
  9.65000000e-01   8.99187394e-01
  9.70000000e-01   8.97367548e-01
  9.75000000e-01   8.96300444e-01
  9.80000000e-01   8.94934438e-01
  9.85000000e-01   8.94867989e-01
  9.90000000e-01   8.91556978e-01
  9.95000000e-01   8.90079103e-01
  1.00000000e+00   8.87208403e-01
  1.00500000e+00   8.83741728e-01
  1.01000000e+00   8.81587556e-01
  1.01500000e+00   8.82142143e-01
  1.02000000e+00   8.81573774e-01
  1.02500000e+00   8.80143671e-01
  1.03000000e+00   8.79515395e-01
  1.03500000e+00   8.77735689e-01
  1.04000000e+00   8.73940872e-01
  1.04500000e+00   8.69802563e-01
  1.05000000e+00   8.67311133e-01
  1.05500000e+00   8.66491705e-01
  1.06000000e+00   8.65066649e-01
  1.06500000e+00   8.64762940e-01
  1.07000000e+00   8.62399235e-01
  1.07500000e+00   8.62327998e-01
  1.08000000e+00   8.61647136e-01
  1.08500000e+00   8.58576747e-01
  1.09000000e+00   8.57827079e-01
  1.09500000e+00   8.55856035e-01
  1.10000000e+00   8.53244645e-01
  1.10500000e+00   8.51489022e-01
  1.11000000e+00   8.49391915e-01
  1.11500000e+00   8.46948438e-01
  1.12000000e+00   8.45681816e-01
  1.12500000e+00   8.43459877e-01
  1.13000000e+00   8.41811966e-01
  1.13500000e+00   8.39816251e-01
  1.14000000e+00   8.37155954e-01
  1.14500000e+00   8.35701454e-01
  1.15000000e+00   8.36730805e-01
  1.15500000e+00   8.34584655e-01
  1.16000000e+00   8.32396126e-01
  1.16500000e+00   8.31443498e-01
  1.17000000e+00   8.29818012e-01
  1.17500000e+00   8.29769822e-01
  1.18000000e+00   8.27753514e-01
  1.18500000e+00   8.22761359e-01
  1.19000000e+00   8.20975937e-01
  1.19500000e+00   8.18493346e-01
  1.20000000e+00   8.16296424e-01
  1.20500000e+00   8.17051150e-01
  1.21000000e+00   8.16455661e-01
  1.21500000e+00   8.15497780e-01
  1.22000000e+00   8.16873744e-01
  1.22500000e+00   8.16546184e-01
  1.23000000e+00   8.15171698e-01
  1.23500000e+00   8.14105836e-01
  1.24000000e+00   8.14386916e-01
  1.24500000e+00   8.12919366e-01
  1.25000000e+00   8.13852423e-01
  1.25500000e+00   8.14424799e-01
  1.26000000e+00   8.12873930e-01
  1.26500000e+00   8.09874415e-01
  1.27000000e+00   8.08954344e-01
  1.27500000e+00   8.09075030e-01
  1.28000000e+00   8.09893737e-01
  1.28500000e+00   8.07457603e-01
  1.29000000e+00   8.06063198e-01
  1.29500000e+00   8.06818203e-01
  1.30000000e+00   8.05366149e-01
  1.30500000e+00   8.04246975e-01
  1.31000000e+00   8.01249427e-01
  1.31500000e+00   8.01171851e-01
  1.32000000e+00   8.00327243e-01
  1.32500000e+00   7.99079180e-01
  1.33000000e+00   7.97421775e-01
  1.33500000e+00   7.96864032e-01
  1.34000000e+00   7.95519513e-01
  1.34500000e+00   7.93759093e-01
  1.35000000e+00   7.91961181e-01
  1.35500000e+00   7.92057293e-01
  1.36000000e+00   7.90581362e-01
  1.36500000e+00   7.91022084e-01
  1.37000000e+00   7.87917702e-01
  1.37500000e+00   7.84368347e-01
  1.38000000e+00   7.82348303e-01
  1.38500000e+00   7.79492236e-01
  1.39000000e+00   7.79388729e-01
  1.39500000e+00   7.77656309e-01
  1.40000000e+00   7.77503512e-01
  1.40500000e+00   7.76923617e-01
  1.41000000e+00   7.77542963e-01
  1.41500000e+00   7.78149079e-01
  1.42000000e+00   7.75856062e-01
  1.42500000e+00   7.72692037e-01
  1.43000000e+00   7.70726126e-01
  1.43500000e+00   7.68721239e-01
  1.44000000e+00   7.69200382e-01
  1.44500000e+00   7.67129135e-01
  1.45000000e+00   7.66717040e-01
  1.45500000e+00   7.63293362e-01
  1.46000000e+00   7.58958214e-01
  1.46500000e+00   7.58010053e-01
  1.47000000e+00   7.58333436e-01
  1.47500000e+00   7.56463602e-01
  1.48000000e+00   7.54556112e-01
  1.48500000e+00   7.56129563e-01
  1.49000000e+00   7.55489558e-01
  1.49500000e+00   7.53935699e-01
  1.50000000e+00   7.55919389e-01
  1.50500000e+00   7.55660421e-01
  1.51000000e+00   7.52674126e-01
  1.51500000e+00   7.52811673e-01
  1.52000000e+00   7.49743320e-01
  1.52500000e+00   7.46625462e-01
  1.53000000e+00   7.43917744e-01
  1.53500000e+00   7.39314839e-01
  1.54000000e+00   7.37900015e-01
  1.54500000e+00   7.36919556e-01
  1.55000000e+00   7.36849506e-01
  1.55500000e+00   7.36760334e-01
  1.56000000e+00   7.35703776e-01
  1.56500000e+00   7.35094640e-01
  1.57000000e+00   7.34939808e-01
  1.57500000e+00   7.34765050e-01
  1.58000000e+00   7.33119407e-01
  1.58500000e+00   7.32410951e-01
  1.59000000e+00   7.31188646e-01
  1.59500000e+00   7.28954051e-01
  1.60000000e+00   7.28652161e-01
  1.60500000e+00   7.27833229e-01
  1.61000000e+00   7.26489613e-01
  1.61500000e+00   7.23612057e-01
  1.62000000e+00   7.23203930e-01
  1.62500000e+00   7.23279421e-01
  1.63000000e+00   7.22829268e-01
  1.63500000e+00   7.21845671e-01
  1.64000000e+00   7.21860997e-01
  1.64500000e+00   7.21342448e-01
  1.65000000e+00   7.17170736e-01
  1.65500000e+00   7.15023891e-01
  1.66000000e+00   7.12837648e-01
  1.66500000e+00   7.09032530e-01
  1.67000000e+00   7.10990660e-01
  1.67500000e+00   7.10824021e-01
  1.68000000e+00   7.10103627e-01
  1.68500000e+00   7.07747302e-01
  1.69000000e+00   7.06968672e-01
  1.69500000e+00   7.07249301e-01
  1.70000000e+00   7.06969981e-01
  1.70500000e+00   7.05574574e-01
  1.71000000e+00   7.03596993e-01
  1.71500000e+00   7.02135295e-01
  1.72000000e+00   7.02309584e-01
  1.72500000e+00   7.01350372e-01
  1.73000000e+00   7.00925650e-01
  1.73500000e+00   7.01608042e-01
  1.74000000e+00   7.01145195e-01
  1.74500000e+00   6.98379756e-01
  1.75000000e+00   6.94996177e-01
  1.75500000e+00   6.94440409e-01
  1.76000000e+00   6.93861709e-01
  1.76500000e+00   6.93841454e-01
  1.77000000e+00   6.89127636e-01
  1.77500000e+00   6.89048729e-01
  1.78000000e+00   6.88951804e-01
  1.78500000e+00   6.85870117e-01
  1.79000000e+00   6.80951550e-01
  1.79500000e+00   6.79562218e-01
  1.80000000e+00   6.78744226e-01
  1.80500000e+00   6.79111604e-01
  1.81000000e+00   6.78857391e-01
  1.81500000e+00   6.74915638e-01
  1.82000000e+00   6.75218250e-01
  1.82500000e+00   6.73654619e-01
  1.83000000e+00   6.73299576e-01
  1.83500000e+00   6.74171453e-01
  1.84000000e+00   6.71901347e-01
  1.84500000e+00   6.70221594e-01
  1.85000000e+00   6.72306588e-01
  1.85500000e+00   6.73759453e-01
  1.86000000e+00   6.74570637e-01
  1.86500000e+00   6.71517485e-01
  1.87000000e+00   6.70354379e-01
  1.87500000e+00   6.69162853e-01
  1.88000000e+00   6.65985790e-01
  1.88500000e+00   6.66037973e-01
  1.89000000e+00   6.60144585e-01
  1.89500000e+00   6.55499856e-01
  1.90000000e+00   6.54784765e-01
  1.90500000e+00   6.54046136e-01
  1.91000000e+00   6.53955853e-01
  1.91500000e+00   6.48444612e-01
  1.92000000e+00   6.47613792e-01
  1.92500000e+00   6.46076218e-01
  1.93000000e+00   6.43821433e-01
  1.93500000e+00   6.41527948e-01
  1.94000000e+00   6.39195432e-01
  1.94500000e+00   6.40303463e-01
  1.95000000e+00   6.40007671e-01
  1.95500000e+00   6.41098831e-01
  1.96000000e+00   6.41478429e-01
  1.96500000e+00   6.38295764e-01
  1.97000000e+00   6.32211009e-01
  1.97500000e+00   6.28917946e-01
  1.98000000e+00   6.28458986e-01
  1.98500000e+00   6.28704028e-01
  1.99000000e+00   6.27479938e-01
  1.99500000e+00   6.22570017e-01
  2.00000000e+00   6.17595309e-01
  2.00500000e+00   6.17727651e-01
  2.01000000e+00   6.16360670e-01
  2.01500000e+00   6.14964576e-01
  2.02000000e+00   6.14289160e-01
  2.02500000e+00   6.12837817e-01
  2.03000000e+00   6.12114171e-01
  2.03500000e+00   6.12129322e-01
  2.04000000e+00   6.12894484e-01
  2.04500000e+00   6.09807057e-01
  2.05000000e+00   6.09764762e-01
  2.05500000e+00   6.08930103e-01
  2.06000000e+00   6.06510694e-01
  2.06500000e+00   6.07189798e-01
  2.07000000e+00   6.06283720e-01
  2.07500000e+00   6.06145750e-01
  2.08000000e+00   6.05194933e-01
  2.08500000e+00   6.05820035e-01
  2.09000000e+00   6.04827675e-01
  2.09500000e+00   6.03001932e-01
  2.10000000e+00   6.03579876e-01
  2.10500000e+00   6.01699274e-01
  2.11000000e+00   5.98143778e-01
  2.11500000e+00   5.96186888e-01
  2.12000000e+00   5.90880577e-01
  2.12500000e+00   5.87172035e-01
  2.13000000e+00   5.87596798e-01
  2.13500000e+00   5.88852347e-01
  2.14000000e+00   5.89260337e-01
  2.14500000e+00   5.87108734e-01
  2.15000000e+00   5.86628681e-01
  2.15500000e+00   5.86987319e-01
  2.16000000e+00   5.87334877e-01
  2.16500000e+00   5.88538008e-01
  2.17000000e+00   5.88867381e-01
  2.17500000e+00   5.90060796e-01
  2.18000000e+00   5.88611908e-01
  2.18500000e+00   5.87133779e-01
  2.19000000e+00   5.86514813e-01
  2.19500000e+00   5.84981876e-01
  2.20000000e+00   5.84316515e-01
  2.20500000e+00   5.85433987e-01
  2.21000000e+00   5.86548025e-01
  2.21500000e+00   5.85836371e-01
  2.22000000e+00   5.82355975e-01
  2.22500000e+00   5.79746361e-01
  2.23000000e+00   5.79870592e-01
  2.23500000e+00   5.76263742e-01
  2.24000000e+00   5.77276850e-01
  2.24500000e+00   5.76408133e-01
  2.25000000e+00   5.75516296e-01
  2.25500000e+00   5.73652944e-01
  2.26000000e+00   5.72709498e-01
  2.26500000e+00   5.71742277e-01
  2.27000000e+00   5.68826104e-01
  2.27500000e+00   5.64899183e-01
  2.28000000e+00   5.65779419e-01
  2.28500000e+00   5.62746375e-01
  2.29000000e+00   5.62614481e-01
  2.29500000e+00   5.62467200e-01
  2.30000000e+00   5.62304381e-01
  2.30500000e+00   5.61129194e-01
  2.31000000e+00   5.56923217e-01
  2.31500000e+00   5.55681158e-01
  2.32000000e+00   5.54412755e-01
  2.32500000e+00   5.55151298e-01
  2.33000000e+00   5.54861521e-01
  2.33500000e+00   5.52501060e-01
  2.34000000e+00   5.52167301e-01
  2.34500000e+00   5.53890888e-01
  2.35000000e+00   5.50405732e-01
  2.35500000e+00   5.48967172e-01
  2.36000000e+00   5.48553351e-01
  2.36500000e+00   5.47063518e-01
  2.37000000e+00   5.45545073e-01
  2.37500000e+00   5.43997767e-01
  2.38000000e+00   5.45643654e-01
  2.38500000e+00   5.45133455e-01
  2.39000000e+00   5.45689384e-01
  2.39500000e+00   5.46237243e-01
  2.40000000e+00   5.45681193e-01
  2.40500000e+00   5.45105927e-01
  2.41000000e+00   5.42297805e-01
  2.41500000e+00   5.43897030e-01
  2.42000000e+00   5.42145215e-01
  2.42500000e+00   5.36992041e-01
  2.43000000e+00   5.35160875e-01
  2.43500000e+00   5.36702003e-01
  2.44000000e+00   5.37104813e-01
  2.44500000e+00   5.36352182e-01
  2.45000000e+00   5.34426815e-01
  2.45500000e+00   5.35941409e-01
  2.46000000e+00   5.38621116e-01
  2.46500000e+00   5.34299350e-01
  2.47000000e+00   5.28745911e-01
  2.47500000e+00   5.29027908e-01
  2.48000000e+00   5.25739197e-01
  2.48500000e+00   5.24789781e-01
  2.49000000e+00   5.25016395e-01
  2.49500000e+00   5.24027494e-01
  2.50000000e+00   5.20594210e-01
  2.50500000e+00   5.19546968e-01
  2.51000000e+00   5.19699061e-01
  2.51500000e+00   5.19839685e-01
  2.52000000e+00   5.18733643e-01
  2.52500000e+00   5.11397267e-01
  2.53000000e+00   5.08964407e-01
  2.53500000e+00   5.11509229e-01
  2.54000000e+00   5.10286872e-01
  2.54500000e+00   5.07773237e-01
  2.55000000e+00   5.00131313e-01
  2.55500000e+00   5.00074046e-01
  2.56000000e+00   5.00003703e-01
  2.56500000e+00   5.01211938e-01
  2.57000000e+00   4.98525029e-01
  2.57500000e+00   4.97103453e-01
  2.58000000e+00   4.95655199e-01
  2.58500000e+00   4.98133475e-01
  2.59000000e+00   4.97975338e-01
  2.59500000e+00   4.95141116e-01
  2.60000000e+00   4.94941463e-01
  2.60500000e+00   4.94727434e-01
  2.61000000e+00   4.95849981e-01
  2.61500000e+00   4.96971386e-01
  2.62000000e+00   4.99456243e-01
  2.62500000e+00   4.96467693e-01
  2.63000000e+00   4.93436772e-01
  2.63500000e+00   4.95903955e-01
  2.64000000e+00   4.94207077e-01
  2.64500000e+00   4.93879926e-01
  2.65000000e+00   4.90724971e-01
  2.65500000e+00   4.91765477e-01
  2.66000000e+00   4.88543565e-01
  2.66500000e+00   4.90986283e-01
  2.67000000e+00   4.92006792e-01
  2.67500000e+00   4.82934072e-01
  2.68000000e+00   4.82451138e-01
  2.68500000e+00   4.81951301e-01
  2.69000000e+00   4.81434405e-01
  2.69500000e+00   4.79429647e-01
  2.70000000e+00   4.78870803e-01
  2.70500000e+00   4.73838226e-01
  2.71000000e+00   4.74714604e-01
  2.71500000e+00   4.74087622e-01
  2.72000000e+00   4.71934724e-01
  2.72500000e+00   4.74294398e-01
  2.73000000e+00   4.66005611e-01
  2.73500000e+00   4.65274621e-01
  2.74000000e+00   4.66062833e-01
  2.74500000e+00   4.66847296e-01
  2.75000000e+00   4.67627951e-01
  2.75500000e+00   4.66843392e-01
  2.76000000e+00   4.69177609e-01
  2.76500000e+00   4.58907484e-01
  2.77000000e+00   4.59617135e-01
  2.77500000e+00   4.58729598e-01
  2.78000000e+00   4.56220921e-01
  2.78500000e+00   4.56893246e-01
  2.79000000e+00   4.57560890e-01
  2.79500000e+00   4.54973973e-01
  2.80000000e+00   4.53982780e-01
  2.80500000e+00   4.51329103e-01
  2.81000000e+00   4.53585749e-01
  2.81500000e+00   4.55853678e-01
  2.82000000e+00   4.56467008e-01
  2.82500000e+00   4.53726540e-01
  2.83000000e+00   4.54312534e-01
  2.83500000e+00   4.53201992e-01
  2.84000000e+00   4.50369479e-01
  2.84500000e+00   4.49205317e-01
  2.85000000e+00   4.48018253e-01
  2.85500000e+00   4.45082961e-01
  2.86000000e+00   4.42107116e-01
  2.86500000e+00   4.37347963e-01
  2.87000000e+00   4.36032434e-01
  2.87500000e+00   4.38212596e-01
  2.88000000e+00   4.35097591e-01
  2.88500000e+00   4.31940481e-01
  2.89000000e+00   4.32313762e-01
  2.89500000e+00   4.32679979e-01
  2.90000000e+00   4.34843379e-01
  2.90500000e+00   4.35204244e-01
  2.91000000e+00   4.33735430e-01
  2.91500000e+00   4.30409518e-01
  2.92000000e+00   4.30720878e-01
  2.92500000e+00   4.32874482e-01
  2.93000000e+00   4.27602293e-01
  2.93500000e+00   4.29740304e-01
  2.94000000e+00   4.30011228e-01
  2.94500000e+00   4.26499782e-01
  2.95000000e+00   4.24839075e-01
  2.95500000e+00   4.17432840e-01
  2.96000000e+00   4.13773155e-01
  2.96500000e+00   4.13916826e-01
  2.97000000e+00   4.15986411e-01
  2.97500000e+00   4.08343869e-01
  2.98000000e+00   3.98660286e-01
  2.98500000e+00   4.00653588e-01
  2.99000000e+00   4.00683048e-01
  2.99500000e+00   4.00702786e-01
  3.00000000e+00   3.96725513e-01
  3.00500000e+00   3.94702013e-01
  3.01000000e+00   3.96675524e-01
  3.01500000e+00   3.94611603e-01
  3.02000000e+00   3.94550893e-01
  3.02500000e+00   3.96523648e-01
  3.03000000e+00   3.98506266e-01
  3.03500000e+00   3.94305517e-01
  3.04000000e+00   3.87978049e-01
  3.04500000e+00   3.85747694e-01
  3.05000000e+00   3.83485336e-01
  3.05500000e+00   3.83296736e-01
  3.06000000e+00   3.80980108e-01
  3.06500000e+00   3.80757869e-01
  3.07000000e+00   3.82661659e-01
  3.07500000e+00   3.84574967e-01
  3.08000000e+00   3.82179430e-01
  3.08500000e+00   3.75410320e-01
  3.09000000e+00   3.77287371e-01
  3.09500000e+00   3.74790296e-01
  3.10000000e+00   3.74461533e-01
  3.10500000e+00   3.74120112e-01
  3.11000000e+00   3.73765915e-01
  3.11500000e+00   3.71162903e-01
  3.12000000e+00   3.70771616e-01
  3.12500000e+00   3.72625474e-01
  3.13000000e+00   3.72218974e-01
  3.13500000e+00   3.69518117e-01
  3.14000000e+00   3.66780946e-01
  3.14500000e+00   3.66311007e-01
  3.15000000e+00   3.68142562e-01
  3.15500000e+00   3.69983275e-01
  3.16000000e+00   3.67156045e-01
  3.16500000e+00   3.68991825e-01
  3.17000000e+00   3.70836784e-01
  3.17500000e+00   3.70317140e-01
  3.18000000e+00   3.72168726e-01
  3.18500000e+00   3.71631944e-01
  3.19000000e+00   3.68670877e-01
  3.19500000e+00   3.68092569e-01
  3.20000000e+00   3.69933032e-01
  3.20500000e+00   3.69336758e-01
  3.21000000e+00   3.71183442e-01
  3.21500000e+00   3.68098441e-01
  3.22000000e+00   3.67456121e-01
  3.22500000e+00   3.64302951e-01
  3.23000000e+00   3.66124465e-01
  3.23500000e+00   3.65434847e-01
  3.24000000e+00   3.67262022e-01
  3.24500000e+00   3.64007320e-01
  3.25000000e+00   3.65827357e-01
  3.25500000e+00   3.62514445e-01
  3.26000000e+00   3.61743137e-01
  3.26500000e+00   3.60955054e-01
  3.27000000e+00   3.62759829e-01
  3.27500000e+00   3.61950797e-01
  3.28000000e+00   3.61124605e-01
  3.28500000e+00   3.57631976e-01
  3.29000000e+00   3.56757765e-01
  3.29500000e+00   3.58541554e-01
  3.30000000e+00   3.57645200e-01
  3.30500000e+00   3.59433426e-01
  3.31000000e+00   3.61230593e-01
  3.31500000e+00   3.60307146e-01
  3.32000000e+00   3.62108682e-01
  3.32500000e+00   3.63919225e-01
  3.33000000e+00   3.65738821e-01
  3.33500000e+00   3.61998311e-01
  3.34000000e+00   3.61009777e-01
  3.34500000e+00   3.57189790e-01
  3.35000000e+00   3.56149158e-01
  3.35500000e+00   3.57929904e-01
  3.36000000e+00   3.54009719e-01
  3.36500000e+00   3.55779768e-01
  3.37000000e+00   3.57558667e-01
  3.37500000e+00   3.59346460e-01
  3.38000000e+00   3.61143192e-01
  3.38500000e+00   3.60021901e-01
  3.39000000e+00   3.55938726e-01
  3.39500000e+00   3.54762069e-01
  3.40000000e+00   3.56535879e-01
  3.40500000e+00   3.58318558e-01
  3.41000000e+00   3.54108315e-01
  3.41500000e+00   3.55878857e-01
  3.42000000e+00   3.57658251e-01
  3.42500000e+00   3.50308071e-01
  3.43000000e+00   3.52059611e-01
  3.43500000e+00   3.47666520e-01
  3.44000000e+00   3.46312774e-01
  3.44500000e+00   3.38721722e-01
  3.45000000e+00   3.40415330e-01
  3.45500000e+00   3.42117407e-01
  3.46000000e+00   3.43827994e-01
  3.46500000e+00   3.42376977e-01
  3.47000000e+00   3.40902854e-01
  3.47500000e+00   3.42607368e-01
  3.48000000e+00   3.44320405e-01
  3.48500000e+00   3.46042007e-01
  3.49000000e+00   3.44522009e-01
  3.49500000e+00   3.42978161e-01
  3.50000000e+00   3.44693051e-01
  3.50500000e+00   3.46416517e-01
  3.51000000e+00   3.44832898e-01
  3.51500000e+00   3.46557063e-01
  3.52000000e+00   3.44940907e-01
  3.52500000e+00   3.36568555e-01
  3.53000000e+00   3.38251398e-01
  3.53500000e+00   3.39942655e-01
  3.54000000e+00   3.41642368e-01
  3.54500000e+00   3.39917074e-01
  3.55000000e+00   3.41616660e-01
  3.55500000e+00   3.43324743e-01
  3.56000000e+00   3.45041367e-01
  3.56500000e+00   3.43263881e-01
  3.57000000e+00   3.44980200e-01
  3.57500000e+00   3.36091680e-01
  3.58000000e+00   3.34216642e-01
  3.58500000e+00   3.35887725e-01
  3.59000000e+00   3.37567164e-01
  3.59500000e+00   3.39255000e-01
  3.60000000e+00   3.33696992e-01
  3.60500000e+00   3.35365477e-01
  3.61000000e+00   3.37042304e-01
  3.61500000e+00   3.35045695e-01
  3.62000000e+00   3.36720924e-01
  3.62500000e+00   3.38404528e-01
  3.63000000e+00   3.36359226e-01
  3.63500000e+00   3.38041022e-01
  3.64000000e+00   3.35956436e-01
  3.64500000e+00   3.37636218e-01
  3.65000000e+00   3.35511766e-01
  3.65500000e+00   3.33357628e-01
  3.66000000e+00   3.31173560e-01
  3.66500000e+00   3.32829428e-01
  3.67000000e+00   3.34493575e-01
  3.67500000e+00   3.28348228e-01
  3.68000000e+00   3.26061517e-01
  3.68500000e+00   3.27691825e-01
  3.69000000e+00   3.29330284e-01
  3.69500000e+00   3.30976935e-01
  3.70000000e+00   3.16601371e-01
  3.70500000e+00   3.14156727e-01
  3.71000000e+00   3.15727511e-01
  3.71500000e+00   3.17306149e-01
  3.72000000e+00   3.14804312e-01
  3.72500000e+00   3.16378333e-01
  3.73000000e+00   3.09701518e-01
  3.73500000e+00   3.07100025e-01
  3.74000000e+00   3.08635525e-01
  3.74500000e+00   3.10178703e-01
  3.75000000e+00   3.11729596e-01
  3.75500000e+00   3.04820994e-01
  3.76000000e+00   3.06345099e-01
  3.76500000e+00   3.07876825e-01
  3.77000000e+00   3.09416209e-01
  3.77500000e+00   3.06644355e-01
  3.78000000e+00   3.08177577e-01
  3.78500000e+00   3.09718465e-01
  3.79000000e+00   3.11267057e-01
  3.79500000e+00   3.08417429e-01
  3.80000000e+00   3.05531524e-01
  3.80500000e+00   3.07059181e-01
  3.81000000e+00   3.08594477e-01
  3.81500000e+00   3.01147958e-01
  3.82000000e+00   3.02653698e-01
  3.82500000e+00   3.04166966e-01
  3.83000000e+00   3.05687801e-01
  3.83500000e+00   3.07216240e-01
  3.84000000e+00   3.08752321e-01
  3.84500000e+00   3.10296083e-01
  3.85000000e+00   3.11847564e-01
  3.85500000e+00   3.08729088e-01
  3.86000000e+00   3.10272733e-01
  3.86500000e+00   3.11824097e-01
  3.87000000e+00   3.13383217e-01
  3.87500000e+00   3.14950134e-01
  3.88000000e+00   3.16524884e-01
  3.88500000e+00   3.18107509e-01
  3.89000000e+00   3.14854136e-01
  3.89500000e+00   3.06692148e-01
  3.90000000e+00   3.08225609e-01
  3.90500000e+00   3.09766737e-01
  3.91000000e+00   3.11315571e-01
  3.91500000e+00   3.12872149e-01
  3.92000000e+00   3.14436509e-01
  3.92500000e+00   3.16008692e-01
  3.93000000e+00   3.17588735e-01
  3.93500000e+00   3.19176679e-01
  3.94000000e+00   3.20772563e-01
  3.94500000e+00   3.22376425e-01
  3.95000000e+00   3.23988307e-01
  3.95500000e+00   3.20439864e-01
  3.96000000e+00   3.22042063e-01
  3.96500000e+00   3.18432076e-01
  3.97000000e+00   3.09531638e-01
  3.97500000e+00   3.05806766e-01
  3.98000000e+00   3.07335800e-01
  3.98500000e+00   3.08872479e-01
  3.99000000e+00   3.10416841e-01
  3.99500000e+00   3.06590151e-01
  4.00000000e+00   3.02717433e-01
  4.00500000e+00   3.04231020e-01
  4.01000000e+00   3.05752175e-01
  4.01500000e+00   3.01793777e-01
  4.02000000e+00   2.97788150e-01
  4.02500000e+00   2.99277091e-01
  4.03000000e+00   3.00773476e-01
  4.03500000e+00   3.02277344e-01
  4.04000000e+00   3.03788731e-01
  4.04500000e+00   3.05307674e-01
  4.05000000e+00   3.01152098e-01
  4.05500000e+00   3.02657858e-01
  4.06000000e+00   2.98432069e-01
  4.06500000e+00   2.99924229e-01
  4.07000000e+00   3.01423851e-01
  4.07500000e+00   2.91279779e-01
  4.08000000e+00   2.92736178e-01
  4.08500000e+00   2.94199858e-01
  4.09000000e+00   2.89757441e-01
  4.09500000e+00   2.91206228e-01
  4.10000000e+00   2.92662259e-01
  4.10500000e+00   2.94125570e-01
  4.11000000e+00   2.89563623e-01
  4.11500000e+00   2.91011441e-01
  4.12000000e+00   2.92466498e-01
  4.12500000e+00   2.93928830e-01
  4.13000000e+00   2.95398475e-01
  4.13500000e+00   2.84505656e-01
  4.14000000e+00   2.85928184e-01
  4.14500000e+00   2.87357825e-01
  4.15000000e+00   2.88794614e-01
  4.15500000e+00   2.90238587e-01
  4.16000000e+00   2.91689780e-01
  4.16500000e+00   2.93148229e-01
  4.17000000e+00   2.94613970e-01
  4.17500000e+00   2.96087040e-01
  4.18000000e+00   2.91098617e-01
  4.18500000e+00   2.86052908e-01
  4.19000000e+00   2.80949464e-01
  4.19500000e+00   2.82354211e-01
  4.20000000e+00   2.70567564e-01
  4.20500000e+00   2.71920402e-01
  4.21000000e+00   2.73280004e-01
  4.21500000e+00   2.74646404e-01
  4.22000000e+00   2.76019636e-01
  4.22500000e+00   2.77399734e-01
  4.23000000e+00   2.65187380e-01
  4.23500000e+00   2.66513317e-01
  4.24000000e+00   2.67845884e-01
  4.24500000e+00   2.69185113e-01
  4.25000000e+00   2.63594345e-01
  4.25500000e+00   2.64912317e-01
  4.26000000e+00   2.66236879e-01
  4.26500000e+00   2.67568063e-01
  4.27000000e+00   2.68905903e-01
  4.27500000e+00   2.70250433e-01
  4.28000000e+00   2.71601685e-01
  4.28500000e+00   2.72959694e-01
  4.29000000e+00   2.74324492e-01
  4.29500000e+00   2.75696115e-01
  4.30000000e+00   2.77074595e-01
  4.30500000e+00   2.78459968e-01
  4.31000000e+00   2.79852268e-01
  4.31500000e+00   2.66448817e-01
  4.32000000e+00   2.67781061e-01
  4.32500000e+00   2.69119967e-01
  4.33000000e+00   2.70465566e-01
  4.33500000e+00   2.64267397e-01
  4.34000000e+00   2.65588734e-01
  4.34500000e+00   2.51664296e-01
  4.35000000e+00   2.52922618e-01
  4.35500000e+00   2.54187231e-01
  4.36000000e+00   2.55458167e-01
  4.36500000e+00   2.56735458e-01
  4.37000000e+00   2.58019135e-01
  4.37500000e+00   2.59309231e-01
  4.38000000e+00   2.60605777e-01
  4.38500000e+00   2.61908806e-01
  4.39000000e+00   2.63218350e-01
  4.39500000e+00   2.64534442e-01
  4.40000000e+00   2.65857114e-01
  4.40500000e+00   2.67186399e-01
  4.41000000e+00   2.68522331e-01
  4.41500000e+00   2.69864943e-01
  4.42000000e+00   2.71214268e-01
  4.42500000e+00   2.72570339e-01
  4.43000000e+00   2.73933191e-01
  4.43500000e+00   2.75302857e-01
  4.44000000e+00   2.76679371e-01
  4.44500000e+00   2.78062768e-01
  4.45000000e+00   2.79453082e-01
  4.45500000e+00   2.80850347e-01
  4.46000000e+00   2.82254599e-01
  4.46500000e+00   2.83665872e-01
  4.47000000e+00   2.76445286e-01
  4.47500000e+00   2.77827512e-01
  4.48000000e+00   2.79216650e-01
  4.48500000e+00   2.80612733e-01
  4.49000000e+00   2.82015797e-01
  4.49500000e+00   2.83425876e-01
  4.50000000e+00   2.84843005e-01
  4.50500000e+00   2.86267220e-01
  4.51000000e+00   2.87698556e-01
  4.51500000e+00   2.89137049e-01
  4.52000000e+00   2.90582734e-01
  4.52500000e+00   2.92035648e-01
  4.53000000e+00   2.93495826e-01
  4.53500000e+00   2.94963305e-01
  4.54000000e+00   2.96438122e-01
  4.54500000e+00   2.88610303e-01
  4.55000000e+00   2.90053354e-01
  4.55500000e+00   2.91503621e-01
  4.56000000e+00   2.92961139e-01
  4.56500000e+00   2.94425945e-01
  4.57000000e+00   2.95898075e-01
  4.57500000e+00   2.87784740e-01
  4.58000000e+00   2.89223664e-01
  4.58500000e+00   2.90669782e-01
  4.59000000e+00   2.92123131e-01
  4.59500000e+00   2.93583747e-01
  4.60000000e+00   2.95051666e-01
  4.60500000e+00   2.96526924e-01
  4.61000000e+00   2.98009559e-01
  4.61500000e+00   2.99499606e-01
  4.62000000e+00   3.00997104e-01
  4.62500000e+00   3.02502090e-01
  4.63000000e+00   3.04014600e-01
  4.63500000e+00   3.05534673e-01
  4.64000000e+00   3.07062347e-01
  4.64500000e+00   3.08597659e-01
  4.65000000e+00   3.10140647e-01
  4.65500000e+00   3.11691350e-01
  4.66000000e+00   3.13249807e-01
  4.66500000e+00   3.14816056e-01
  4.67000000e+00   3.16390136e-01
  4.67500000e+00   3.17972087e-01
  4.68000000e+00   3.19561947e-01
  4.68500000e+00   2.99749106e-01
  4.69000000e+00   3.01247852e-01
  4.69500000e+00   3.02754091e-01
  4.70000000e+00   3.04267862e-01
  4.70500000e+00   2.94868158e-01
  4.71000000e+00   2.85366851e-01
  4.71500000e+00   2.86793685e-01
  4.72000000e+00   2.88227654e-01
  4.72500000e+00   2.89668792e-01
  4.73000000e+00   2.91117136e-01
  4.73500000e+00   2.92572721e-01
  4.74000000e+00   2.94035585e-01
  4.74500000e+00   2.95505763e-01
  4.75000000e+00   2.96983292e-01
  4.75500000e+00   2.98468208e-01
  4.76000000e+00   2.99960549e-01
  4.76500000e+00   3.01460352e-01
  4.77000000e+00   3.02967654e-01
  4.77500000e+00   3.04482492e-01
  4.78000000e+00   3.06004904e-01
  4.78500000e+00   3.07534929e-01
  4.79000000e+00   3.09072604e-01
  4.79500000e+00   3.10617967e-01
  4.80000000e+00   3.12171057e-01
  4.80500000e+00   3.13731912e-01
  4.81000000e+00   3.15300571e-01
  4.81500000e+00   3.16877074e-01
  4.82000000e+00   3.18461460e-01
  4.82500000e+00   3.20053767e-01
  4.83000000e+00   3.21654036e-01
  4.83500000e+00   3.23262306e-01
  4.84000000e+00   3.24878617e-01
  4.84500000e+00   3.26503011e-01
  4.85000000e+00   3.28135526e-01
  4.85500000e+00   3.29776203e-01
  4.86000000e+00   3.31425084e-01
  4.86500000e+00   3.33082210e-01
  4.87000000e+00   3.34747621e-01
  4.87500000e+00   3.36421359e-01
  4.88000000e+00   3.38103466e-01
  4.88500000e+00   3.39793983e-01
  4.89000000e+00   3.41492953e-01
  4.89500000e+00   3.43200418e-01
  4.90000000e+00   3.31650404e-01
  4.90500000e+00   3.33308656e-01
  4.91000000e+00   3.34975199e-01
  4.91500000e+00   3.36650075e-01
  4.92000000e+00   3.38333325e-01
  4.92500000e+00   3.40024992e-01
  4.93000000e+00   3.41725117e-01
  4.93500000e+00   3.43433742e-01
  4.94000000e+00   3.31344875e-01
  4.94500000e+00   3.33001599e-01
  4.95000000e+00   3.34666607e-01
  4.95500000e+00   3.36339940e-01
  4.96000000e+00   3.38021640e-01
  4.96500000e+00   3.39711748e-01
  4.97000000e+00   3.41410307e-01
  4.97500000e+00   3.28820802e-01
  4.98000000e+00   3.30464906e-01
  4.98500000e+00   3.32117230e-01
  4.99000000e+00   3.33777816e-01
  4.99500000e+00   3.35446705e-01
  5.00000000e+00   3.37123939e-01
  5.00500000e+00   3.38809559e-01
