  0.00000000e+00   1.00000000e+00
  5.00000000e-03   1.00500000e+00
  1.00000000e-02   1.01002500e+00
  1.50000000e-02   1.01507513e+00
  2.00000000e-02   1.02015050e+00
  2.50000000e-02   1.02525125e+00
  3.00000000e-02   1.03037751e+00
  3.50000000e-02   1.03552940e+00
  4.00000000e-02   1.04070704e+00
  4.50000000e-02   1.04591058e+00
  5.00000000e-02   1.05114013e+00
  5.50000000e-02   1.05639583e+00
  6.00000000e-02   1.06167781e+00
  6.50000000e-02   1.06698620e+00
  7.00000000e-02   1.07232113e+00
  7.50000000e-02   1.07768274e+00
  8.00000000e-02   1.08307115e+00
  8.50000000e-02   1.08826881e+00
  9.00000000e-02   1.09371015e+00
  9.50000000e-02   1.09840913e+00
  1.00000000e-01   1.10390117e+00
  1.05000000e-01   1.10897651e+00
  1.10000000e-01   1.11452139e+00
  1.15000000e-01   1.11785089e+00
  1.20000000e-01   1.12344015e+00
  1.25000000e-01   1.12577224e+00
  1.30000000e-01   1.13140110e+00
  1.35000000e-01   1.13454098e+00
  1.40000000e-01   1.14021368e+00
  1.45000000e-01   1.14256344e+00
  1.50000000e-01   1.14827626e+00
  1.55000000e-01   1.14864849e+00
  1.60000000e-01   1.15439173e+00
  1.65000000e-01   1.15462282e+00
  1.70000000e-01   1.16039594e+00
  1.75000000e-01   1.16000614e+00
  1.80000000e-01   1.16580617e+00
  1.85000000e-01   1.16369762e+00
  1.90000000e-01   1.16951610e+00
  1.95000000e-01   1.16977597e+00
  2.00000000e-01   1.17562485e+00
  2.05000000e-01   1.17438696e+00
  2.10000000e-01   1.18025890e+00
  2.15000000e-01   1.17860109e+00
  2.20000000e-01   1.18449409e+00
  2.25000000e-01   1.18253135e+00
  2.30000000e-01   1.18844401e+00
  2.35000000e-01   1.18616913e+00
  2.40000000e-01   1.19209998e+00
  2.45000000e-01   1.18912259e+00
  2.50000000e-01   1.19506820e+00
  2.55000000e-01   1.19085537e+00
  2.60000000e-01   1.19680965e+00
  2.65000000e-01   1.19484802e+00
  2.70000000e-01   1.20082226e+00
  2.75000000e-01   1.19630134e+00
  2.80000000e-01   1.20228284e+00
  2.85000000e-01   1.19593625e+00
  2.90000000e-01   1.20191593e+00
  2.95000000e-01   1.19772525e+00
  3.00000000e-01   1.20371388e+00
  3.05000000e-01   1.19888769e+00
  3.10000000e-01   1.20488213e+00
  3.15000000e-01   1.20118533e+00
  3.20000000e-01   1.20719126e+00
  3.25000000e-01   1.20271710e+00
  3.30000000e-01   1.20873068e+00
  3.35000000e-01   1.20373982e+00
  3.40000000e-01   1.20975852e+00
  3.45000000e-01   1.20508541e+00
  3.50000000e-01   1.21111084e+00
  3.55000000e-01   1.20576703e+00
  3.60000000e-01   1.21179587e+00
  3.65000000e-01   1.20677297e+00
  3.70000000e-01   1.21280684e+00
  3.75000000e-01   1.20607891e+00
  3.80000000e-01   1.21210930e+00
  3.85000000e-01   1.20642421e+00
  3.90000000e-01   1.21245633e+00
  3.95000000e-01   1.20368937e+00
  4.00000000e-01   1.20970782e+00
  4.05000000e-01   1.20392381e+00
  4.10000000e-01   1.20994343e+00
  4.15000000e-01   1.20389070e+00
  4.20000000e-01   1.20991016e+00
  4.25000000e-01   1.20465272e+00
  4.30000000e-01   1.21067598e+00
  4.35000000e-01   1.20453738e+00
  4.40000000e-01   1.21056006e+00
  4.45000000e-01   1.20429865e+00
  4.50000000e-01   1.21032014e+00
  4.55000000e-01   1.20440640e+00
  4.60000000e-01   1.21042843e+00
  4.65000000e-01   1.20375921e+00
  4.70000000e-01   1.20977801e+00
  4.75000000e-01   1.20137189e+00
  4.80000000e-01   1.20737875e+00
  4.85000000e-01   1.19914016e+00
  4.90000000e-01   1.20513586e+00
  4.95000000e-01   1.19772604e+00
  5.00000000e-01   1.20371467e+00
  5.05000000e-01   1.19847991e+00
  5.10000000e-01   1.20447231e+00
  5.15000000e-01   1.19728988e+00
  5.20000000e-01   1.20327633e+00
  5.25000000e-01   1.19798144e+00
  5.30000000e-01   1.20397135e+00
  5.35000000e-01   1.19907810e+00
  5.40000000e-01   1.20507349e+00
  5.45000000e-01   1.19835407e+00
  5.50000000e-01   1.20434584e+00
  5.55000000e-01   1.19627735e+00
  5.60000000e-01   1.20225873e+00
  5.65000000e-01   1.19597122e+00
  5.70000000e-01   1.20195108e+00
  5.75000000e-01   1.19695840e+00
  5.80000000e-01   1.20294319e+00
  5.85000000e-01   1.19515661e+00
  5.90000000e-01   1.20113239e+00
  5.95000000e-01   1.19555184e+00
  6.00000000e-01   1.20152960e+00
  6.05000000e-01   1.19565204e+00
  6.10000000e-01   1.20163030e+00
  6.15000000e-01   1.19360259e+00
  6.20000000e-01   1.19957060e+00
  6.25000000e-01   1.19176495e+00
  6.30000000e-01   1.19772377e+00
  6.35000000e-01   1.19033572e+00
  6.40000000e-01   1.19628739e+00
  6.45000000e-01   1.18856776e+00
  6.50000000e-01   1.19451060e+00
  6.55000000e-01   1.19087314e+00
  6.60000000e-01   1.19682750e+00
  6.65000000e-01   1.19058163e+00
  6.70000000e-01   1.19653454e+00
  6.75000000e-01   1.18643921e+00
  6.80000000e-01   1.19237140e+00
  6.85000000e-01   1.18585681e+00
  6.90000000e-01   1.19178610e+00
  6.95000000e-01   1.18494348e+00
  7.00000000e-01   1.19086819e+00
  7.05000000e-01   1.18449874e+00
  7.10000000e-01   1.19042123e+00
  7.15000000e-01   1.18433410e+00
  7.20000000e-01   1.19025577e+00
  7.25000000e-01   1.18755083e+00
  7.30000000e-01   1.19348859e+00
  7.35000000e-01   1.18738237e+00
  7.40000000e-01   1.19331928e+00
  7.45000000e-01   1.18730143e+00
  7.50000000e-01   1.19323793e+00
  7.55000000e-01   1.18540064e+00
  7.60000000e-01   1.19132764e+00
  7.65000000e-01   1.18570181e+00
  7.70000000e-01   1.19163032e+00
  7.75000000e-01   1.18653981e+00
  7.80000000e-01   1.19247251e+00
  7.85000000e-01   1.18486851e+00
  7.90000000e-01   1.19079285e+00
  7.95000000e-01   1.18414948e+00
  8.00000000e-01   1.19007023e+00
  8.05000000e-01   1.18485951e+00
  8.10000000e-01   1.19078380e+00
  8.15000000e-01   1.17825006e+00
  8.20000000e-01   1.18414131e+00
  8.25000000e-01   1.18095324e+00
  8.30000000e-01   1.18685801e+00
  8.35000000e-01   1.17968216e+00
  8.40000000e-01   1.18558057e+00
  8.45000000e-01   1.18082230e+00
  8.50000000e-01   1.18672641e+00
  8.55000000e-01   1.18186674e+00
  8.60000000e-01   1.18777607e+00
  8.65000000e-01   1.17902162e+00
  8.70000000e-01   1.18491673e+00
  8.75000000e-01   1.18006988e+00
  8.80000000e-01   1.18597023e+00
  8.85000000e-01   1.18005361e+00
  8.90000000e-01   1.18595388e+00
  8.95000000e-01   1.18065098e+00
  9.00000000e-01   1.18655424e+00
  9.05000000e-01   1.18064846e+00
  9.10000000e-01   1.18655170e+00
  9.15000000e-01   1.18252010e+00
  9.20000000e-01   1.18843271e+00
  9.25000000e-01   1.17927849e+00
  9.30000000e-01   1.18517489e+00
  9.35000000e-01   1.18068149e+00
  9.40000000e-01   1.18658490e+00
  9.45000000e-01   1.17865730e+00
  9.50000000e-01   1.18455059e+00
  9.55000000e-01   1.18139961e+00
  9.60000000e-01   1.18730661e+00
  9.65000000e-01   1.18276921e+00
  9.70000000e-01   1.18868305e+00
  9.75000000e-01   1.18087385e+00
  9.80000000e-01   1.18677822e+00
  9.85000000e-01   1.17962300e+00
  9.90000000e-01   1.18552111e+00
  9.95000000e-01   1.17903779e+00
  1.00000000e+00   1.18493298e+00
  1.00500000e+00   1.17505221e+00
  1.01000000e+00   1.18092748e+00
  1.01500000e+00   1.17114347e+00
  1.02000000e+00   1.17699919e+00
  1.02500000e+00   1.16842825e+00
  1.03000000e+00   1.17427039e+00
  1.03500000e+00   1.16862954e+00
  1.04000000e+00   1.17447269e+00
  1.04500000e+00   1.16616503e+00
  1.05000000e+00   1.17199585e+00
  1.05500000e+00   1.16324721e+00
  1.06000000e+00   1.16906345e+00
  1.06500000e+00   1.16160027e+00
  1.07000000e+00   1.16740827e+00
  1.07500000e+00   1.15863454e+00
  1.08000000e+00   1.16442771e+00
  1.08500000e+00   1.15608289e+00
  1.09000000e+00   1.16186330e+00
  1.09500000e+00   1.15902761e+00
  1.10000000e+00   1.16482275e+00
  1.10500000e+00   1.16010863e+00
  1.11000000e+00   1.16590917e+00
  1.11500000e+00   1.15774962e+00
  1.12000000e+00   1.16353837e+00
  1.12500000e+00   1.15645537e+00
  1.13000000e+00   1.16223764e+00
  1.13500000e+00   1.15532904e+00
  1.14000000e+00   1.16110569e+00
  1.14500000e+00   1.15469061e+00
  1.15000000e+00   1.16046406e+00
  1.15500000e+00   1.15265731e+00
  1.16000000e+00   1.15842059e+00
  1.16500000e+00   1.15110651e+00
  1.17000000e+00   1.15686204e+00
  1.17500000e+00   1.15134599e+00
  1.18000000e+00   1.15710272e+00
  1.18500000e+00   1.14756132e+00
  1.19000000e+00   1.15329913e+00
  1.19500000e+00   1.14786693e+00
  1.20000000e+00   1.15360626e+00
  1.20500000e+00   1.14739797e+00
  1.21000000e+00   1.15313496e+00
  1.21500000e+00   1.14478819e+00
  1.22000000e+00   1.15051213e+00
  1.22500000e+00   1.14642270e+00
  1.23000000e+00   1.15215481e+00
  1.23500000e+00   1.14831770e+00
  1.24000000e+00   1.15405929e+00
  1.24500000e+00   1.14805819e+00
  1.25000000e+00   1.15379848e+00
  1.25500000e+00   1.14802774e+00
  1.26000000e+00   1.15376788e+00
  1.26500000e+00   1.15035367e+00
  1.27000000e+00   1.15610544e+00
  1.27500000e+00   1.14940024e+00
  1.28000000e+00   1.15514724e+00
  1.28500000e+00   1.14795177e+00
  1.29000000e+00   1.15369153e+00
  1.29500000e+00   1.14635875e+00
  1.30000000e+00   1.15209054e+00
  1.30500000e+00   1.14498598e+00
  1.31000000e+00   1.15071091e+00
  1.31500000e+00   1.14347048e+00
  1.32000000e+00   1.14918784e+00
  1.32500000e+00   1.13955966e+00
  1.33000000e+00   1.14525745e+00
  1.33500000e+00   1.14227278e+00
  1.34000000e+00   1.14798414e+00
  1.34500000e+00   1.14492577e+00
  1.35000000e+00   1.15065040e+00
  1.35500000e+00   1.14442620e+00
  1.36000000e+00   1.15014833e+00
  1.36500000e+00   1.14263081e+00
  1.37000000e+00   1.14834397e+00
  1.37500000e+00   1.13792534e+00
  1.38000000e+00   1.14361496e+00
  1.38500000e+00   1.14017659e+00
  1.39000000e+00   1.14587747e+00
  1.39500000e+00   1.14155443e+00
  1.40000000e+00   1.14726220e+00
  1.40500000e+00   1.13715950e+00
  1.41000000e+00   1.14284530e+00
  1.41500000e+00   1.13584333e+00
  1.42000000e+00   1.14152255e+00
  1.42500000e+00   1.13645805e+00
  1.43000000e+00   1.14214034e+00
  1.43500000e+00   1.13697093e+00
  1.44000000e+00   1.14265579e+00
  1.44500000e+00   1.13568925e+00
  1.45000000e+00   1.14136769e+00
  1.45500000e+00   1.13640209e+00
  1.46000000e+00   1.14208410e+00
  1.46500000e+00   1.13442801e+00
  1.47000000e+00   1.14010015e+00
  1.47500000e+00   1.13055815e+00
  1.48000000e+00   1.13621094e+00
  1.48500000e+00   1.13001562e+00
  1.49000000e+00   1.13566570e+00
  1.49500000e+00   1.13156996e+00
  1.50000000e+00   1.13722781e+00
  1.50500000e+00   1.13079825e+00
  1.51000000e+00   1.13645225e+00
  1.51500000e+00   1.12672476e+00
  1.52000000e+00   1.13235838e+00
  1.52500000e+00   1.12703365e+00
  1.53000000e+00   1.13266882e+00
  1.53500000e+00   1.12631079e+00
  1.54000000e+00   1.13194234e+00
  1.54500000e+00   1.12546016e+00
  1.55000000e+00   1.13108746e+00
  1.55500000e+00   1.12495096e+00
  1.56000000e+00   1.13057571e+00
  1.56500000e+00   1.12622406e+00
  1.57000000e+00   1.13185518e+00
  1.57500000e+00   1.12500372e+00
  1.58000000e+00   1.13062874e+00
  1.58500000e+00   1.12170171e+00
  1.59000000e+00   1.12731022e+00
  1.59500000e+00   1.12165657e+00
  1.60000000e+00   1.12726485e+00
  1.60500000e+00   1.11505241e+00
  1.61000000e+00   1.12062767e+00
  1.61500000e+00   1.10870387e+00
  1.62000000e+00   1.11424739e+00
  1.62500000e+00   1.10970283e+00
  1.63000000e+00   1.11525135e+00
  1.63500000e+00   1.10652351e+00
  1.64000000e+00   1.11205613e+00
  1.64500000e+00   1.10574883e+00
  1.65000000e+00   1.11127758e+00
  1.65500000e+00   1.10745318e+00
  1.66000000e+00   1.11299045e+00
  1.66500000e+00   1.10697506e+00
  1.67000000e+00   1.11250994e+00
  1.67500000e+00   1.10850268e+00
  1.68000000e+00   1.11404519e+00
  1.68500000e+00   1.10511680e+00
  1.69000000e+00   1.11064239e+00
  1.69500000e+00   1.10155163e+00
  1.70000000e+00   1.10705939e+00
  1.70500000e+00   1.09835172e+00
  1.71000000e+00   1.10384348e+00
  1.71500000e+00   1.09497695e+00
  1.72000000e+00   1.10045183e+00
  1.72500000e+00   1.09310066e+00
  1.73000000e+00   1.09856616e+00
  1.73500000e+00   1.09164115e+00
  1.74000000e+00   1.09709936e+00
  1.74500000e+00   1.09232295e+00
  1.75000000e+00   1.09778456e+00
  1.75500000e+00   1.08830213e+00
  1.76000000e+00   1.09374364e+00
  1.76500000e+00   1.08525411e+00
  1.77000000e+00   1.09068038e+00
  1.77500000e+00   1.08262302e+00
  1.78000000e+00   1.08803614e+00
  1.78500000e+00   1.07983011e+00
  1.79000000e+00   1.08522927e+00
  1.79500000e+00   1.07986871e+00
  1.80000000e+00   1.08526805e+00
  1.80500000e+00   1.07979955e+00
  1.81000000e+00   1.08519855e+00
  1.81500000e+00   1.07717514e+00
  1.82000000e+00   1.08256102e+00
  1.82500000e+00   1.07562451e+00
  1.83000000e+00   1.08100264e+00
  1.83500000e+00   1.07580551e+00
  1.84000000e+00   1.08118454e+00
  1.84500000e+00   1.07462222e+00
  1.85000000e+00   1.07999533e+00
  1.85500000e+00   1.08030553e+00
  1.86000000e+00   1.08570705e+00
  1.86500000e+00   1.07507058e+00
  1.87000000e+00   1.08044593e+00
  1.87500000e+00   1.06897305e+00
  1.88000000e+00   1.07431792e+00
  1.88500000e+00   1.06592298e+00
  1.89000000e+00   1.07125259e+00
  1.89500000e+00   1.06535280e+00
  1.90000000e+00   1.07067956e+00
  1.90500000e+00   1.06600157e+00
  1.91000000e+00   1.07133158e+00
  1.91500000e+00   1.06182805e+00
  1.92000000e+00   1.06713719e+00
  1.92500000e+00   1.05882818e+00
  1.93000000e+00   1.06412233e+00
  1.93500000e+00   1.06117405e+00
  1.94000000e+00   1.06647992e+00
  1.94500000e+00   1.05789268e+00
  1.95000000e+00   1.06318214e+00
  1.95500000e+00   1.05725070e+00
  1.96000000e+00   1.06253696e+00
  1.96500000e+00   1.05719955e+00
  1.97000000e+00   1.06248554e+00
  1.97500000e+00   1.06349523e+00
  1.98000000e+00   1.06881270e+00
  1.98500000e+00   1.06329207e+00
  1.99000000e+00   1.06860853e+00
  1.99500000e+00   1.06517267e+00
  2.00000000e+00   1.07049854e+00
  2.00500000e+00   1.06476740e+00
  2.01000000e+00   1.07009124e+00
  2.01500000e+00   1.06499326e+00
  2.02000000e+00   1.07031823e+00
  2.02500000e+00   1.06059386e+00
  2.03000000e+00   1.06589683e+00
  2.03500000e+00   1.06285141e+00
  2.04000000e+00   1.06816567e+00
  2.04500000e+00   1.06120270e+00
  2.05000000e+00   1.06650871e+00
  2.05500000e+00   1.06407429e+00
  2.06000000e+00   1.06939466e+00
  2.06500000e+00   1.06454335e+00
  2.07000000e+00   1.06986607e+00
  2.07500000e+00   1.05778376e+00
  2.08000000e+00   1.06307268e+00
  2.08500000e+00   1.05558339e+00
  2.09000000e+00   1.06086131e+00
  2.09500000e+00   1.05727416e+00
  2.10000000e+00   1.06256054e+00
  2.10500000e+00   1.04909575e+00
  2.11000000e+00   1.05434123e+00
  2.11500000e+00   1.04559471e+00
  2.12000000e+00   1.05082268e+00
  2.12500000e+00   1.04275090e+00
  2.13000000e+00   1.04796466e+00
  2.13500000e+00   1.04142744e+00
  2.14000000e+00   1.04663457e+00
  2.14500000e+00   1.03742368e+00
  2.15000000e+00   1.04261080e+00
  2.15500000e+00   1.03066048e+00
  2.16000000e+00   1.03581378e+00
  2.16500000e+00   1.02972482e+00
  2.17000000e+00   1.03487344e+00
  2.17500000e+00   1.02779136e+00
  2.18000000e+00   1.03293031e+00
  2.18500000e+00   1.03278954e+00
  2.19000000e+00   1.03795349e+00
  2.19500000e+00   1.02974672e+00
  2.20000000e+00   1.03489546e+00
  2.20500000e+00   1.02653910e+00
  2.21000000e+00   1.03167180e+00
  2.21500000e+00   1.02589697e+00
  2.22000000e+00   1.03102646e+00
  2.22500000e+00   1.02237811e+00
  2.23000000e+00   1.02749000e+00
  2.23500000e+00   1.02333287e+00
  2.24000000e+00   1.02844953e+00
  2.24500000e+00   1.02326525e+00
  2.25000000e+00   1.02838158e+00
  2.25500000e+00   1.01740431e+00
  2.26000000e+00   1.02249133e+00
  2.26500000e+00   1.01132302e+00
  2.27000000e+00   1.01637964e+00
  2.27500000e+00   1.01082131e+00
  2.28000000e+00   1.01587542e+00
  2.28500000e+00   1.01216188e+00
  2.29000000e+00   1.01722269e+00
  2.29500000e+00   1.01244096e+00
  2.30000000e+00   1.01750316e+00
  2.30500000e+00   1.01262391e+00
  2.31000000e+00   1.01768703e+00
  2.31500000e+00   1.01170211e+00
  2.32000000e+00   1.01676062e+00
  2.32500000e+00   1.00862653e+00
  2.33000000e+00   1.01366967e+00
  2.33500000e+00   1.00641457e+00
  2.34000000e+00   1.01144664e+00
  2.34500000e+00   1.00405689e+00
  2.35000000e+00   1.00907718e+00
  2.35500000e+00   1.00469374e+00
  2.36000000e+00   1.00971720e+00
  2.36500000e+00   1.00735874e+00
  2.37000000e+00   1.01239553e+00
  2.37500000e+00   1.00249490e+00
  2.38000000e+00   1.00750738e+00
  2.38500000e+00   1.00175019e+00
  2.39000000e+00   1.00675894e+00
  2.39500000e+00   1.00525097e+00
  2.40000000e+00   1.01027723e+00
  2.40500000e+00   1.00431637e+00
  2.41000000e+00   1.00933796e+00
  2.41500000e+00   1.00326201e+00
  2.42000000e+00   1.00827832e+00
  2.42500000e+00   1.00433239e+00
  2.43000000e+00   1.00935406e+00
  2.43500000e+00   1.00191938e+00
  2.44000000e+00   1.00692898e+00
  2.44500000e+00   9.98211006e-01
  2.45000000e+00   1.00320206e+00
  2.45500000e+00   9.94327581e-01
  2.46000000e+00   9.99299219e-01
  2.46500000e+00   9.87927683e-01
  2.47000000e+00   9.92867321e-01
  2.47500000e+00   9.83661267e-01
  2.48000000e+00   9.88579574e-01
  2.48500000e+00   9.82788135e-01
  2.49000000e+00   9.87702076e-01
  2.49500000e+00   9.81798638e-01
  2.50000000e+00   9.86707631e-01
  2.50500000e+00   9.79473793e-01
  2.51000000e+00   9.84371162e-01
  2.51500000e+00   9.81919405e-01
  2.52000000e+00   9.86829002e-01
  2.52500000e+00   9.83074359e-01
  2.53000000e+00   9.87989730e-01
  2.53500000e+00   9.79138989e-01
  2.54000000e+00   9.84034684e-01
  2.54500000e+00   9.75025916e-01
  2.55000000e+00   9.79901045e-01
  2.55500000e+00   9.70731971e-01
  2.56000000e+00   9.75585631e-01
  2.56500000e+00   9.71421076e-01
  2.57000000e+00   9.76278181e-01
  2.57500000e+00   9.72026438e-01
  2.58000000e+00   9.76886570e-01
  2.58500000e+00   9.69910682e-01
  2.59000000e+00   9.74760236e-01
  2.59500000e+00   9.67654816e-01
  2.60000000e+00   9.72493090e-01
  2.60500000e+00   9.66600611e-01
  2.61000000e+00   9.71433614e-01
  2.61500000e+00   9.64070175e-01
  2.62000000e+00   9.68890526e-01
  2.62500000e+00   9.58648943e-01
  2.63000000e+00   9.63442188e-01
  2.63500000e+00   9.57177746e-01
  2.64000000e+00   9.61963635e-01
  2.64500000e+00   9.58378894e-01
  2.65000000e+00   9.63170788e-01
  2.65500000e+00   9.53855450e-01
  2.66000000e+00   9.58624727e-01
  2.66500000e+00   9.53426851e-01
  2.67000000e+00   9.58193985e-01
  2.67500000e+00   9.47127419e-01
  2.68000000e+00   9.51863056e-01
  2.68500000e+00   9.33325631e-01
  2.69000000e+00   9.37992260e-01
  2.69500000e+00   9.32387719e-01
  2.70000000e+00   9.37049658e-01
  2.70500000e+00   9.26881043e-01
  2.71000000e+00   9.31515448e-01
  2.71500000e+00   9.28671639e-01
  2.72000000e+00   9.33314997e-01
  2.72500000e+00   9.28889667e-01
  2.73000000e+00   9.33534115e-01
  2.73500000e+00   9.29018734e-01
  2.74000000e+00   9.33663828e-01
  2.74500000e+00   9.25965331e-01
  2.75000000e+00   9.30595158e-01
  2.75500000e+00   9.21195991e-01
  2.76000000e+00   9.25801971e-01
  2.76500000e+00   9.20968971e-01
  2.77000000e+00   9.25573816e-01
  2.77500000e+00   9.17459196e-01
  2.78000000e+00   9.22046492e-01
  2.78500000e+00   9.12177713e-01
  2.79000000e+00   9.16738602e-01
  2.79500000e+00   9.16447574e-01
  2.80000000e+00   9.21029812e-01
  2.80500000e+00   9.15787780e-01
  2.81000000e+00   9.20366719e-01
  2.81500000e+00   9.08392056e-01
  2.82000000e+00   9.12934016e-01
  2.82500000e+00   8.99081741e-01
  2.83000000e+00   9.03577150e-01
  2.83500000e+00   8.92875566e-01
  2.84000000e+00   8.97339944e-01
  2.84500000e+00   8.88162604e-01
  2.85000000e+00   8.92603417e-01
  2.85500000e+00   8.91891050e-01
  2.86000000e+00   8.96350506e-01
  2.86500000e+00   8.88635303e-01
  2.87000000e+00   8.93078480e-01
  2.87500000e+00   8.90504312e-01
  2.88000000e+00   8.94956834e-01
  2.88500000e+00   8.92321487e-01
  2.89000000e+00   8.96783094e-01
  2.89500000e+00   8.90494894e-01
  2.90000000e+00   8.94947368e-01
  2.90500000e+00   8.81288595e-01
  2.91000000e+00   8.85695038e-01
  2.91500000e+00   8.75471274e-01
  2.92000000e+00   8.79848631e-01
  2.92500000e+00   8.73148528e-01
  2.93000000e+00   8.77514271e-01
  2.93500000e+00   8.74428098e-01
  2.94000000e+00   8.78800238e-01
  2.94500000e+00   8.75645571e-01
  2.95000000e+00   8.80023798e-01
  2.95500000e+00   8.74893487e-01
  2.96000000e+00   8.79267955e-01
  2.96500000e+00   8.75963516e-01
  2.97000000e+00   8.80343334e-01
  2.97500000e+00   8.75022577e-01
  2.98000000e+00   8.79397690e-01
  2.98500000e+00   8.79866702e-01
  2.99000000e+00   8.84266036e-01
  2.99500000e+00   8.82736335e-01
  3.00000000e+00   8.87150016e-01
  3.00500000e+00   8.79564385e-01
  3.01000000e+00   8.83962207e-01
  3.01500000e+00   8.86358369e-01
  3.02000000e+00   8.90790161e-01
  3.02500000e+00   8.87068366e-01
  3.03000000e+00   8.91503708e-01
  3.03500000e+00   8.91832373e-01
  3.04000000e+00   8.96291535e-01
  3.04500000e+00   8.86177134e-01
  3.05000000e+00   8.90608020e-01
  3.05500000e+00   8.80318878e-01
  3.06000000e+00   8.84720472e-01
  3.06500000e+00   8.87016935e-01
  3.07000000e+00   8.91452020e-01
  3.07500000e+00   8.93760817e-01
  3.08000000e+00   8.98229621e-01
  3.08500000e+00   8.94040762e-01
  3.09000000e+00   8.98510965e-01
  3.09500000e+00   8.85469471e-01
  3.10000000e+00   8.89896819e-01
  3.10500000e+00   8.87705117e-01
  3.11000000e+00   8.92143643e-01
  3.11500000e+00   8.89896598e-01
  3.12000000e+00   8.94346081e-01
  3.12500000e+00   8.85267794e-01
  3.13000000e+00   8.89694133e-01
  3.13500000e+00   8.85018699e-01
  3.14000000e+00   8.89443793e-01
  3.14500000e+00   8.80067955e-01
  3.15000000e+00   8.84468295e-01
  3.15500000e+00   8.79582881e-01
  3.16000000e+00   8.83980795e-01
  3.16500000e+00   8.67248302e-01
  3.17000000e+00   8.71584543e-01
  3.17500000e+00   8.64073327e-01
  3.18000000e+00   8.68393693e-01
  3.18500000e+00   8.53554658e-01
  3.19000000e+00   8.57822432e-01
  3.19500000e+00   8.57268220e-01
  3.20000000e+00   8.61554562e-01
  3.20500000e+00   8.58524518e-01
  3.21000000e+00   8.62817141e-01
  3.21500000e+00   8.62190308e-01
  3.22000000e+00   8.66501259e-01
  3.22500000e+00   8.63348088e-01
  3.23000000e+00   8.67664829e-01
  3.23500000e+00   8.66962672e-01
  3.24000000e+00   8.71297486e-01
  3.24500000e+00   8.65471950e-01
  3.25000000e+00   8.69799310e-01
  3.25500000e+00   8.66435233e-01
  3.26000000e+00   8.70767409e-01
  3.26500000e+00   8.67330850e-01
  3.27000000e+00   8.71667504e-01
  3.27500000e+00   8.70780178e-01
  3.28000000e+00   8.75134078e-01
  3.28500000e+00   8.76860623e-01
  3.29000000e+00   8.81244926e-01
  3.29500000e+00   8.82975468e-01
  3.30000000e+00   8.87390345e-01
  3.30500000e+00   8.83719776e-01
  3.31000000e+00   8.88138375e-01
  3.31500000e+00   8.84390268e-01
  3.32000000e+00   8.88812219e-01
  3.32500000e+00   8.90499316e-01
  3.33000000e+00   8.94951813e-01
  3.33500000e+00   8.91072765e-01
  3.34000000e+00   8.95528129e-01
  3.34500000e+00   8.94380733e-01
  3.35000000e+00   8.98852637e-01
  3.35500000e+00   8.94824760e-01
  3.36000000e+00   8.99298883e-01
  3.36500000e+00   8.89449419e-01
  3.37000000e+00   8.93896667e-01
  3.37500000e+00   8.89672284e-01
  3.38000000e+00   8.94120645e-01
  3.38500000e+00   8.83956212e-01
  3.39000000e+00   8.88375993e-01
  3.39500000e+00   8.78036120e-01
  3.40000000e+00   8.82426301e-01
  3.40500000e+00   8.77880468e-01
  3.41000000e+00   8.82269871e-01
  3.41500000e+00   8.74617530e-01
  3.42000000e+00   8.78990617e-01
  3.42500000e+00   8.74247099e-01
  3.43000000e+00   8.78618335e-01
  3.43500000e+00   8.73781342e-01
  3.44000000e+00   8.78150248e-01
  3.44500000e+00   8.76325922e-01
  3.45000000e+00   8.80707552e-01
  3.45500000e+00   8.78833706e-01
  3.46000000e+00   8.83227874e-01
  3.46500000e+00   8.74963385e-01
  3.47000000e+00   8.79338202e-01
  3.47500000e+00   8.67725203e-01
  3.48000000e+00   8.72063829e-01
  3.48500000e+00   8.73190111e-01
  3.49000000e+00   8.77556061e-01
  3.49500000e+00   8.62345089e-01
  3.50000000e+00   8.66656815e-01
  3.50500000e+00   8.57793279e-01
  3.51000000e+00   8.62082246e-01
  3.51500000e+00   8.53063539e-01
  3.52000000e+00   8.57328857e-01
  3.52500000e+00   8.51518444e-01
  3.53000000e+00   8.55776037e-01
  3.53500000e+00   8.49856637e-01
  3.54000000e+00   8.54105920e-01
  3.54500000e+00   8.48075933e-01
  3.55000000e+00   8.52316312e-01
  3.55500000e+00   8.53109967e-01
  3.56000000e+00   8.57375517e-01
  3.56500000e+00   8.51154317e-01
  3.57000000e+00   8.55410088e-01
  3.57500000e+00   8.56149331e-01
  3.58000000e+00   8.60430078e-01
  3.58500000e+00   8.46865860e-01
  3.59000000e+00   8.51100189e-01
  3.59500000e+00   8.48137499e-01
  3.60000000e+00   8.52378186e-01
  3.60500000e+00   8.42058970e-01
  3.61000000e+00   8.46269264e-01
  3.61500000e+00   8.32091507e-01
  3.62000000e+00   8.36251964e-01
  3.62500000e+00   8.21839569e-01
  3.63000000e+00   8.25948766e-01
  3.63500000e+00   8.26322499e-01
  3.64000000e+00   8.30454111e-01
  3.64500000e+00   8.34606382e-01
  3.65000000e+00   8.38779414e-01
  3.65500000e+00   8.39141614e-01
  3.66000000e+00   8.43337322e-01
  3.66500000e+00   8.32073570e-01
  3.67000000e+00   8.36233938e-01
  3.67500000e+00   8.36506200e-01
  3.68000000e+00   8.40688731e-01
  3.68500000e+00   8.40944081e-01
  3.69000000e+00   8.45148801e-01
  3.69500000e+00   8.41399197e-01
  3.70000000e+00   8.45606193e-01
  3.70500000e+00   8.37751273e-01
  3.71000000e+00   8.41940030e-01
  3.71500000e+00   8.38013675e-01
  3.72000000e+00   8.42203743e-01
  3.72500000e+00   8.46414762e-01
  3.73000000e+00   8.50646836e-01
  3.73500000e+00   8.54900070e-01
  3.74000000e+00   8.59174570e-01
  3.74500000e+00   8.46704027e-01
  3.75000000e+00   8.50937547e-01
  3.75500000e+00   8.38257735e-01
  3.76000000e+00   8.42449023e-01
  3.76500000e+00   8.29557000e-01
  3.77000000e+00   8.33704785e-01
  3.77500000e+00   8.29235440e-01
  3.78000000e+00   8.33381617e-01
  3.78500000e+00   8.24461830e-01
  3.79000000e+00   8.28584139e-01
  3.79500000e+00   8.28321096e-01
  3.80000000e+00   8.32462702e-01
  3.80500000e+00   8.09924217e-01
  3.81000000e+00   8.13973838e-01
  3.81500000e+00   8.09054216e-01
  3.82000000e+00   8.13099487e-01
  3.82500000e+00   8.12625179e-01
  3.83000000e+00   8.16688305e-01
  3.83500000e+00   8.11601112e-01
  3.84000000e+00   8.15659118e-01
  3.84500000e+00   8.05843559e-01
  3.85000000e+00   8.09872777e-01
  3.85500000e+00   8.04566714e-01
  3.86000000e+00   8.08589547e-01
  3.86500000e+00   8.07907888e-01
  3.87000000e+00   8.11947427e-01
  3.87500000e+00   8.16007164e-01
  3.88000000e+00   8.20087200e-01
  3.88500000e+00   8.24187636e-01
  3.89000000e+00   8.28308574e-01
  3.89500000e+00   8.27581988e-01
  3.90000000e+00   8.31719898e-01
  3.90500000e+00   8.35878497e-01
  3.91000000e+00   8.40057890e-01
  3.91500000e+00   8.29359505e-01
  3.92000000e+00   8.33506303e-01
  3.92500000e+00   8.27641812e-01
  3.93000000e+00   8.31780021e-01
  3.93500000e+00   8.35938922e-01
  3.94000000e+00   8.40118616e-01
  3.94500000e+00   8.39202123e-01
  3.95000000e+00   8.43398134e-01
  3.95500000e+00   8.47615124e-01
  3.96000000e+00   8.51853200e-01
  3.96500000e+00   8.56112466e-01
  3.97000000e+00   8.60393028e-01
  3.97500000e+00   8.54149933e-01
  3.98000000e+00   8.58420682e-01
  3.98500000e+00   8.52062011e-01
  3.99000000e+00   8.56322321e-01
  3.99500000e+00   8.39088834e-01
  4.00000000e+00   8.43284278e-01
  4.00500000e+00   8.36635306e-01
  4.01000000e+00   8.40818482e-01
  4.01500000e+00   8.39535415e-01
  4.02000000e+00   8.43733092e-01
  4.02500000e+00   8.36867421e-01
  4.03000000e+00   8.41051758e-01
  4.03500000e+00   8.34061560e-01
  4.04000000e+00   8.38231868e-01
  4.04500000e+00   8.31115335e-01
  4.05000000e+00   8.35270912e-01
  4.05500000e+00   8.39447267e-01
  4.06000000e+00   8.43644503e-01
  4.06500000e+00   8.30559404e-01
  4.07000000e+00   8.34712201e-01
  4.07500000e+00   8.21408976e-01
  4.08000000e+00   8.25516021e-01
  4.08500000e+00   8.23759604e-01
  4.09000000e+00   8.27878402e-01
  4.09500000e+00   8.26074809e-01
  4.10000000e+00   8.30205183e-01
  4.10500000e+00   8.22351084e-01
  4.11000000e+00   8.26462839e-01
  4.11500000e+00   8.12406939e-01
  4.12000000e+00   8.16468973e-01
  4.12500000e+00   8.20551318e-01
  4.13000000e+00   8.24654075e-01
  4.13500000e+00   8.22592440e-01
  4.14000000e+00   8.26705402e-01
  4.14500000e+00   8.24592020e-01
  4.15000000e+00   8.28714980e-01
  4.15500000e+00   8.26549020e-01
  4.16000000e+00   8.30681765e-01
  4.16500000e+00   8.28462386e-01
  4.17000000e+00   8.32604698e-01
  4.17500000e+00   8.30331047e-01
  4.18000000e+00   8.34482702e-01
  4.18500000e+00   8.25652711e-01
  4.19000000e+00   8.29780974e-01
  4.19500000e+00   8.33929879e-01
  4.20000000e+00   8.38099529e-01
  4.20500000e+00   8.15761207e-01
  4.21000000e+00   8.19840013e-01
  4.21500000e+00   8.10541827e-01
  4.22000000e+00   8.14594536e-01
  4.22500000e+00   8.18667509e-01
  4.23000000e+00   8.22760846e-01
  4.23500000e+00   8.26874651e-01
  4.24000000e+00   8.31009024e-01
  4.24500000e+00   8.14457522e-01
  4.25000000e+00   8.18529810e-01
  4.25500000e+00   8.08679705e-01
  4.26000000e+00   8.12723104e-01
  4.26500000e+00   8.09745454e-01
  4.27000000e+00   8.13794182e-01
  4.27500000e+00   8.10751299e-01
  4.28000000e+00   8.14805055e-01
  4.28500000e+00   8.11695931e-01
  4.29000000e+00   8.15754411e-01
  4.29500000e+00   8.05322861e-01
  4.30000000e+00   8.09349475e-01
  4.30500000e+00   7.84084647e-01
  4.31000000e+00   7.88005070e-01
  4.31500000e+00   7.62339671e-01
  4.32000000e+00   7.66151370e-01
  4.32500000e+00   7.55031017e-01
  4.33000000e+00   7.58806172e-01
  4.33500000e+00   7.47499209e-01
  4.34000000e+00   7.51236705e-01
  4.34500000e+00   7.54992889e-01
  4.35000000e+00   7.58767853e-01
  4.35500000e+00   7.54859049e-01
  4.36000000e+00   7.58633344e-01
  4.36500000e+00   7.54646649e-01
  4.37000000e+00   7.58419882e-01
  4.37500000e+00   7.54354126e-01
  4.38000000e+00   7.58125896e-01
  4.38500000e+00   7.61916526e-01
  4.39000000e+00   7.65726109e-01
  4.39500000e+00   7.69554739e-01
  4.40000000e+00   7.73402513e-01
  4.40500000e+00   7.77269525e-01
  4.41000000e+00   7.81155873e-01
  4.41500000e+00   7.85061652e-01
  4.42000000e+00   7.88986961e-01
  4.42500000e+00   7.84672188e-01
  4.43000000e+00   7.88595549e-01
  4.43500000e+00   7.84196016e-01
  4.44000000e+00   7.88116996e-01
  4.44500000e+00   7.75205292e-01
  4.45000000e+00   7.79081319e-01
  4.45500000e+00   7.74466109e-01
  4.46000000e+00   7.78338439e-01
  4.46500000e+00   7.73634196e-01
  4.47000000e+00   7.77502367e-01
  4.47500000e+00   7.81389879e-01
  4.48000000e+00   7.85296828e-01
  4.48500000e+00   7.89223312e-01
  4.49000000e+00   7.93169429e-01
  4.49500000e+00   7.97135276e-01
  4.50000000e+00   8.01120952e-01
  4.50500000e+00   8.05126557e-01
  4.51000000e+00   8.09152190e-01
  4.51500000e+00   7.95126885e-01
  4.52000000e+00   7.99102520e-01
  4.52500000e+00   7.93971918e-01
  4.53000000e+00   7.97941778e-01
  4.53500000e+00   8.01931487e-01
  4.54000000e+00   8.05941144e-01
  4.54500000e+00   7.72730811e-01
  4.55000000e+00   7.76594465e-01
  4.55500000e+00   7.61670752e-01
  4.56000000e+00   7.65479106e-01
  4.56500000e+00   7.50311279e-01
  4.57000000e+00   7.54062835e-01
  4.57500000e+00   7.48240325e-01
  4.58000000e+00   7.51981526e-01
  4.58500000e+00   7.36363449e-01
  4.59000000e+00   7.40045266e-01
  4.59500000e+00   7.43745492e-01
  4.60000000e+00   7.47464220e-01
  4.60500000e+00   7.51201541e-01
  4.61000000e+00   7.54957548e-01
  4.61500000e+00   7.48749016e-01
  4.62000000e+00   7.52492761e-01
  4.62500000e+00   7.56255225e-01
  4.63000000e+00   7.60036501e-01
  4.63500000e+00   7.43467705e-01
  4.64000000e+00   7.47185044e-01
  4.64500000e+00   7.50920969e-01
  4.65000000e+00   7.54675574e-01
  4.65500000e+00   7.58448952e-01
  4.66000000e+00   7.62241197e-01
  4.66500000e+00   7.34570797e-01
  4.67000000e+00   7.38243651e-01
  4.67500000e+00   7.41934869e-01
  4.68000000e+00   7.45644543e-01
  4.68500000e+00   7.49372766e-01
  4.69000000e+00   7.53119630e-01
  4.69500000e+00   7.56885228e-01
  4.70000000e+00   7.60669654e-01
  4.70500000e+00   7.53551960e-01
  4.71000000e+00   7.57319720e-01
  4.71500000e+00   7.61106318e-01
  4.72000000e+00   7.64911850e-01
  4.72500000e+00   7.57595302e-01
  4.73000000e+00   7.61383278e-01
  4.73500000e+00   7.65190194e-01
  4.74000000e+00   7.69016145e-01
  4.74500000e+00   7.61495620e-01
  4.75000000e+00   7.65303098e-01
  4.75500000e+00   7.46170521e-01
  4.76000000e+00   7.49901373e-01
  4.76500000e+00   7.42056251e-01
  4.77000000e+00   7.45766532e-01
  4.77500000e+00   7.49495365e-01
  4.78000000e+00   7.53242842e-01
  4.78500000e+00   7.33352523e-01
  4.79000000e+00   7.37019286e-01
  4.79500000e+00   7.40704382e-01
  4.80000000e+00   7.44407904e-01
  4.80500000e+00   7.48129944e-01
  4.81000000e+00   7.51870593e-01
  4.81500000e+00   7.55629946e-01
  4.82000000e+00   7.59408096e-01
  4.82500000e+00   7.63205136e-01
  4.83000000e+00   7.67021162e-01
  4.83500000e+00   7.58423102e-01
  4.84000000e+00   7.62215218e-01
  4.84500000e+00   7.53468486e-01
  4.85000000e+00   7.57235828e-01
  4.85500000e+00   7.35654607e-01
  4.86000000e+00   7.39332880e-01
  4.86500000e+00   7.43029545e-01
  4.87000000e+00   7.46744692e-01
  4.87500000e+00   7.50478416e-01
  4.88000000e+00   7.54230808e-01
  4.88500000e+00   7.44932963e-01
  4.89000000e+00   7.48657627e-01
  4.89500000e+00   7.52400915e-01
  4.90000000e+00   7.56162920e-01
  4.90500000e+00   7.59943735e-01
  4.91000000e+00   7.63743453e-01
  4.91500000e+00   7.40630165e-01
  4.92000000e+00   7.44333315e-01
  4.92500000e+00   7.34453982e-01
  4.93000000e+00   7.38126252e-01
  4.93500000e+00   7.28079534e-01
  4.94000000e+00   7.31719931e-01
  4.94500000e+00   7.35378531e-01
  4.95000000e+00   7.39055424e-01
  4.95500000e+00   7.28736537e-01
  4.96000000e+00   7.32380219e-01
  4.96500000e+00   7.21887464e-01
  4.97000000e+00   7.25496902e-01
  4.97500000e+00   7.29124386e-01
  4.98000000e+00   7.32770008e-01
  4.98500000e+00   7.21993979e-01
  4.99000000e+00   7.25603948e-01
  4.99500000e+00   7.14647329e-01
  5.00000000e+00   7.18220565e-01
  5.00500000e+00   6.77619117e-01
