  0.00000000e+00   1.00000000e+00
  5.00000000e-03   1.00500000e+00
  1.00000000e-02   1.01002500e+00
  1.50000000e-02   1.01507513e+00
  2.00000000e-02   1.02015050e+00
  2.50000000e-02   1.02525125e+00
  3.00000000e-02   1.03037751e+00
  3.50000000e-02   1.03552940e+00
  4.00000000e-02   1.04070704e+00
  4.50000000e-02   1.04591058e+00
  5.00000000e-02   1.05114013e+00
  5.50000000e-02   1.05639583e+00
  6.00000000e-02   1.06167781e+00
  6.50000000e-02   1.06698620e+00
  7.00000000e-02   1.07232113e+00
  7.50000000e-02   1.07768274e+00
  8.00000000e-02   1.08307115e+00
  8.50000000e-02   1.08848651e+00
  9.00000000e-02   1.09392894e+00
  9.50000000e-02   1.09939858e+00
  1.00000000e-01   1.10489558e+00
  1.05000000e-01   1.11042006e+00
  1.10000000e-01   1.11597216e+00
  1.15000000e-01   1.12155202e+00
  1.20000000e-01   1.12715978e+00
  1.25000000e-01   1.13279558e+00
  1.30000000e-01   1.13845955e+00
  1.35000000e-01   1.14415185e+00
  1.40000000e-01   1.14987261e+00
  1.45000000e-01   1.15562197e+00
  1.50000000e-01   1.16140008e+00
  1.55000000e-01   1.16709036e+00
  1.60000000e-01   1.17292581e+00
  1.65000000e-01   1.17879044e+00
  1.70000000e-01   1.18468440e+00
  1.75000000e-01   1.19060782e+00
  1.80000000e-01   1.19656086e+00
  1.85000000e-01   1.20254366e+00
  1.90000000e-01   1.20855638e+00
  1.95000000e-01   1.21435622e+00
  2.00000000e-01   1.22042800e+00
  2.05000000e-01   1.22640745e+00
  2.10000000e-01   1.23253949e+00
  2.15000000e-01   1.23857826e+00
  2.20000000e-01   1.24477115e+00
  2.25000000e-01   1.25099501e+00
  2.30000000e-01   1.25724999e+00
  2.35000000e-01   1.26353624e+00
  2.40000000e-01   1.26985392e+00
  2.45000000e-01   1.27594782e+00
  2.50000000e-01   1.28232756e+00
  2.55000000e-01   1.28873919e+00
  2.60000000e-01   1.29518289e+00
  2.65000000e-01   1.30139829e+00
  2.70000000e-01   1.30790528e+00
  2.75000000e-01   1.31431325e+00
  2.80000000e-01   1.32088481e+00
  2.85000000e-01   1.32695771e+00
  2.90000000e-01   1.33359250e+00
  2.95000000e-01   1.33999203e+00
  3.00000000e-01   1.34669199e+00
  3.05000000e-01   1.35247654e+00
  3.10000000e-01   1.35923892e+00
  3.15000000e-01   1.36562436e+00
  3.20000000e-01   1.37245248e+00
  3.25000000e-01   1.37862329e+00
  3.30000000e-01   1.38551640e+00
  3.35000000e-01   1.39202495e+00
  3.40000000e-01   1.39898508e+00
  3.45000000e-01   1.40513354e+00
  3.50000000e-01   1.41215921e+00
  3.55000000e-01   1.41779508e+00
  3.60000000e-01   1.42488406e+00
  3.65000000e-01   1.43128888e+00
  3.70000000e-01   1.43844532e+00
  3.75000000e-01   1.44345710e+00
  3.80000000e-01   1.45067438e+00
  3.85000000e-01   1.45587227e+00
  3.90000000e-01   1.46315163e+00
  3.95000000e-01   1.46928105e+00
  4.00000000e-01   1.47662745e+00
  4.05000000e-01   1.48281236e+00
  4.10000000e-01   1.49022642e+00
  4.15000000e-01   1.49601347e+00
  4.20000000e-01   1.50349353e+00
  4.25000000e-01   1.50933023e+00
  4.30000000e-01   1.51687688e+00
  4.35000000e-01   1.52245499e+00
  4.40000000e-01   1.53006727e+00
  4.45000000e-01   1.53584709e+00
  4.50000000e-01   1.54352633e+00
  4.55000000e-01   1.54903981e+00
  4.60000000e-01   1.55678501e+00
  4.65000000e-01   1.56234270e+00
  4.70000000e-01   1.57015441e+00
  4.75000000e-01   1.57559602e+00
  4.80000000e-01   1.58347400e+00
  4.85000000e-01   1.58895805e+00
  4.90000000e-01   1.59690284e+00
  4.95000000e-01   1.60226579e+00
  5.00000000e-01   1.61027712e+00
  5.05000000e-01   1.61534968e+00
  5.10000000e-01   1.62342643e+00
  5.15000000e-01   1.62937062e+00
  5.20000000e-01   1.63751747e+00
  5.25000000e-01   1.64266621e+00
  5.30000000e-01   1.65087954e+00
  5.35000000e-01   1.65572360e+00
  5.40000000e-01   1.66400221e+00
  5.45000000e-01   1.66922214e+00
  5.50000000e-01   1.67756825e+00
  5.55000000e-01   1.68160726e+00
  5.60000000e-01   1.69001530e+00
  5.65000000e-01   1.69495143e+00
  5.70000000e-01   1.70342618e+00
  5.75000000e-01   1.70803923e+00
  5.80000000e-01   1.71657942e+00
  5.85000000e-01   1.72050214e+00
  5.90000000e-01   1.72910465e+00
  5.95000000e-01   1.73304328e+00
  6.00000000e-01   1.74170849e+00
  6.05000000e-01   1.74566295e+00
  6.10000000e-01   1.75439127e+00
  6.15000000e-01   1.75910021e+00
  6.20000000e-01   1.76789571e+00
  6.25000000e-01   1.77281798e+00
  6.30000000e-01   1.78168207e+00
  6.35000000e-01   1.78606879e+00
  6.40000000e-01   1.79499913e+00
  6.45000000e-01   1.79902652e+00
  6.50000000e-01   1.80802165e+00
  6.55000000e-01   1.81244895e+00
  6.60000000e-01   1.82151119e+00
  6.65000000e-01   1.82654208e+00
  6.70000000e-01   1.83567479e+00
  6.75000000e-01   1.84093170e+00
  6.80000000e-01   1.85013636e+00
  6.85000000e-01   1.85364391e+00
  6.90000000e-01   1.86291213e+00
  6.95000000e-01   1.86682604e+00
  7.00000000e-01   1.87616017e+00
  7.05000000e-01   1.87927806e+00
  7.10000000e-01   1.88867445e+00
  7.15000000e-01   1.89260834e+00
  7.20000000e-01   1.90207138e+00
  7.25000000e-01   1.90560483e+00
  7.30000000e-01   1.91513285e+00
  7.35000000e-01   1.92054518e+00
  7.40000000e-01   1.93014791e+00
  7.45000000e-01   1.93454231e+00
  7.50000000e-01   1.94421502e+00
  7.55000000e-01   1.94990123e+00
  7.60000000e-01   1.95965074e+00
  7.65000000e-01   1.96301429e+00
  7.70000000e-01   1.97282936e+00
  7.75000000e-01   1.97792741e+00
  7.80000000e-01   1.98781705e+00
  7.85000000e-01   1.99097296e+00
  7.90000000e-01   2.00092782e+00
  7.95000000e-01   2.00607033e+00
  8.00000000e-01   2.01610068e+00
  8.05000000e-01   2.02082387e+00
  8.10000000e-01   2.03092799e+00
  8.15000000e-01   2.03341701e+00
  8.20000000e-01   2.04358410e+00
  8.25000000e-01   2.04856447e+00
  8.30000000e-01   2.05880729e+00
  8.35000000e-01   2.06220126e+00
  8.40000000e-01   2.07251227e+00
  8.45000000e-01   2.07637020e+00
  8.50000000e-01   2.08675205e+00
  8.55000000e-01   2.08991206e+00
  8.60000000e-01   2.10036162e+00
  8.65000000e-01   2.10256881e+00
  8.70000000e-01   2.11308165e+00
  8.75000000e-01   2.11646611e+00
  8.80000000e-01   2.12704844e+00
  8.85000000e-01   2.12849662e+00
  8.90000000e-01   2.13913910e+00
  8.95000000e-01   2.14421846e+00
  9.00000000e-01   2.15493956e+00
  9.05000000e-01   2.15905507e+00
  9.10000000e-01   2.16985035e+00
  9.15000000e-01   2.17372455e+00
  9.20000000e-01   2.18459317e+00
  9.25000000e-01   2.18494867e+00
  9.30000000e-01   2.19587342e+00
  9.35000000e-01   2.19973718e+00
  9.40000000e-01   2.21073587e+00
  9.45000000e-01   2.21383259e+00
  9.50000000e-01   2.22490175e+00
  9.55000000e-01   2.23058202e+00
  9.60000000e-01   2.24173493e+00
  9.65000000e-01   2.24770664e+00
  9.70000000e-01   2.25894517e+00
  9.75000000e-01   2.26336359e+00
  9.80000000e-01   2.27468040e+00
  9.85000000e-01   2.27937569e+00
  9.90000000e-01   2.29077257e+00
  9.95000000e-01   2.29386255e+00
  1.00000000e+00   2.30533186e+00
  1.00500000e+00   2.31059085e+00
  1.01000000e+00   2.32214380e+00
  1.01500000e+00   2.32522210e+00
  1.02000000e+00   2.33684821e+00
  1.02500000e+00   2.34130449e+00
  1.03000000e+00   2.35301101e+00
  1.03500000e+00   2.35466778e+00
  1.04000000e+00   2.36644112e+00
  1.04500000e+00   2.37004891e+00
  1.05000000e+00   2.38189916e+00
  1.05500000e+00   2.38492890e+00
  1.06000000e+00   2.39685355e+00
  1.06500000e+00   2.40160494e+00
  1.07000000e+00   2.41361296e+00
  1.07500000e+00   2.41662235e+00
  1.08000000e+00   2.42870546e+00
  1.08500000e+00   2.43051891e+00
  1.09000000e+00   2.44267151e+00
  1.09500000e+00   2.44951900e+00
  1.10000000e+00   2.46176659e+00
  1.10500000e+00   2.46323610e+00
  1.11000000e+00   2.47555228e+00
  1.11500000e+00   2.47789439e+00
  1.12000000e+00   2.49028386e+00
  1.12500000e+00   2.49689925e+00
  1.13000000e+00   2.50938375e+00
  1.13500000e+00   2.51386446e+00
  1.14000000e+00   2.52643378e+00
  1.14500000e+00   2.53248562e+00
  1.15000000e+00   2.54514805e+00
  1.15500000e+00   2.54901206e+00
  1.16000000e+00   2.56175713e+00
  1.16500000e+00   2.56497602e+00
  1.17000000e+00   2.57780090e+00
  1.17500000e+00   2.58197248e+00
  1.18000000e+00   2.59488234e+00
  1.18500000e+00   2.59839973e+00
  1.19000000e+00   2.61139172e+00
  1.19500000e+00   2.61357935e+00
  1.20000000e+00   2.62664725e+00
  1.20500000e+00   2.63013290e+00
  1.21000000e+00   2.64328356e+00
  1.21500000e+00   2.64944376e+00
  1.22000000e+00   2.66269097e+00
  1.22500000e+00   2.66853809e+00
  1.23000000e+00   2.68188078e+00
  1.23500000e+00   2.68534952e+00
  1.24000000e+00   2.69877627e+00
  1.24500000e+00   2.70222984e+00
  1.25000000e+00   2.71574098e+00
  1.25500000e+00   2.72057747e+00
  1.26000000e+00   2.73418036e+00
  1.26500000e+00   2.73866821e+00
  1.27000000e+00   2.75236155e+00
  1.27500000e+00   2.75149723e+00
  1.28000000e+00   2.76525471e+00
  1.28500000e+00   2.76971289e+00
  1.29000000e+00   2.78356146e+00
  1.29500000e+00   2.78255840e+00
  1.30000000e+00   2.79647120e+00
  1.30500000e+00   2.80126426e+00
  1.31000000e+00   2.81527058e+00
  1.31500000e+00   2.82043677e+00
  1.32000000e+00   2.83453896e+00
  1.32500000e+00   2.83821225e+00
  1.33000000e+00   2.85240331e+00
  1.33500000e+00   2.85681815e+00
  1.34000000e+00   2.87110224e+00
  1.34500000e+00   2.87512932e+00
  1.35000000e+00   2.88950497e+00
  1.35500000e+00   2.89352052e+00
  1.36000000e+00   2.90798812e+00
  1.36500000e+00   2.90925981e+00
  1.37000000e+00   2.92380611e+00
  1.37500000e+00   2.92699465e+00
  1.38000000e+00   2.94162962e+00
  1.38500000e+00   2.94757943e+00
  1.39000000e+00   2.96231732e+00
  1.39500000e+00   2.96747857e+00
  1.40000000e+00   2.98231597e+00
  1.40500000e+00   2.98666821e+00
  1.41000000e+00   3.00160155e+00
  1.41500000e+00   3.00635456e+00
  1.42000000e+00   3.02138633e+00
  1.42500000e+00   3.02199234e+00
  1.43000000e+00   3.03710230e+00
  1.43500000e+00   3.04140771e+00
  1.44000000e+00   3.05661475e+00
  1.44500000e+00   3.06006332e+00
  1.45000000e+00   3.07536364e+00
  1.45500000e+00   3.08006801e+00
  1.46000000e+00   3.09546835e+00
  1.46500000e+00   3.10275332e+00
  1.47000000e+00   3.11826709e+00
  1.47500000e+00   3.12079342e+00
  1.48000000e+00   3.13639739e+00
  1.48500000e+00   3.14196246e+00
  1.49000000e+00   3.15767227e+00
  1.49500000e+00   3.16102092e+00
  1.50000000e+00   3.17682602e+00
  1.50500000e+00   3.17790208e+00
  1.51000000e+00   3.19379159e+00
  1.51500000e+00   3.19571048e+00
  1.52000000e+00   3.21168903e+00
  1.52500000e+00   3.21950759e+00
  1.53000000e+00   3.23560513e+00
  1.53500000e+00   3.24161122e+00
  1.54000000e+00   3.25781927e+00
  1.54500000e+00   3.26663643e+00
  1.55000000e+00   3.28296962e+00
  1.55500000e+00   3.28664917e+00
  1.56000000e+00   3.30308242e+00
  1.56500000e+00   3.30768768e+00
  1.57000000e+00   3.32422611e+00
  1.57500000e+00   3.32352469e+00
  1.58000000e+00   3.34014231e+00
  1.58500000e+00   3.33934681e+00
  1.59000000e+00   3.35604354e+00
  1.59500000e+00   3.35957005e+00
  1.60000000e+00   3.37636790e+00
  1.60500000e+00   3.38085476e+00
  1.61000000e+00   3.39775904e+00
  1.61500000e+00   3.40122705e+00
  1.62000000e+00   3.41823319e+00
  1.62500000e+00   3.42267961e+00
  1.63000000e+00   3.43979301e+00
  1.63500000e+00   3.43655756e+00
  1.64000000e+00   3.45374034e+00
  1.64500000e+00   3.45656156e+00
  1.65000000e+00   3.47384437e+00
  1.65500000e+00   3.48079050e+00
  1.66000000e+00   3.49819445e+00
  1.66500000e+00   3.50147319e+00
  1.67000000e+00   3.51898056e+00
  1.67500000e+00   3.52381572e+00
  1.68000000e+00   3.54143479e+00
  1.68500000e+00   3.54142144e+00
  1.69000000e+00   3.55912854e+00
  1.69500000e+00   3.56228022e+00
  1.70000000e+00   3.58009162e+00
  1.70500000e+00   3.58648815e+00
  1.71000000e+00   3.60442059e+00
  1.71500000e+00   3.60971683e+00
  1.72000000e+00   3.62776542e+00
  1.72500000e+00   3.62578583e+00
  1.73000000e+00   3.64391476e+00
  1.73500000e+00   3.64802315e+00
  1.74000000e+00   3.66626326e+00
  1.74500000e+00   3.66521098e+00
  1.75000000e+00   3.68353703e+00
  1.75500000e+00   3.68640755e+00
  1.76000000e+00   3.70483958e+00
  1.76500000e+00   3.70766075e+00
  1.77000000e+00   3.72619905e+00
  1.77500000e+00   3.72544504e+00
  1.78000000e+00   3.74407227e+00
  1.78500000e+00   3.74439992e+00
  1.79000000e+00   3.76312192e+00
  1.79500000e+00   3.76635674e+00
  1.80000000e+00   3.78518852e+00
  1.80500000e+00   3.79140382e+00
  1.81000000e+00   3.81036084e+00
  1.81500000e+00   3.81657457e+00
  1.82000000e+00   3.83565745e+00
  1.82500000e+00   3.84001657e+00
  1.83000000e+00   3.85921665e+00
  1.83500000e+00   3.86354500e+00
  1.84000000e+00   3.88286273e+00
  1.84500000e+00   3.88337982e+00
  1.85000000e+00   3.90279672e+00
  1.85500000e+00   3.90958625e+00
  1.86000000e+00   3.92913418e+00
  1.86500000e+00   3.92821664e+00
  1.87000000e+00   3.94785772e+00
  1.87500000e+00   3.95137095e+00
  1.88000000e+00   3.97112780e+00
  1.88500000e+00   3.97852801e+00
  1.89000000e+00   3.99842065e+00
  1.89500000e+00   4.00583245e+00
  1.90000000e+00   4.02586161e+00
  1.90500000e+00   4.03395326e+00
  1.91000000e+00   4.05412303e+00
  1.91500000e+00   4.06831448e+00
  1.92000000e+00   4.08865605e+00
  1.92500000e+00   4.08931452e+00
  1.93000000e+00   4.10976110e+00
  1.93500000e+00   4.11170490e+00
  1.94000000e+00   4.13226343e+00
  1.94500000e+00   4.13204528e+00
  1.95000000e+00   4.15270551e+00
  1.95500000e+00   4.15589505e+00
  1.96000000e+00   4.17667453e+00
  1.96500000e+00   4.18193776e+00
  1.97000000e+00   4.20284745e+00
  1.97500000e+00   4.21023633e+00
  1.98000000e+00   4.23128751e+00
  1.98500000e+00   4.23650905e+00
  1.99000000e+00   4.25769160e+00
  1.99500000e+00   4.26727486e+00
  2.00000000e+00   4.28861124e+00
  2.00500000e+00   4.28788703e+00
  2.01000000e+00   4.30932647e+00
  2.01500000e+00   4.31445414e+00
  2.02000000e+00   4.33602641e+00
  2.02500000e+00   4.34263058e+00
  2.03000000e+00   4.36434374e+00
  2.03500000e+00   4.36789294e+00
  2.04000000e+00   4.38973240e+00
  2.04500000e+00   4.39783929e+00
  2.05000000e+00   4.41982849e+00
  2.05500000e+00   4.42406361e+00
  2.06000000e+00   4.44618393e+00
  2.06500000e+00   4.45586312e+00
  2.07000000e+00   4.47814243e+00
  2.07500000e+00   4.48547855e+00
  2.08000000e+00   4.50790594e+00
  2.08500000e+00   4.51123849e+00
  2.09000000e+00   4.53379469e+00
  2.09500000e+00   4.53868076e+00
  2.10000000e+00   4.56137416e+00
  2.10500000e+00   4.56621986e+00
  2.11000000e+00   4.58905096e+00
  2.11500000e+00   4.58890737e+00
  2.12000000e+00   4.61185191e+00
  2.12500000e+00   4.61575520e+00
  2.13000000e+00   4.63883398e+00
  2.13500000e+00   4.65109232e+00
  2.14000000e+00   4.67434778e+00
  2.14500000e+00   4.67987685e+00
  2.15000000e+00   4.70327624e+00
  2.15500000e+00   4.70362207e+00
  2.16000000e+00   4.72714018e+00
  2.16500000e+00   4.73864107e+00
  2.17000000e+00   4.76233428e+00
  2.17500000e+00   4.77388949e+00
  2.18000000e+00   4.79775894e+00
  2.18500000e+00   4.80229451e+00
  2.19000000e+00   4.82630598e+00
  2.19500000e+00   4.83346857e+00
  2.20000000e+00   4.85763591e+00
  2.20500000e+00   4.86478504e+00
  2.21000000e+00   4.88910897e+00
  2.21500000e+00   4.89259924e+00
  2.22000000e+00   4.91706224e+00
  2.22500000e+00   4.91496081e+00
  2.23000000e+00   4.93953562e+00
  2.23500000e+00   4.93634957e+00
  2.24000000e+00   4.96103131e+00
  2.24500000e+00   4.96048953e+00
  2.25000000e+00   4.98529198e+00
  2.25500000e+00   4.98841015e+00
  2.26000000e+00   5.01335220e+00
  2.26500000e+00   5.01734973e+00
  2.27000000e+00   5.04243648e+00
  2.27500000e+00   5.04540092e+00
  2.28000000e+00   5.07062792e+00
  2.28500000e+00   5.07448728e+00
  2.29000000e+00   5.09985971e+00
  2.29500000e+00   5.10364975e+00
  2.30000000e+00   5.12916800e+00
  2.30500000e+00   5.12989691e+00
  2.31000000e+00   5.15554640e+00
  2.31500000e+00   5.16421076e+00
  2.32000000e+00   5.19003182e+00
  2.32500000e+00   5.19056296e+00
  2.33000000e+00   5.21651577e+00
  2.33500000e+00   5.22514014e+00
  2.34000000e+00   5.25126584e+00
  2.34500000e+00   5.25573994e+00
  2.35000000e+00   5.28201864e+00
  2.35500000e+00   5.29376168e+00
  2.36000000e+00   5.32023048e+00
  2.36500000e+00   5.32884309e+00
  2.37000000e+00   5.35548730e+00
  2.37500000e+00   5.36730213e+00
  2.38000000e+00   5.39413864e+00
  2.38500000e+00   5.39520200e+00
  2.39000000e+00   5.42217801e+00
  2.39500000e+00   5.43075390e+00
  2.40000000e+00   5.45790767e+00
  2.40500000e+00   5.46207151e+00
  2.41000000e+00   5.48938186e+00
  2.41500000e+00   5.50125708e+00
  2.42000000e+00   5.52876336e+00
  2.42500000e+00   5.53730914e+00
  2.43000000e+00   5.56499568e+00
  2.43500000e+00   5.57126181e+00
  2.44000000e+00   5.59911812e+00
  2.44500000e+00   5.59846242e+00
  2.45000000e+00   5.62645473e+00
  2.45500000e+00   5.63027864e+00
  2.46000000e+00   5.65843004e+00
  2.46500000e+00   5.65983185e+00
  2.47000000e+00   5.68813101e+00
  2.47500000e+00   5.69885867e+00
  2.48000000e+00   5.72735297e+00
  2.48500000e+00   5.73332836e+00
  2.49000000e+00   5.76199500e+00
  2.49500000e+00   5.76671175e+00
  2.50000000e+00   5.79554531e+00
  2.50500000e+00   5.80627197e+00
  2.51000000e+00   5.83530333e+00
  2.51500000e+00   5.84604582e+00
  2.52000000e+00   5.87527605e+00
  2.52500000e+00   5.88727485e+00
  2.53000000e+00   5.91671123e+00
  2.53500000e+00   5.92874300e+00
  2.54000000e+00   5.95838671e+00
  2.54500000e+00   5.96285330e+00
  2.55000000e+00   5.99266756e+00
  2.55500000e+00   5.99833063e+00
  2.56000000e+00   6.02832228e+00
  2.56500000e+00   6.04167071e+00
  2.57000000e+00   6.07187906e+00
  2.57500000e+00   6.07353432e+00
  2.58000000e+00   6.10390199e+00
  2.58500000e+00   6.11201867e+00
  2.59000000e+00   6.14257877e+00
  2.59500000e+00   6.15066424e+00
  2.60000000e+00   6.18141757e+00
  2.60500000e+00   6.18812603e+00
  2.61000000e+00   6.21906666e+00
  2.61500000e+00   6.22164724e+00
  2.62000000e+00   6.25275548e+00
  2.62500000e+00   6.25384718e+00
  2.63000000e+00   6.28511642e+00
  2.63500000e+00   6.28745266e+00
  2.64000000e+00   6.31888993e+00
  2.64500000e+00   6.32949798e+00
  2.65000000e+00   6.36114547e+00
  2.65500000e+00   6.36892817e+00
  2.66000000e+00   6.40077281e+00
  2.66500000e+00   6.40280367e+00
  2.67000000e+00   6.43481769e+00
  2.67500000e+00   6.44536787e+00
  2.68000000e+00   6.47759471e+00
  2.68500000e+00   6.47940571e+00
  2.69000000e+00   6.51180274e+00
  2.69500000e+00   6.51494889e+00
  2.70000000e+00   6.54752363e+00
  2.70500000e+00   6.55203891e+00
  2.71000000e+00   6.58479911e+00
  2.71500000e+00   6.58321673e+00
  2.72000000e+00   6.61613281e+00
  2.72500000e+00   6.62951434e+00
  2.73000000e+00   6.66266192e+00
  2.73500000e+00   6.68067014e+00
  2.74000000e+00   6.71407349e+00
  2.74500000e+00   6.72600193e+00
  2.75000000e+00   6.75963194e+00
  2.75500000e+00   6.75908042e+00
  2.76000000e+00   6.79287582e+00
  2.76500000e+00   6.80318517e+00
  2.77000000e+00   6.83720110e+00
  2.77500000e+00   6.83793807e+00
  2.78000000e+00   6.87212776e+00
  2.78500000e+00   6.88396550e+00
  2.79000000e+00   6.91838532e+00
  2.79500000e+00   6.91885420e+00
  2.80000000e+00   6.95344847e+00
  2.80500000e+00   6.95703298e+00
  2.81000000e+00   6.99181814e+00
  2.81500000e+00   7.00025484e+00
  2.82000000e+00   7.03525611e+00
  2.82500000e+00   7.03862131e+00
  2.83000000e+00   7.07381441e+00
  2.83500000e+00   7.08550875e+00
  2.84000000e+00   7.12093630e+00
  2.84500000e+00   7.12067287e+00
  2.85000000e+00   7.15627624e+00
  2.85500000e+00   7.16100532e+00
  2.86000000e+00   7.19681035e+00
  2.86500000e+00   7.21014291e+00
  2.87000000e+00   7.24619362e+00
  2.87500000e+00   7.25426635e+00
  2.88000000e+00   7.29053769e+00
  2.88500000e+00   7.30388245e+00
  2.89000000e+00   7.34040186e+00
  2.89500000e+00   7.35196893e+00
  2.90000000e+00   7.38872878e+00
  2.90500000e+00   7.40935226e+00
  2.91000000e+00   7.44639902e+00
  2.91500000e+00   7.44333736e+00
  2.92000000e+00   7.48055405e+00
  2.92500000e+00   7.48650867e+00
  2.93000000e+00   7.52394121e+00
  2.93500000e+00   7.52606063e+00
  2.94000000e+00   7.56369094e+00
  2.94500000e+00   7.57697622e+00
  2.95000000e+00   7.61486110e+00
  2.95500000e+00   7.62053194e+00
  2.96000000e+00   7.65863460e+00
  2.96500000e+00   7.67382544e+00
  2.97000000e+00   7.71219457e+00
  2.97500000e+00   7.72742161e+00
  2.98000000e+00   7.76605871e+00
  2.98500000e+00   7.77542919e+00
  2.99000000e+00   7.81430633e+00
  2.99500000e+00   7.82957374e+00
  3.00000000e+00   7.86872161e+00
  3.00500000e+00   7.87200107e+00
  3.01000000e+00   7.91136108e+00
  3.01500000e+00   7.92461044e+00
  3.02000000e+00   7.96423349e+00
  3.02500000e+00   7.97135168e+00
  3.03000000e+00   8.01120844e+00
  3.03500000e+00   8.02649136e+00
  3.04000000e+00   8.06662382e+00
  3.04500000e+00   8.07985034e+00
  3.05000000e+00   8.12024959e+00
  3.05500000e+00   8.13557853e+00
  3.06000000e+00   8.17625642e+00
  3.06500000e+00   8.17884920e+00
  3.07000000e+00   8.21974345e+00
  3.07500000e+00   8.22646675e+00
  3.08000000e+00   8.26759908e+00
  3.08500000e+00   8.27855705e+00
  3.09000000e+00   8.31994984e+00
  3.09500000e+00   8.31552271e+00
  3.10000000e+00   8.35710032e+00
  3.10500000e+00   8.36789362e+00
  3.11000000e+00   8.40973309e+00
  3.11500000e+00   8.42495070e+00
  3.12000000e+00   8.46707546e+00
  3.12500000e+00   8.48908581e+00
  3.13000000e+00   8.53153124e+00
  3.13500000e+00   8.53769328e+00
  3.14000000e+00   8.58038174e+00
  3.14500000e+00   8.58181448e+00
  3.15000000e+00   8.62472355e+00
  3.15500000e+00   8.62828921e+00
  3.16000000e+00   8.67143066e+00
  3.16500000e+00   8.66308195e+00
  3.17000000e+00   8.70639736e+00
  3.17500000e+00   8.70245279e+00
  3.18000000e+00   8.74596506e+00
  3.18500000e+00   8.75373050e+00
  3.19000000e+00   8.79749915e+00
  3.19500000e+00   8.80758338e+00
  3.20000000e+00   8.85162130e+00
  3.20500000e+00   8.85674439e+00
  3.21000000e+00   8.90102811e+00
  3.21500000e+00   8.91094682e+00
  3.22000000e+00   8.95550155e+00
  3.22500000e+00   8.97532680e+00
  3.23000000e+00   9.02020344e+00
  3.23500000e+00   9.01489965e+00
  3.24000000e+00   9.05997415e+00
  3.24500000e+00   9.05436390e+00
  3.25000000e+00   9.09963572e+00
  3.25500000e+00   9.10913956e+00
  3.26000000e+00   9.15468526e+00
  3.26500000e+00   9.16150670e+00
  3.27000000e+00   9.20731423e+00
  3.27500000e+00   9.20089417e+00
  3.28000000e+00   9.24689864e+00
  3.28500000e+00   9.26664187e+00
  3.29000000e+00   9.31297508e+00
  3.29500000e+00   9.32475607e+00
  3.30000000e+00   9.37137986e+00
  3.30500000e+00   9.37499664e+00
  3.31000000e+00   9.42187163e+00
  3.31500000e+00   9.42803699e+00
  3.32000000e+00   9.47517718e+00
  3.32500000e+00   9.50049735e+00
  3.33000000e+00   9.54799984e+00
  3.33500000e+00   9.55954001e+00
  3.34000000e+00   9.60733771e+00
  3.34500000e+00   9.63287425e+00
  3.35000000e+00   9.68103862e+00
  3.35500000e+00   9.68967383e+00
  3.36000000e+00   9.73812219e+00
  3.36500000e+00   9.75812089e+00
  3.37000000e+00   9.80691149e+00
  3.37500000e+00   9.80668081e+00
  3.38000000e+00   9.85571421e+00
  3.38500000e+00   9.86694169e+00
  3.39000000e+00   9.91627640e+00
  3.39500000e+00   9.92446887e+00
  3.40000000e+00   9.97409122e+00
  3.40500000e+00   1.00030598e+01
  3.41000000e+00   1.00530751e+01
  3.41500000e+00   1.00430220e+01
  3.42000000e+00   1.00932371e+01
  3.42500000e+00   1.01071494e+01
  3.43000000e+00   1.01576851e+01
  3.43500000e+00   1.01684765e+01
  3.44000000e+00   1.02193189e+01
  3.44500000e+00   1.02206949e+01
  3.45000000e+00   1.02717984e+01
  3.45500000e+00   1.02980478e+01
  3.46000000e+00   1.03495381e+01
  3.46500000e+00   1.03664140e+01
  3.47000000e+00   1.04182461e+01
  3.47500000e+00   1.04095005e+01
  3.48000000e+00   1.04615480e+01
  3.48500000e+00   1.04847494e+01
  3.49000000e+00   1.05371731e+01
  3.49500000e+00   1.05310628e+01
  3.50000000e+00   1.05837181e+01
  3.50500000e+00   1.05904478e+01
  3.51000000e+00   1.06434000e+01
  3.51500000e+00   1.06366360e+01
  3.52000000e+00   1.06898192e+01
  3.52500000e+00   1.07264399e+01
  3.53000000e+00   1.07800721e+01
  3.53500000e+00   1.07727827e+01
  3.54000000e+00   1.08266466e+01
  3.54500000e+00   1.08292773e+01
  3.55000000e+00   1.08834237e+01
  3.55500000e+00   1.08962257e+01
  3.56000000e+00   1.09507068e+01
  3.56500000e+00   1.09634280e+01
  3.57000000e+00   1.10182452e+01
  3.57500000e+00   1.10273449e+01
  3.58000000e+00   1.10824816e+01
  3.58500000e+00   1.10950147e+01
  3.59000000e+00   1.11504898e+01
  3.59500000e+00   1.11448876e+01
  3.60000000e+00   1.12006121e+01
  3.60500000e+00   1.12055813e+01
  3.61000000e+00   1.12616092e+01
  3.61500000e+00   1.12810990e+01
  3.62000000e+00   1.13375045e+01
  3.62500000e+00   1.13346923e+01
  3.63000000e+00   1.13913658e+01
  3.63500000e+00   1.14107625e+01
  3.64000000e+00   1.14678163e+01
  3.64500000e+00   1.14948061e+01
  3.65000000e+00   1.15522801e+01
  3.65500000e+00   1.15755562e+01
  3.66000000e+00   1.16334340e+01
  3.66500000e+00   1.16606403e+01
  3.67000000e+00   1.17189435e+01
  3.67500000e+00   1.17149957e+01
  3.68000000e+00   1.17735707e+01
  3.68500000e+00   1.17732171e+01
  3.69000000e+00   1.18320832e+01
  3.69500000e+00   1.18752929e+01
  3.70000000e+00   1.19346694e+01
  3.70500000e+00   1.19621215e+01
  3.71000000e+00   1.20219322e+01
  3.71500000e+00   1.20413615e+01
  3.72000000e+00   1.21015683e+01
  3.72500000e+00   1.21127705e+01
  3.73000000e+00   1.21733343e+01
  3.73500000e+00   1.21844010e+01
  3.74000000e+00   1.22453230e+01
  3.74500000e+00   1.22646336e+01
  3.75000000e+00   1.23259567e+01
  3.75500000e+00   1.23367830e+01
  3.76000000e+00   1.23984669e+01
  3.76500000e+00   1.24048704e+01
  3.77000000e+00   1.24668948e+01
  3.77500000e+00   1.24903588e+01
  3.78000000e+00   1.25528106e+01
  3.78500000e+00   1.25501412e+01
  3.79000000e+00   1.26128919e+01
  3.79500000e+00   1.26054609e+01
  3.80000000e+00   1.26684882e+01
  3.80500000e+00   1.26739790e+01
  3.81000000e+00   1.27373489e+01
  3.81500000e+00   1.27426039e+01
  3.82000000e+00   1.28063169e+01
  3.82500000e+00   1.28158708e+01
  3.83000000e+00   1.28799502e+01
  3.83500000e+00   1.28893261e+01
  3.84000000e+00   1.29537728e+01
  3.84500000e+00   1.29722288e+01
  3.85000000e+00   1.30370899e+01
  3.85500000e+00   1.30554982e+01
  3.86000000e+00   1.31207757e+01
  3.86500000e+00   1.31155105e+01
  3.87000000e+00   1.31810881e+01
  3.87500000e+00   1.31849579e+01
  3.88000000e+00   1.32508827e+01
  3.88500000e+00   1.32785786e+01
  3.89000000e+00   1.33449715e+01
  3.89500000e+00   1.33727513e+01
  3.90000000e+00   1.34396151e+01
  3.90500000e+00   1.34379761e+01
  3.91000000e+00   1.35051660e+01
  3.91500000e+00   1.35230295e+01
  3.92000000e+00   1.35906447e+01
  3.92500000e+00   1.35933898e+01
  3.93000000e+00   1.36613567e+01
  3.93500000e+00   1.36688679e+01
  3.94000000e+00   1.37372123e+01
  3.94500000e+00   1.37700787e+01
  3.95000000e+00   1.38389291e+01
  3.95500000e+00   1.38616083e+01
  3.96000000e+00   1.39309164e+01
  3.96500000e+00   1.39588094e+01
  3.97000000e+00   1.40286034e+01
  3.97500000e+00   1.40512936e+01
  3.98000000e+00   1.41215501e+01
  3.98500000e+00   1.41389040e+01
  3.99000000e+00   1.42095985e+01
  3.99500000e+00   1.42537526e+01
  4.00000000e+00   1.43250214e+01
  4.00500000e+00   1.43694830e+01
  4.01000000e+00   1.44413304e+01
  4.01500000e+00   1.44806141e+01
  4.02000000e+00   1.45530172e+01
  4.02500000e+00   1.45703606e+01
  4.03000000e+00   1.46432124e+01
  4.03500000e+00   1.46548534e+01
  4.04000000e+00   1.47281277e+01
  4.04500000e+00   1.47565376e+01
  4.05000000e+00   1.48303203e+01
  4.05500000e+00   1.48587877e+01
  4.06000000e+00   1.49330816e+01
  4.06500000e+00   1.49558371e+01
  4.07000000e+00   1.50306162e+01
  4.07500000e+00   1.50533390e+01
  4.08000000e+00   1.51286057e+01
  4.08500000e+00   1.51512927e+01
  4.09000000e+00   1.52270492e+01
  4.09500000e+00   1.52496976e+01
  4.10000000e+00   1.53259460e+01
  4.10500000e+00   1.53425502e+01
  4.11000000e+00   1.54192629e+01
  4.11500000e+00   1.54175436e+01
  4.12000000e+00   1.54946313e+01
  4.12500000e+00   1.55292399e+01
  4.13000000e+00   1.56068861e+01
  4.13500000e+00   1.56601809e+01
  4.14000000e+00   1.57384818e+01
  4.14500000e+00   1.57547051e+01
  4.15000000e+00   1.58334786e+01
  4.15500000e+00   1.58495507e+01
  4.16000000e+00   1.59287984e+01
  4.16500000e+00   1.59447145e+01
  4.17000000e+00   1.60244381e+01
  4.17500000e+00   1.60144469e+01
  4.18000000e+00   1.60945191e+01
  4.18500000e+00   1.60969773e+01
  4.19000000e+00   1.61774621e+01
  4.19500000e+00   1.61598538e+01
  4.20000000e+00   1.62406531e+01
  4.20500000e+00   1.62754309e+01
  4.21000000e+00   1.63568081e+01
  4.21500000e+00   1.63716052e+01
  4.22000000e+00   1.64534632e+01
  4.22500000e+00   1.64545403e+01
  4.23000000e+00   1.65368130e+01
  4.23500000e+00   1.65579940e+01
  4.24000000e+00   1.66407840e+01
  4.24500000e+00   1.66687705e+01
  4.25000000e+00   1.67521143e+01
  4.25500000e+00   1.67591897e+01
  4.26000000e+00   1.68429857e+01
  4.26500000e+00   1.68779118e+01
  4.27000000e+00   1.69623013e+01
  4.27500000e+00   1.70186654e+01
  4.28000000e+00   1.71037588e+01
  4.28500000e+00   1.71246292e+01
  4.29000000e+00   1.72102523e+01
  4.29500000e+00   1.72455175e+01
  4.30000000e+00   1.73317451e+01
  4.30500000e+00   1.73011575e+01
  4.31000000e+00   1.73876633e+01
  4.31500000e+00   1.74079894e+01
  4.32000000e+00   1.74950293e+01
  4.32500000e+00   1.75301756e+01
  4.33000000e+00   1.76178265e+01
  4.33500000e+00   1.76228601e+01
  4.34000000e+00   1.77109744e+01
  4.34500000e+00   1.77537722e+01
  4.35000000e+00   1.78425410e+01
  4.35500000e+00   1.78624299e+01
  4.36000000e+00   1.79517421e+01
  4.36500000e+00   1.79637022e+01
  4.37000000e+00   1.80535207e+01
  4.37500000e+00   1.80573519e+01
  4.38000000e+00   1.81476386e+01
  4.38500000e+00   1.81907571e+01
  4.39000000e+00   1.82817108e+01
  4.39500000e+00   1.82929574e+01
  4.40000000e+00   1.83844222e+01
  4.40500000e+00   1.84115719e+01
  4.41000000e+00   1.85036297e+01
  4.41500000e+00   1.85143706e+01
  4.42000000e+00   1.86069425e+01
  4.42500000e+00   1.86256398e+01
  4.43000000e+00   1.87187680e+01
  4.43500000e+00   1.87456218e+01
  4.44000000e+00   1.88393499e+01
  4.44500000e+00   1.88745636e+01
  4.45000000e+00   1.89689365e+01
  4.45500000e+00   1.89531431e+01
  4.46000000e+00   1.90479088e+01
  4.46500000e+00   1.90743809e+01
  4.47000000e+00   1.91697528e+01
  4.47500000e+00   1.91961447e+01
  4.48000000e+00   1.92921254e+01
  4.48500000e+00   1.93184329e+01
  4.49000000e+00   1.94150250e+01
  4.49500000e+00   1.94589578e+01
  4.50000000e+00   1.95562526e+01
  4.50500000e+00   1.95735212e+01
  4.51000000e+00   1.96713888e+01
  4.51500000e+00   1.96793904e+01
  4.52000000e+00   1.97777874e+01
  4.52500000e+00   1.98036674e+01
  4.53000000e+00   1.99026857e+01
  4.53500000e+00   1.99284583e+01
  4.54000000e+00   2.00281006e+01
  4.54500000e+00   2.00444510e+01
  4.55000000e+00   2.01446733e+01
  4.55500000e+00   2.01795733e+01
  4.56000000e+00   2.02804711e+01
  4.56500000e+00   2.03153902e+01
  4.57000000e+00   2.04169671e+01
  4.57500000e+00   2.04519022e+01
  4.58000000e+00   2.05541617e+01
  4.58500000e+00   2.05309756e+01
  4.59000000e+00   2.06336305e+01
  4.59500000e+00   2.06585097e+01
  4.60000000e+00   2.07618022e+01
  4.60500000e+00   2.07667689e+01
  4.61000000e+00   2.08706028e+01
  4.61500000e+00   2.09250392e+01
  4.62000000e+00   2.10296644e+01
  4.62500000e+00   2.10944791e+01
  4.63000000e+00   2.11999515e+01
  4.63500000e+00   2.12142908e+01
  4.64000000e+00   2.13203623e+01
  4.64500000e+00   2.13343848e+01
  4.65000000e+00   2.14410567e+01
  4.65500000e+00   2.14131957e+01
  4.66000000e+00   2.15202617e+01
  4.66500000e+00   2.15019366e+01
  4.67000000e+00   2.16094463e+01
  4.67500000e+00   2.16221019e+01
  4.68000000e+00   2.17302124e+01
  4.68500000e+00   2.16996942e+01
  4.69000000e+00   2.18081927e+01
  4.69500000e+00   2.18523578e+01
  4.70000000e+00   2.19616196e+01
  4.70500000e+00   2.19622173e+01
  4.71000000e+00   2.20720283e+01
  4.71500000e+00   2.21051748e+01
  4.72000000e+00   2.22157007e+01
  4.72500000e+00   2.22599325e+01
  4.73000000e+00   2.23712322e+01
  4.73500000e+00   2.23818132e+01
  4.74000000e+00   2.24937223e+01
  4.74500000e+00   2.25607284e+01
  4.75000000e+00   2.26735321e+01
  4.75500000e+00   2.26721043e+01
  4.76000000e+00   2.27854648e+01
  4.76500000e+00   2.28298243e+01
  4.77000000e+00   2.29439735e+01
  4.77500000e+00   2.28947412e+01
  4.78000000e+00   2.30092149e+01
  4.78500000e+00   2.30414631e+01
  4.79000000e+00   2.31566705e+01
  4.79500000e+00   2.31051980e+01
  4.80000000e+00   2.32207240e+01
  4.80500000e+00   2.32523613e+01
  4.81000000e+00   2.33686231e+01
  4.81500000e+00   2.33879656e+01
  4.82000000e+00   2.35049054e+01
  4.82500000e+00   2.34993323e+01
  4.83000000e+00   2.36168290e+01
  4.83500000e+00   2.36727473e+01
  4.84000000e+00   2.37911111e+01
  4.84500000e+00   2.38347198e+01
  4.85000000e+00   2.39538934e+01
  4.85500000e+00   2.39721932e+01
  4.86000000e+00   2.40920542e+01
  4.86500000e+00   2.41228385e+01
  4.87000000e+00   2.42434527e+01
  4.87500000e+00   2.43129128e+01
  4.88000000e+00   2.44344774e+01
  4.88500000e+00   2.44651668e+01
  4.89000000e+00   2.45874926e+01
  4.89500000e+00   2.45916299e+01
  4.90000000e+00   2.47145881e+01
  4.90500000e+00   2.47315022e+01
  4.91000000e+00   2.48551598e+01
  4.91500000e+00   2.48582415e+01
  4.92000000e+00   2.49825327e+01
  4.92500000e+00   2.50394404e+01
  4.93000000e+00   2.51646376e+01
  4.93500000e+00   2.52217740e+01
  4.94000000e+00   2.53478829e+01
  4.94500000e+00   2.54052470e+01
  4.95000000e+00   2.55322732e+01
  4.95500000e+00   2.55898638e+01
  4.96000000e+00   2.57178131e+01
  4.96500000e+00   2.57190102e+01
  4.97000000e+00   2.58476053e+01
  4.97500000e+00   2.59196571e+01
  4.98000000e+00   2.60492554e+01
  4.98500000e+00   2.61073023e+01
  4.99000000e+00   2.62378388e+01
  4.99500000e+00   2.62961048e+01
  5.00000000e+00   2.64275853e+01
  5.00500000e+00   2.63976839e+01
