 -1.00000000e+02    7.83543327e-13    6.18962708e-07    6.32794194e-07
 -9.80000000e+01    5.56263034e-12   -1.87063042e-06   -1.43644428e-06
 -9.60000000e+01    3.64547250e-11    5.25979186e-06    2.96467783e-06
 -9.40000000e+01    2.20538235e-10   -1.38365707e-05   -5.39328718e-06
 -9.20000000e+01    1.23160205e-09    3.41694175e-05    8.00330893e-06
 -9.00000000e+01    6.34911734e-09   -7.93696222e-05   -7.04133609e-06
 -8.80000000e+01    3.02143145e-08    1.73577575e-04   -9.22712991e-06
 -8.60000000e+01    1.32729842e-07   -3.57437414e-04    7.04864333e-05
 -8.40000000e+01    5.38246052e-07    6.92556363e-04   -2.42098608e-04
 -8.20000000e+01    2.01488178e-06   -1.26044106e-03    6.52817053e-04
 -8.00000000e+01    6.96265260e-06    2.14836620e-03   -1.53204937e-03
 -7.80000000e+01    2.22103972e-05   -3.41251861e-03    3.25040212e-03
 -7.60000000e+01    6.54025025e-05    5.01017556e-03   -6.34827877e-03
 -7.40000000e+01    1.77782434e-04   -6.70067867e-03    1.15275036e-02
 -7.20000000e+01    4.46107753e-04    7.93123700e-03   -1.95755775e-02
 -7.00000000e+01    1.03334927e-03   -7.74580945e-03    3.11985850e-02
 -6.80000000e+01    2.20958617e-03    4.77516150e-03   -4.67630623e-02
 -6.60000000e+01    4.36145293e-03    2.62982260e-03    6.59889155e-02
 -6.40000000e+01    7.94708538e-03   -1.60847298e-02   -8.76833328e-02
 -6.20000000e+01    1.33672174e-02    3.67000535e-02    1.09637236e-01
 -6.00000000e+01    2.07553749e-02   -6.45527373e-02   -1.28795648e-01
 -5.80000000e+01    2.97492893e-02    9.82704368e-02    1.41746995e-01
 -5.60000000e+01    3.93621716e-02   -1.34915996e-01   -1.45464242e-01
 -5.40000000e+01    4.80770649e-02    1.70299919e-01    1.38112283e-01
 -5.20000000e+01    5.42067394e-02   -1.99716640e-01   -1.19666216e-01
 -5.00000000e+01    5.64189584e-02    2.18940586e-01    9.21085127e-02
 -4.80000000e+01    5.42067394e-02   -2.25198578e-01   -5.90960204e-02
 -4.60000000e+01    4.80770649e-02    2.17815571e-01    2.51682725e-02
 -4.40000000e+01    3.93621716e-02   -1.98329077e-01    5.26772297e-03
 -4.20000000e+01    2.97492893e-02    1.70047268e-01   -2.88654816e-02
 -4.00000000e+01    2.07553749e-02   -1.37211527e-01    4.39132304e-02
 -3.80000000e+01    1.33672174e-02    1.04039618e-01   -5.04279222e-02
 -3.60000000e+01    7.94708538e-03   -7.39300082e-02    4.98140470e-02
 -3.40000000e+01    4.36145293e-03    4.90128259e-02   -4.42628042e-02
 -3.20000000e+01    2.20958617e-03   -3.00907755e-02    3.61127595e-02
 -3.00000000e+01    1.03334927e-03    1.68868695e-02   -2.73529323e-02
 -2.80000000e+01    4.46107753e-04   -8.44819506e-03    1.93580927e-02
 -2.60000000e+01    1.77782434e-04    3.55528566e-03   -1.28507734e-02
 -2.40000000e+01    6.54025025e-05   -1.03486557e-03    8.02069547e-03
 -2.20000000e+01    2.22103972e-05   -6.25705323e-05   -4.71237542e-03
 -2.00000000e+01    6.96265260e-06    4.07020814e-04    2.60710312e-03
 -1.80000000e+01    2.01488178e-06   -4.14680906e-04   -1.35754246e-03
 -1.60000000e+01    5.38246052e-07    3.11200007e-04    6.64379867e-04
 -1.40000000e+01    1.32729842e-07   -1.99549310e-04   -3.04811278e-04
 -1.20000000e+01    3.02143145e-08    1.14778002e-04    1.30538595e-04
 -1.00000000e+01    6.34911734e-09   -6.05329575e-05   -5.18158122e-05
 -8.00000000e+00    1.23160205e-09    2.96143697e-05    1.88305910e-05
 -6.00000000e+00    2.20538235e-10   -1.35307671e-05   -6.12017784e-06
 -4.00000000e+00    3.64547250e-11    5.79729200e-06    1.68704786e-06
 -2.00000000e+00    5.56263034e-12   -2.33491999e-06   -3.32834773e-07
  0.00000000e+00    7.83543327e-13    8.85179827e-07    0.00000000e+00
  2.00000000e+00    1.01883129e-13   -3.15997058e-07    4.50442883e-08
  4.00000000e+00    1.22291979e-14    1.06181107e-07   -3.08993595e-08
  6.00000000e+00    1.35503375e-15   -3.35394184e-08    1.51704041e-08
  8.00000000e+00    1.38598552e-16    9.93451428e-09   -6.31695954e-09
  1.00000000e+01    1.30865062e-17   -2.74819202e-09    2.35243423e-09
  1.20000000e+01    1.14063102e-18    7.05220415e-10   -8.02056849e-10
  1.40000000e+01    9.17747235e-20   -1.65930982e-10    2.53459331e-10
  1.60000000e+01    6.81643711e-21    3.50209471e-11   -7.47661044e-11
  1.80000000e+01    4.67356428e-22   -6.31558180e-12    2.06753441e-11
  2.00000000e+01    2.95798148e-23    8.38932424e-13   -5.37364003e-12
  2.20000000e+01    1.72822038e-24   -1.74538503e-14    1.31450209e-12
  2.40000000e+01    9.32092975e-26   -3.90675675e-14   -3.02792045e-13
  2.60000000e+01    4.64061767e-27    1.81642709e-14    6.56557456e-14
  2.80000000e+01    2.13279338e-28   -5.84142008e-15   -1.33849598e-14
  3.00000000e+01    9.04853398e-30    1.58020958e-15    2.55958428e-15
  3.20000000e+01    3.54375836e-31   -3.81074563e-16   -4.57337964e-16
  3.40000000e+01    1.28116900e-32    8.40034955e-17    7.58623933e-17
  3.60000000e+01    4.27567988e-34   -1.71482342e-17   -1.15544819e-17
  3.80000000e+01    1.31722627e-35    3.26594175e-18    1.58299944e-18
  4.00000000e+01    3.74603671e-37   -5.82923173e-19   -1.86558959e-19
  4.20000000e+01    9.83422443e-39    9.77690552e-20    1.65962729e-20
  4.40000000e+01    2.38322279e-40   -1.54322477e-20   -4.09888490e-22
  4.60000000e+01    5.33145332e-42    2.29373243e-21   -2.65037447e-22
  4.80000000e+01    1.10098911e-43   -3.20944925e-22    8.42215257e-23
  5.00000000e+01    2.09882812e-45    4.22281622e-23   -1.77654280e-23
  5.20000000e+01    3.69340699e-47   -5.21316164e-24    3.12362218e-24
  5.40000000e+01    5.99976031e-49    6.01606358e-25   -4.87899397e-25
  5.60000000e+01    8.99698667e-51   -6.45018925e-26    6.95448959e-26
  5.80000000e+01    1.24542246e-52    6.35832812e-27   -9.17136357e-27
  6.00000000e+01    1.59144910e-54   -5.65256739e-28    1.12780048e-27
  6.20000000e+01    1.87726358e-56    4.34919439e-29   -1.29927236e-28
  6.40000000e+01    2.04415675e-58   -2.57968648e-30    1.40627484e-29
  6.60000000e+01    2.05475279e-60    5.70808783e-32   -1.43230394e-30
  6.80000000e+01    1.90660797e-62    1.40269515e-32    1.37365659e-31
  7.00000000e+01    1.63312591e-64   -3.07930761e-33   -1.24028406e-32
  7.20000000e+01    1.29132149e-66    4.26715315e-34    1.05320251e-33
  7.40000000e+01    9.42552449e-69   -4.87895858e-35   -8.39350988e-35
  7.60000000e+01    6.35086845e-71    4.93710449e-36    6.25569210e-36
  7.80000000e+01    3.95018239e-73   -4.55098538e-37   -4.33478442e-37
  8.00000000e+01    2.26807610e-75    3.87748172e-38    2.76512143e-38
  8.20000000e+01    1.20213858e-77   -3.07875427e-39   -1.59457141e-39
  8.40000000e+01    5.88176804e-80    2.28938400e-40    8.00305520e-41
  8.60000000e+01    2.65654814e-82   -1.59909611e-41   -3.15340746e-42
  8.80000000e+01    1.10760251e-84    1.05094311e-42    5.58665983e-44
  9.00000000e+01    4.26291439e-87   -6.50355686e-44    5.76967968e-45
  9.20000000e+01    1.51455738e-89    3.78918004e-45   -8.87518155e-46
  9.40000000e+01    4.96731036e-92   -2.07657283e-46    8.09416861e-47
  9.60000000e+01    1.50388041e-94    1.06831247e-47   -6.02153538e-48
  9.80000000e+01    4.20302282e-97   -5.14196085e-49    3.94847651e-49
  1.00000000e+02    1.08434289e-99    2.30258830e-50   -2.35404248e-50
