#   time    x   y   vx  vy
  0.00000000e+00   0.00000000e+00   1.00000000e+00   3.53553391e+01   3.53553391e+01
  1.00000000e-01   3.53553391e+00   4.53553391e+00   3.53553391e+01   3.43753391e+01
  2.00000000e-01   7.07106781e+00   7.97306781e+00   3.53553391e+01   3.33953391e+01
  3.00000000e-01   1.06066017e+01   1.13126017e+01   3.53553391e+01   3.24153391e+01
  4.00000000e-01   1.41421356e+01   1.45541356e+01   3.53553391e+01   3.14353391e+01
  5.00000000e-01   1.76776695e+01   1.76976695e+01   3.53553391e+01   3.04553391e+01
  6.00000000e-01   2.12132034e+01   2.07432034e+01   3.53553391e+01   2.94753391e+01
  7.00000000e-01   2.47487373e+01   2.36907373e+01   3.53553391e+01   2.84953391e+01
  8.00000000e-01   2.82842712e+01   2.65402712e+01   3.53553391e+01   2.75153391e+01
  9.00000000e-01   3.18198052e+01   2.92918052e+01   3.53553391e+01   2.65353391e+01
  1.00000000e+00   3.53553391e+01   3.19453391e+01   3.53553391e+01   2.55553391e+01
  1.10000000e+00   3.88908730e+01   3.45008730e+01   3.53553391e+01   2.45753391e+01
  1.20000000e+00   4.24264069e+01   3.69584069e+01   3.53553391e+01   2.35953391e+01
  1.30000000e+00   4.59619408e+01   3.93179408e+01   3.53553391e+01   2.26153391e+01
  1.40000000e+00   4.94974747e+01   4.15794747e+01   3.53553391e+01   2.16353391e+01
  1.50000000e+00   5.30330086e+01   4.37430086e+01   3.53553391e+01   2.06553391e+01
  1.60000000e+00   5.65685425e+01   4.58085425e+01   3.53553391e+01   1.96753391e+01
  1.70000000e+00   6.01040764e+01   4.77760764e+01   3.53553391e+01   1.86953391e+01
  1.80000000e+00   6.36396103e+01   4.96456103e+01   3.53553391e+01   1.77153391e+01
  1.90000000e+00   6.71751442e+01   5.14171442e+01   3.53553391e+01   1.67353391e+01
  2.00000000e+00   7.07106781e+01   5.30906781e+01   3.53553391e+01   1.57553391e+01
  2.10000000e+00   7.42462120e+01   5.46662120e+01   3.53553391e+01   1.47753391e+01
  2.20000000e+00   7.77817459e+01   5.61437459e+01   3.53553391e+01   1.37953391e+01
  2.30000000e+00   8.13172798e+01   5.75232798e+01   3.53553391e+01   1.28153391e+01
  2.40000000e+00   8.48528137e+01   5.88048137e+01   3.53553391e+01   1.18353391e+01
  2.50000000e+00   8.83883476e+01   5.99883476e+01   3.53553391e+01   1.08553391e+01
  2.60000000e+00   9.19238816e+01   6.10738816e+01   3.53553391e+01   9.87533906e+00
  2.70000000e+00   9.54594155e+01   6.20614155e+01   3.53553391e+01   8.89533906e+00
  2.80000000e+00   9.89949494e+01   6.29509494e+01   3.53553391e+01   7.91533906e+00
  2.90000000e+00   1.02530483e+02   6.37424833e+01   3.53553391e+01   6.93533906e+00
  3.00000000e+00   1.06066017e+02   6.44360172e+01   3.53553391e+01   5.95533906e+00
  3.10000000e+00   1.09601551e+02   6.50315511e+01   3.53553391e+01   4.97533906e+00
  3.20000000e+00   1.13137085e+02   6.55290850e+01   3.53553391e+01   3.99533906e+00
  3.30000000e+00   1.16672619e+02   6.59286189e+01   3.53553391e+01   3.01533906e+00
  3.40000000e+00   1.20208153e+02   6.62301528e+01   3.53553391e+01   2.03533906e+00
  3.50000000e+00   1.23743687e+02   6.64336867e+01   3.53553391e+01   1.05533906e+00
  3.60000000e+00   1.27279221e+02   6.65392206e+01   3.53553391e+01   7.53390593e-02
  3.70000000e+00   1.30814755e+02   6.65467545e+01   3.53553391e+01  -9.04660941e-01
  3.80000000e+00   1.34350288e+02   6.64562884e+01   3.53553391e+01  -1.88466094e+00
  3.90000000e+00   1.37885822e+02   6.62678223e+01   3.53553391e+01  -2.86466094e+00
  4.00000000e+00   1.41421356e+02   6.59813562e+01   3.53553391e+01  -3.84466094e+00
  4.10000000e+00   1.44956890e+02   6.55968901e+01   3.53553391e+01  -4.82466094e+00
  4.20000000e+00   1.48492424e+02   6.51144240e+01   3.53553391e+01  -5.80466094e+00
  4.30000000e+00   1.52027958e+02   6.45339580e+01   3.53553391e+01  -6.78466094e+00
  4.40000000e+00   1.55563492e+02   6.38554919e+01   3.53553391e+01  -7.76466094e+00
  4.50000000e+00   1.59099026e+02   6.30790258e+01   3.53553391e+01  -8.74466094e+00
  4.60000000e+00   1.62634560e+02   6.22045597e+01   3.53553391e+01  -9.72466094e+00
  4.70000000e+00   1.66170094e+02   6.12320936e+01   3.53553391e+01  -1.07046609e+01
  4.80000000e+00   1.69705627e+02   6.01616275e+01   3.53553391e+01  -1.16846609e+01
  4.90000000e+00   1.73241161e+02   5.89931614e+01   3.53553391e+01  -1.26646609e+01
  5.00000000e+00   1.76776695e+02   5.77266953e+01   3.53553391e+01  -1.36446609e+01
  5.10000000e+00   1.80312229e+02   5.63622292e+01   3.53553391e+01  -1.46246609e+01
  5.20000000e+00   1.83847763e+02   5.48997631e+01   3.53553391e+01  -1.56046609e+01
  5.30000000e+00   1.87383297e+02   5.33392970e+01   3.53553391e+01  -1.65846609e+01
  5.40000000e+00   1.90918831e+02   5.16808309e+01   3.53553391e+01  -1.75646609e+01
  5.50000000e+00   1.94454365e+02   4.99243648e+01   3.53553391e+01  -1.85446609e+01
  5.60000000e+00   1.97989899e+02   4.80698987e+01   3.53553391e+01  -1.95246609e+01
  5.70000000e+00   2.01525433e+02   4.61174326e+01   3.53553391e+01  -2.05046609e+01
  5.80000000e+00   2.05060967e+02   4.40669665e+01   3.53553391e+01  -2.14846609e+01
  5.90000000e+00   2.08596500e+02   4.19185005e+01   3.53553391e+01  -2.24646609e+01
  6.00000000e+00   2.12132034e+02   3.96720344e+01   3.53553391e+01  -2.34446609e+01
  6.10000000e+00   2.15667568e+02   3.73275683e+01   3.53553391e+01  -2.44246609e+01
  6.20000000e+00   2.19203102e+02   3.48851022e+01   3.53553391e+01  -2.54046609e+01
  6.30000000e+00   2.22738636e+02   3.23446361e+01   3.53553391e+01  -2.63846609e+01
  6.40000000e+00   2.26274170e+02   2.97061700e+01   3.53553391e+01  -2.73646609e+01
  6.50000000e+00   2.29809704e+02   2.69697039e+01   3.53553391e+01  -2.83446609e+01
  6.60000000e+00   2.33345238e+02   2.41352378e+01   3.53553391e+01  -2.93246609e+01
  6.70000000e+00   2.36880772e+02   2.12027717e+01   3.53553391e+01  -3.03046609e+01
  6.80000000e+00   2.40416306e+02   1.81723056e+01   3.53553391e+01  -3.12846609e+01
  6.90000000e+00   2.43951840e+02   1.50438395e+01   3.53553391e+01  -3.22646609e+01
  7.00000000e+00   2.47487373e+02   1.18173734e+01   3.53553391e+01  -3.32446609e+01
  7.10000000e+00   2.51022907e+02   8.49290732e+00   3.53553391e+01  -3.42246609e+01
  7.20000000e+00   2.54558441e+02   5.07044123e+00   3.53553391e+01  -3.52046609e+01
  7.30000000e+00   2.58093975e+02   1.54997513e+00   3.53553391e+01  -3.61846609e+01
  7.40000000e+00   2.61629509e+02  -2.06849096e+00   3.53553391e+01  -3.71646609e+01
