#   time    x   y   vx  vy  ax  ay
  0.00000000e+00   0.00000000e+00   1.00000000e+00   3.53553391e+01   3.53553391e+01  -1.10110726e+01  -2.08110726e+01
  1.00000000e-02   3.53002837e-01   1.35251284e+00   3.52452283e+01   3.51472283e+01  -1.09273911e+01  -2.06970073e+01
  2.00000000e-02   7.04908751e-01   1.70295027e+00   3.51359544e+01   3.49402583e+01  -1.08446037e+01  -2.05842027e+01
  3.00000000e-02   1.05572606e+00   2.05132364e+00   3.50275084e+01   3.47344162e+01  -1.07626978e+01  -2.04726411e+01
  4.00000000e-02   1.40546301e+00   2.39764417e+00   3.49198814e+01   3.45296898e+01  -1.06816612e+01  -2.03623053e+01
  5.00000000e-02   1.75412774e+00   2.74192296e+00   3.48130648e+01   3.43260668e+01  -1.06014817e+01  -2.02531781e+01
  6.00000000e-02   2.10172832e+00   3.08417096e+00   3.47070500e+01   3.41235350e+01  -1.05221474e+01  -2.01452430e+01
  7.00000000e-02   2.44827271e+00   3.42439905e+00   3.46018285e+01   3.39220826e+01  -1.04436468e+01  -2.00384834e+01
  8.00000000e-02   2.79376881e+00   3.76261795e+00   3.44973920e+01   3.37216977e+01  -1.03659682e+01  -1.99328833e+01
  9.00000000e-02   3.13822444e+00   4.09883829e+00   3.43937324e+01   3.35223689e+01  -1.02891005e+01  -1.98284267e+01
  1.00000000e-01   3.48164730e+00   4.43307055e+00   3.42908413e+01   3.33240846e+01  -1.02130327e+01  -1.97250981e+01
  1.10000000e-01   3.82404507e+00   4.76532515e+00   3.41887110e+01   3.31268336e+01  -1.01377537e+01  -1.96228822e+01
  1.20000000e-01   4.16542529e+00   5.09561234e+00   3.40873335e+01   3.29306048e+01  -1.00632529e+01  -1.95217638e+01
  1.30000000e-01   4.50579546e+00   5.42394230e+00   3.39867010e+01   3.27353872e+01  -9.98951990e+00  -1.94217283e+01
  1.40000000e-01   4.84516299e+00   5.75032508e+00   3.38868058e+01   3.25411699e+01  -9.91654426e+00  -1.93227610e+01
  1.50000000e-01   5.18353522e+00   6.07477064e+00   3.37876403e+01   3.23479423e+01  -9.84431586e+00  -1.92248476e+01
  1.60000000e-01   5.52091941e+00   6.39728882e+00   3.36891972e+01   3.21556938e+01  -9.77282473e+00  -1.91279741e+01
  1.70000000e-01   5.85732274e+00   6.71788936e+00   3.35914689e+01   3.19644141e+01  -9.70206107e+00  -1.90321267e+01
  1.80000000e-01   6.19275233e+00   7.03658190e+00   3.34944483e+01   3.17740928e+01  -9.63201522e+00  -1.89372917e+01
  1.90000000e-01   6.52721521e+00   7.35337596e+00   3.33981281e+01   3.15847199e+01  -9.56267772e+00  -1.88434558e+01
  2.00000000e-01   6.86071836e+00   7.66828099e+00   3.33025014e+01   3.13962853e+01  -9.49403925e+00  -1.87506059e+01
  2.10000000e-01   7.19326867e+00   7.98130631e+00   3.32075610e+01   3.12087793e+01  -9.42609064e+00  -1.86587290e+01
  2.20000000e-01   7.52487298e+00   8.29246117e+00   3.31133001e+01   3.10221920e+01  -9.35882288e+00  -1.85678123e+01
  2.30000000e-01   7.85553803e+00   8.60175470e+00   3.30197118e+01   3.08365139e+01  -9.29222712e+00  -1.84778435e+01
  2.40000000e-01   8.18527054e+00   8.90919594e+00   3.29267896e+01   3.06517354e+01  -9.22629465e+00  -1.83888101e+01
  2.50000000e-01   8.51407712e+00   9.21479386e+00   3.28345266e+01   3.04678473e+01  -9.16101690e+00  -1.83007001e+01
  2.60000000e-01   8.84196434e+00   9.51855730e+00   3.27429165e+01   3.02848403e+01  -9.09638544e+00  -1.82135016e+01
  2.70000000e-01   9.16893868e+00   9.82049502e+00   3.26519526e+01   3.01027053e+01  -9.03239198e+00  -1.81272029e+01
  2.80000000e-01   9.49500659e+00   1.01206157e+01   3.25616287e+01   2.99214333e+01  -8.96902839e+00  -1.80417924e+01
  2.90000000e-01   9.82017443e+00   1.04189280e+01   3.24719384e+01   2.97410154e+01  -8.90628663e+00  -1.79572589e+01
  3.00000000e-01   1.01444485e+01   1.07154402e+01   3.23828755e+01   2.95614428e+01  -8.84415882e+00  -1.78735911e+01
  3.10000000e-01   1.04678350e+01   1.10101610e+01   3.22944339e+01   2.93827069e+01  -8.78263722e+00  -1.77907781e+01
  3.20000000e-01   1.07903402e+01   1.13030985e+01   3.22066076e+01   2.92047991e+01  -8.72171417e+00  -1.77088091e+01
  3.30000000e-01   1.11119702e+01   1.15942611e+01   3.21193904e+01   2.90277110e+01  -8.66138218e+00  -1.76276734e+01
  3.40000000e-01   1.14327311e+01   1.18836568e+01   3.20327766e+01   2.88514342e+01  -8.60163386e+00  -1.75473607e+01
  3.50000000e-01   1.17526288e+01   1.21712938e+01   3.19467603e+01   2.86759606e+01  -8.54246195e+00  -1.74678605e+01
  3.60000000e-01   1.20716692e+01   1.24571800e+01   3.18613356e+01   2.85012820e+01  -8.48385928e+00  -1.73891629e+01
  3.70000000e-01   1.23898584e+01   1.27413234e+01   3.17764971e+01   2.83273904e+01  -8.42581882e+00  -1.73112577e+01
  3.80000000e-01   1.27072021e+01   1.30237317e+01   3.16922389e+01   2.81542778e+01  -8.36833365e+00  -1.72341353e+01
  3.90000000e-01   1.30237061e+01   1.33044128e+01   3.16085555e+01   2.79819365e+01  -8.31139696e+00  -1.71577858e+01
  4.00000000e-01   1.33393760e+01   1.35833742e+01   3.15254416e+01   2.78103586e+01  -8.25500203e+00  -1.70821999e+01
  4.10000000e-01   1.36542177e+01   1.38606237e+01   3.14428915e+01   2.76395366e+01  -8.19914226e+00  -1.70073681e+01
  4.20000000e-01   1.39682367e+01   1.41361687e+01   3.13609001e+01   2.74694629e+01  -8.14381117e+00  -1.69332812e+01
  4.30000000e-01   1.42814385e+01   1.44100167e+01   3.12794620e+01   2.73001301e+01  -8.08900235e+00  -1.68599301e+01
  4.40000000e-01   1.45938286e+01   1.46821750e+01   3.11985720e+01   2.71315308e+01  -8.03470952e+00  -1.67873060e+01
  4.50000000e-01   1.49054126e+01   1.49526509e+01   3.11182249e+01   2.69636578e+01  -7.98092647e+00  -1.67153999e+01
  4.60000000e-01   1.52161958e+01   1.52214517e+01   3.10384156e+01   2.67965038e+01  -7.92764712e+00  -1.66442033e+01
  4.70000000e-01   1.55261836e+01   1.54885846e+01   3.09591392e+01   2.66300617e+01  -7.87486545e+00  -1.65737075e+01
  4.80000000e-01   1.58353813e+01   1.57540565e+01   3.08803905e+01   2.64643247e+01  -7.82257555e+00  -1.65039042e+01
  4.90000000e-01   1.61437940e+01   1.60178745e+01   3.08021647e+01   2.62992856e+01  -7.77077161e+00  -1.64347851e+01
  5.00000000e-01   1.64514271e+01   1.62800457e+01   3.07244570e+01   2.61349378e+01  -7.71944791e+00  -1.63663419e+01
  5.10000000e-01   1.67582857e+01   1.65405767e+01   3.06472625e+01   2.59712743e+01  -7.66859879e+00  -1.62985668e+01
  5.20000000e-01   1.70643749e+01   1.67994745e+01   3.05705766e+01   2.58082887e+01  -7.61821871e+00  -1.62314517e+01
  5.30000000e-01   1.73696998e+01   1.70567459e+01   3.04943944e+01   2.56459742e+01  -7.56830219e+00  -1.61649889e+01
  5.40000000e-01   1.76742653e+01   1.73123973e+01   3.04187113e+01   2.54843243e+01  -7.51884386e+00  -1.60991707e+01
  5.50000000e-01   1.79780765e+01   1.75664356e+01   3.03435229e+01   2.53233326e+01  -7.46983840e+00  -1.60339895e+01
  5.60000000e-01   1.82811382e+01   1.78188673e+01   3.02688245e+01   2.51629927e+01  -7.42128060e+00  -1.59694378e+01
  5.70000000e-01   1.85834554e+01   1.80696987e+01   3.01946117e+01   2.50032983e+01  -7.37316532e+00  -1.59055083e+01
  5.80000000e-01   1.88850329e+01   1.83189364e+01   3.01208801e+01   2.48442432e+01  -7.32548749e+00  -1.58421937e+01
  5.90000000e-01   1.91858754e+01   1.85665867e+01   3.00476252e+01   2.46858213e+01  -7.27824212e+00  -1.57794870e+01
  6.00000000e-01   1.94859877e+01   1.88126560e+01   2.99748428e+01   2.45280264e+01  -7.23142430e+00  -1.57173810e+01
  6.10000000e-01   1.97853746e+01   1.90571504e+01   2.99025285e+01   2.43708526e+01  -7.18502919e+00  -1.56558689e+01
  6.20000000e-01   2.00840406e+01   1.93000761e+01   2.98306782e+01   2.42142939e+01  -7.13905202e+00  -1.55949438e+01
  6.30000000e-01   2.03819904e+01   1.95414393e+01   2.97592877e+01   2.40583445e+01  -7.09348810e+00  -1.55345990e+01
  6.40000000e-01   2.06792287e+01   1.97812460e+01   2.96883528e+01   2.39029985e+01  -7.04833280e+00  -1.54748277e+01
  6.50000000e-01   2.09757598e+01   2.00195023e+01   2.96178695e+01   2.37482502e+01  -7.00358157e+00  -1.54156236e+01
  6.60000000e-01   2.12715883e+01   2.02562140e+01   2.95478337e+01   2.35940940e+01  -6.95922991e+00  -1.53569801e+01
  6.70000000e-01   2.15667187e+01   2.04913871e+01   2.94782414e+01   2.34405242e+01  -6.91527341e+00  -1.52988909e+01
  6.80000000e-01   2.18611553e+01   2.07250274e+01   2.94090887e+01   2.32875353e+01  -6.87170771e+00  -1.52413497e+01
  6.90000000e-01   2.21549026e+01   2.09571407e+01   2.93403716e+01   2.31351218e+01  -6.82852852e+00  -1.51843503e+01
  7.00000000e-01   2.24479649e+01   2.11877327e+01   2.92720863e+01   2.29832783e+01  -6.78573160e+00  -1.51278866e+01
  7.10000000e-01   2.27403465e+01   2.14168090e+01   2.92042290e+01   2.28319994e+01  -6.74331280e+00  -1.50719527e+01
  7.20000000e-01   2.30320516e+01   2.16443754e+01   2.91367959e+01   2.26812799e+01  -6.70126800e+00  -1.50165425e+01
  7.30000000e-01   2.33230845e+01   2.18704374e+01   2.90697832e+01   2.25311144e+01  -6.65959316e+00  -1.49616503e+01
  7.40000000e-01   2.36134493e+01   2.20950005e+01   2.90031872e+01   2.23814979e+01  -6.61828429e+00  -1.49072703e+01
  7.50000000e-01   2.39031503e+01   2.23180701e+01   2.89370044e+01   2.22324252e+01  -6.57733746e+00  -1.48533967e+01
  7.60000000e-01   2.41921915e+01   2.25396517e+01   2.88712310e+01   2.20838913e+01  -6.53674881e+00  -1.48000241e+01
  7.70000000e-01   2.44805770e+01   2.27597506e+01   2.88058635e+01   2.19358910e+01  -6.49651451e+00  -1.47471468e+01
  7.80000000e-01   2.47683108e+01   2.29783721e+01   2.87408984e+01   2.17884196e+01  -6.45663081e+00  -1.46947593e+01
  7.90000000e-01   2.50553969e+01   2.31955216e+01   2.86763321e+01   2.16414720e+01  -6.41709400e+00  -1.46428565e+01
  8.00000000e-01   2.53418394e+01   2.34112042e+01   2.86121611e+01   2.14950434e+01  -6.37790043e+00  -1.45914328e+01
  8.10000000e-01   2.56276421e+01   2.36254250e+01   2.85483821e+01   2.13491291e+01  -6.33904650e+00  -1.45404831e+01
  8.20000000e-01   2.59128090e+01   2.38381893e+01   2.84849917e+01   2.12037242e+01  -6.30052866e+00  -1.44900022e+01
  8.30000000e-01   2.61973439e+01   2.40495020e+01   2.84219864e+01   2.10588242e+01  -6.26234341e+00  -1.44399850e+01
  8.40000000e-01   2.64812506e+01   2.42593683e+01   2.83593630e+01   2.09144244e+01  -6.22448731e+00  -1.43904264e+01
  8.50000000e-01   2.67645330e+01   2.44677930e+01   2.82971181e+01   2.07705201e+01  -6.18695696e+00  -1.43413216e+01
  8.60000000e-01   2.70471948e+01   2.46747811e+01   2.82352485e+01   2.06271069e+01  -6.14974901e+00  -1.42926656e+01
  8.70000000e-01   2.73292398e+01   2.48803376e+01   2.81737510e+01   2.04841802e+01  -6.11286015e+00  -1.42444536e+01
  8.80000000e-01   2.76106717e+01   2.50844672e+01   2.81126224e+01   2.03417357e+01  -6.07628713e+00  -1.41966808e+01
  8.90000000e-01   2.78914941e+01   2.52871747e+01   2.80518595e+01   2.01997689e+01  -6.04002675e+00  -1.41493425e+01
  9.00000000e-01   2.81717107e+01   2.54884649e+01   2.79914593e+01   2.00582755e+01  -6.00407583e+00  -1.41024340e+01
  9.10000000e-01   2.84513251e+01   2.56883425e+01   2.79314185e+01   1.99172511e+01  -5.96843127e+00  -1.40559509e+01
  9.20000000e-01   2.87303409e+01   2.58868122e+01   2.78717342e+01   1.97766916e+01  -5.93308998e+00  -1.40098884e+01
  9.30000000e-01   2.90087615e+01   2.60838787e+01   2.78124033e+01   1.96365927e+01  -5.89804894e+00  -1.39642422e+01
  9.40000000e-01   2.92865907e+01   2.62795464e+01   2.77534228e+01   1.94969503e+01  -5.86330514e+00  -1.39190079e+01
  9.50000000e-01   2.95638317e+01   2.64738199e+01   2.76947898e+01   1.93577602e+01  -5.82885566e+00  -1.38741811e+01
  9.60000000e-01   2.98404882e+01   2.66667038e+01   2.76365012e+01   1.92190184e+01  -5.79469757e+00  -1.38297575e+01
  9.70000000e-01   3.01165635e+01   2.68582025e+01   2.75785542e+01   1.90807208e+01  -5.76082803e+00  -1.37857329e+01
  9.80000000e-01   3.03920610e+01   2.70483204e+01   2.75209460e+01   1.89428635e+01  -5.72724419e+00  -1.37421030e+01
  9.90000000e-01   3.06669841e+01   2.72370620e+01   2.74636735e+01   1.88054425e+01  -5.69394327e+00  -1.36988638e+01
  1.00000000e+00   3.09413361e+01   2.74244315e+01   2.74067341e+01   1.86684538e+01  -5.66092253e+00  -1.36560111e+01
  1.01000000e+00   3.12151204e+01   2.76104332e+01   2.73501249e+01   1.85318937e+01  -5.62817926e+00  -1.36135409e+01
  1.02000000e+00   3.14883402e+01   2.77950715e+01   2.72938431e+01   1.83957583e+01  -5.59571078e+00  -1.35714492e+01
  1.03000000e+00   3.17609989e+01   2.79783505e+01   2.72378860e+01   1.82600438e+01  -5.56351446e+00  -1.35297321e+01
  1.04000000e+00   3.20330996e+01   2.81602744e+01   2.71822508e+01   1.81247465e+01  -5.53158770e+00  -1.34883857e+01
  1.05000000e+00   3.23046455e+01   2.83408475e+01   2.71269349e+01   1.79898626e+01  -5.49992794e+00  -1.34474061e+01
  1.06000000e+00   3.25756399e+01   2.85200737e+01   2.70719357e+01   1.78553886e+01  -5.46853265e+00  -1.34067896e+01
  1.07000000e+00   3.28460858e+01   2.86979573e+01   2.70172503e+01   1.77213207e+01  -5.43739934e+00  -1.33665324e+01
  1.08000000e+00   3.31159864e+01   2.88745021e+01   2.69628763e+01   1.75876554e+01  -5.40652555e+00  -1.33266307e+01
  1.09000000e+00   3.33853449e+01   2.90497124e+01   2.69088111e+01   1.74543891e+01  -5.37590885e+00  -1.32870810e+01
  1.10000000e+00   3.36541642e+01   2.92235919e+01   2.68550520e+01   1.73215183e+01  -5.34554685e+00  -1.32478797e+01
  1.11000000e+00   3.39224474e+01   2.93961447e+01   2.68015965e+01   1.71890395e+01  -5.31543720e+00  -1.32090230e+01
  1.12000000e+00   3.41901976e+01   2.95673746e+01   2.67484421e+01   1.70569492e+01  -5.28557756e+00  -1.31705076e+01
  1.13000000e+00   3.44574178e+01   2.97372856e+01   2.66955864e+01   1.69252441e+01  -5.25596564e+00  -1.31323299e+01
  1.14000000e+00   3.47241108e+01   2.99058814e+01   2.66430267e+01   1.67939208e+01  -5.22659918e+00  -1.30944865e+01
  1.15000000e+00   3.49902798e+01   3.00731659e+01   2.65907607e+01   1.66629760e+01  -5.19747594e+00  -1.30569740e+01
  1.16000000e+00   3.52559275e+01   3.02391428e+01   2.65387860e+01   1.65324062e+01  -5.16859372e+00  -1.30197890e+01
  1.17000000e+00   3.55210569e+01   3.04038159e+01   2.64871000e+01   1.64022084e+01  -5.13995035e+00  -1.29829282e+01
  1.18000000e+00   3.57856709e+01   3.05671888e+01   2.64357005e+01   1.62723791e+01  -5.11154368e+00  -1.29463882e+01
  1.19000000e+00   3.60497723e+01   3.07292653e+01   2.63845851e+01   1.61429152e+01  -5.08337159e+00  -1.29101659e+01
  1.20000000e+00   3.63133640e+01   3.08900489e+01   2.63337514e+01   1.60138135e+01  -5.05543200e+00  -1.28742580e+01
  1.21000000e+00   3.65764488e+01   3.10495434e+01   2.62831971e+01   1.58850710e+01  -5.02772286e+00  -1.28386613e+01
  1.22000000e+00   3.68390294e+01   3.12077521e+01   2.62329198e+01   1.57566843e+01  -5.00024212e+00  -1.28033728e+01
  1.23000000e+00   3.71011085e+01   3.13646788e+01   2.61829174e+01   1.56286506e+01  -4.97298779e+00  -1.27683892e+01
  1.24000000e+00   3.73626891e+01   3.15203269e+01   2.61331875e+01   1.55009667e+01  -4.94595788e+00  -1.27337075e+01
  1.25000000e+00   3.76237736e+01   3.16746999e+01   2.60837279e+01   1.53736296e+01  -4.91915046e+00  -1.26993247e+01
  1.26000000e+00   3.78843650e+01   3.18278012e+01   2.60345364e+01   1.52466364e+01  -4.89256358e+00  -1.26652378e+01
  1.27000000e+00   3.81444657e+01   3.19796343e+01   2.59856108e+01   1.51199840e+01  -4.86619536e+00  -1.26314438e+01
  1.28000000e+00   3.84040785e+01   3.21302026e+01   2.59369489e+01   1.49936696e+01  -4.84004392e+00  -1.25979397e+01
  1.29000000e+00   3.86632060e+01   3.22795094e+01   2.58885484e+01   1.48676902e+01  -4.81410741e+00  -1.25647227e+01
  1.30000000e+00   3.89218508e+01   3.24275581e+01   2.58404073e+01   1.47420430e+01  -4.78838401e+00  -1.25317899e+01
  1.31000000e+00   3.91800154e+01   3.25743519e+01   2.57925235e+01   1.46167251e+01  -4.76287191e+00  -1.24991383e+01
  1.32000000e+00   3.94377025e+01   3.27198942e+01   2.57448948e+01   1.44917337e+01  -4.73756934e+00  -1.24667653e+01
  1.33000000e+00   3.96949146e+01   3.28641882e+01   2.56975191e+01   1.43670660e+01  -4.71247454e+00  -1.24346681e+01
  1.34000000e+00   3.99516541e+01   3.30072371e+01   2.56503943e+01   1.42427193e+01  -4.68758580e+00  -1.24028438e+01
  1.35000000e+00   4.02079237e+01   3.31490442e+01   2.56035185e+01   1.41186909e+01  -4.66290139e+00  -1.23712897e+01
  1.36000000e+00   4.04637258e+01   3.32896125e+01   2.55568895e+01   1.39949780e+01  -4.63841963e+00  -1.23400032e+01
  1.37000000e+00   4.07190627e+01   3.34289453e+01   2.55105053e+01   1.38715780e+01  -4.61413887e+00  -1.23089816e+01
  1.38000000e+00   4.09739371e+01   3.35670456e+01   2.54643639e+01   1.37484882e+01  -4.59005745e+00  -1.22782221e+01
  1.39000000e+00   4.12283512e+01   3.37039166e+01   2.54184633e+01   1.36257059e+01  -4.56617376e+00  -1.22477224e+01
  1.40000000e+00   4.14823075e+01   3.38395613e+01   2.53728016e+01   1.35032287e+01  -4.54248621e+00  -1.22174796e+01
  1.41000000e+00   4.17358084e+01   3.39739827e+01   2.53273767e+01   1.33810539e+01  -4.51899321e+00  -1.21874913e+01
  1.42000000e+00   4.19888562e+01   3.41071838e+01   2.52821868e+01   1.32591790e+01  -4.49569321e+00  -1.21577549e+01
  1.43000000e+00   4.22414533e+01   3.42391677e+01   2.52372298e+01   1.31376015e+01  -4.47258466e+00  -1.21282680e+01
  1.44000000e+00   4.24936020e+01   3.43699373e+01   2.51925040e+01   1.30163188e+01  -4.44966606e+00  -1.20990280e+01
  1.45000000e+00   4.27453045e+01   3.44994956e+01   2.51480073e+01   1.28953285e+01  -4.42693590e+00  -1.20700324e+01
  1.46000000e+00   4.29965633e+01   3.46278454e+01   2.51037380e+01   1.27746282e+01  -4.40439271e+00  -1.20412789e+01
  1.47000000e+00   4.32473804e+01   3.47549896e+01   2.50596941e+01   1.26542154e+01  -4.38203503e+00  -1.20127650e+01
  1.48000000e+00   4.34977583e+01   3.48809311e+01   2.50158737e+01   1.25340877e+01  -4.35986141e+00  -1.19844884e+01
  1.49000000e+00   4.37476990e+01   3.50056728e+01   2.49722751e+01   1.24142428e+01  -4.33787044e+00  -1.19564466e+01
  1.50000000e+00   4.39972049e+01   3.51292174e+01   2.49288964e+01   1.22946784e+01  -4.31606071e+00  -1.19286373e+01
  1.51000000e+00   4.42462780e+01   3.52515677e+01   2.48857358e+01   1.21753920e+01  -4.29443083e+00  -1.19010582e+01
  1.52000000e+00   4.44949207e+01   3.53727266e+01   2.48427915e+01   1.20563814e+01  -4.27297944e+00  -1.18737070e+01
  1.53000000e+00   4.47431349e+01   3.54926967e+01   2.48000617e+01   1.19376444e+01  -4.25170519e+00  -1.18465814e+01
  1.54000000e+00   4.49909230e+01   3.56114808e+01   2.47575446e+01   1.18191785e+01  -4.23060674e+00  -1.18196791e+01
  1.55000000e+00   4.52382869e+01   3.57290816e+01   2.47152386e+01   1.17009818e+01  -4.20968278e+00  -1.17929980e+01
  1.56000000e+00   4.54852288e+01   3.58455018e+01   2.46731417e+01   1.15830518e+01  -4.18893200e+00  -1.17665358e+01
  1.57000000e+00   4.57317508e+01   3.59607440e+01   2.46312524e+01   1.14653864e+01  -4.16835312e+00  -1.17402903e+01
  1.58000000e+00   4.59778549e+01   3.60748108e+01   2.45895689e+01   1.13479835e+01  -4.14794487e+00  -1.17142593e+01
  1.59000000e+00   4.62235432e+01   3.61877050e+01   2.45480894e+01   1.12308409e+01  -4.12770601e+00  -1.16884406e+01
  1.60000000e+00   4.64688177e+01   3.62994289e+01   2.45068124e+01   1.11139565e+01  -4.10763529e+00  -1.16628322e+01
  1.61000000e+00   4.67136804e+01   3.64099854e+01   2.44657360e+01   1.09973282e+01  -4.08773150e+00  -1.16374319e+01
  1.62000000e+00   4.69581334e+01   3.65193768e+01   2.44248587e+01   1.08809539e+01  -4.06799343e+00  -1.16122377e+01
  1.63000000e+00   4.72021786e+01   3.66276057e+01   2.43841788e+01   1.07648315e+01  -4.04841988e+00  -1.15872473e+01
  1.64000000e+00   4.74458179e+01   3.67346747e+01   2.43436946e+01   1.06489590e+01  -4.02900969e+00  -1.15624588e+01
  1.65000000e+00   4.76890534e+01   3.68405861e+01   2.43034045e+01   1.05333344e+01  -4.00976169e+00  -1.15378701e+01
  1.66000000e+00   4.79318870e+01   3.69453426e+01   2.42633069e+01   1.04179557e+01  -3.99067473e+00  -1.15134792e+01
  1.67000000e+00   4.81743205e+01   3.70489465e+01   2.42234001e+01   1.03028209e+01  -3.97174768e+00  -1.14892841e+01
  1.68000000e+00   4.84163559e+01   3.71514002e+01   2.41836826e+01   1.01879281e+01  -3.95297942e+00  -1.14652828e+01
  1.69000000e+00   4.86579951e+01   3.72527062e+01   2.41441528e+01   1.00732753e+01  -3.93436885e+00  -1.14414732e+01
  1.70000000e+00   4.88992399e+01   3.73528669e+01   2.41048091e+01   9.95886054e+00  -3.91591486e+00  -1.14178535e+01
  1.71000000e+00   4.91400922e+01   3.74518846e+01   2.40656500e+01   9.84468200e+00  -3.89761639e+00  -1.13944217e+01
  1.72000000e+00   4.93805538e+01   3.75497617e+01   2.40266738e+01   9.73073778e+00  -3.87947237e+00  -1.13711758e+01
  1.73000000e+00   4.96206266e+01   3.76465005e+01   2.39878791e+01   9.61702603e+00  -3.86148174e+00  -1.13481140e+01
  1.74000000e+00   4.98603123e+01   3.77421034e+01   2.39492643e+01   9.50354489e+00  -3.84364346e+00  -1.13252343e+01
  1.75000000e+00   5.00996128e+01   3.78365726e+01   2.39108279e+01   9.39029254e+00  -3.82595651e+00  -1.13025348e+01
  1.76000000e+00   5.03385298e+01   3.79299104e+01   2.38725683e+01   9.27726720e+00  -3.80841986e+00  -1.12800137e+01
  1.77000000e+00   5.05770650e+01   3.80221190e+01   2.38344841e+01   9.16446706e+00  -3.79103251e+00  -1.12576692e+01
  1.78000000e+00   5.08152203e+01   3.81132008e+01   2.37965738e+01   9.05189037e+00  -3.77379347e+00  -1.12354993e+01
  1.79000000e+00   5.10529974e+01   3.82031580e+01   2.37588358e+01   8.93953538e+00  -3.75670176e+00  -1.12135023e+01
  1.80000000e+00   5.12903979e+01   3.82919926e+01   2.37212688e+01   8.82740035e+00  -3.73975640e+00  -1.11916763e+01
  1.81000000e+00   5.15274236e+01   3.83797070e+01   2.36838713e+01   8.71548359e+00  -3.72295645e+00  -1.11700195e+01
  1.82000000e+00   5.17640761e+01   3.84663034e+01   2.36466417e+01   8.60378339e+00  -3.70630094e+00  -1.11485302e+01
  1.83000000e+00   5.20003572e+01   3.85517838e+01   2.36095787e+01   8.49229809e+00  -3.68978895e+00  -1.11272066e+01
  1.84000000e+00   5.22362685e+01   3.86361504e+01   2.35726808e+01   8.38102603e+00  -3.67341954e+00  -1.11060468e+01
  1.85000000e+00   5.24718117e+01   3.87194054e+01   2.35359466e+01   8.26996556e+00  -3.65719180e+00  -1.10850492e+01
  1.86000000e+00   5.27069883e+01   3.88015508e+01   2.34993747e+01   8.15911507e+00  -3.64110483e+00  -1.10642121e+01
  1.87000000e+00   5.29418000e+01   3.88825887e+01   2.34629636e+01   8.04847295e+00  -3.62515773e+00  -1.10435336e+01
  1.88000000e+00   5.31762484e+01   3.89625213e+01   2.34267120e+01   7.93803761e+00  -3.60934961e+00  -1.10230121e+01
  1.89000000e+00   5.34103350e+01   3.90413505e+01   2.33906186e+01   7.82780749e+00  -3.59367960e+00  -1.10026459e+01
  1.90000000e+00   5.36440615e+01   3.91190784e+01   2.33546818e+01   7.71778103e+00  -3.57814683e+00  -1.09824333e+01
  1.91000000e+00   5.38774294e+01   3.91957071e+01   2.33189003e+01   7.60795670e+00  -3.56275044e+00  -1.09623726e+01
  1.92000000e+00   5.41104403e+01   3.92712386e+01   2.32832728e+01   7.49833297e+00  -3.54748959e+00  -1.09424622e+01
  1.93000000e+00   5.43430956e+01   3.93456748e+01   2.32477979e+01   7.38890835e+00  -3.53236344e+00  -1.09227003e+01
  1.94000000e+00   5.45753970e+01   3.94190177e+01   2.32124743e+01   7.27968135e+00  -3.51737115e+00  -1.09030854e+01
  1.95000000e+00   5.48073459e+01   3.94912694e+01   2.31773005e+01   7.17065049e+00  -3.50251190e+00  -1.08836158e+01
  1.96000000e+00   5.50389438e+01   3.95624317e+01   2.31422754e+01   7.06181433e+00  -3.48778489e+00  -1.08642899e+01
  1.97000000e+00   5.52701921e+01   3.96325066e+01   2.31073976e+01   6.95317143e+00  -3.47318930e+00  -1.08451060e+01
  1.98000000e+00   5.55010924e+01   3.97014961e+01   2.30726657e+01   6.84472037e+00  -3.45872434e+00  -1.08260627e+01
  1.99000000e+00   5.57316462e+01   3.97694020e+01   2.30380784e+01   6.73645975e+00  -3.44438923e+00  -1.08071582e+01
  2.00000000e+00   5.59618547e+01   3.98362262e+01   2.30036345e+01   6.62838817e+00  -3.43018317e+00  -1.07883910e+01
  2.01000000e+00   5.61917196e+01   3.99019707e+01   2.29693327e+01   6.52050426e+00  -3.41610541e+00  -1.07697596e+01
  2.02000000e+00   5.64212421e+01   3.99666373e+01   2.29351717e+01   6.41280666e+00  -3.40215517e+00  -1.07512623e+01
  2.03000000e+00   5.66504237e+01   4.00302278e+01   2.29011501e+01   6.30529404e+00  -3.38833169e+00  -1.07328976e+01
  2.04000000e+00   5.68792658e+01   4.00927441e+01   2.28672668e+01   6.19796506e+00  -3.37463423e+00  -1.07146640e+01
  2.05000000e+00   5.71077697e+01   4.01541880e+01   2.28335204e+01   6.09081842e+00  -3.36106204e+00  -1.06965599e+01
  2.06000000e+00   5.73359369e+01   4.02145613e+01   2.27999098e+01   5.98385282e+00  -3.34761438e+00  -1.06785838e+01
  2.07000000e+00   5.75637686e+01   4.02738659e+01   2.27664337e+01   5.87706698e+00  -3.33429053e+00  -1.06607342e+01
  2.08000000e+00   5.77912662e+01   4.03321036e+01   2.27330908e+01   5.77045964e+00  -3.32108977e+00  -1.06430096e+01
  2.09000000e+00   5.80184311e+01   4.03892760e+01   2.26998799e+01   5.66402955e+00  -3.30801136e+00  -1.06254085e+01
  2.10000000e+00   5.82452645e+01   4.04453850e+01   2.26667998e+01   5.55777546e+00  -3.29505462e+00  -1.06079294e+01
  2.11000000e+00   5.84717677e+01   4.05004324e+01   2.26338492e+01   5.45169617e+00  -3.28221882e+00  -1.05905708e+01
  2.12000000e+00   5.86979421e+01   4.05544198e+01   2.26010270e+01   5.34579046e+00  -3.26950328e+00  -1.05733312e+01
  2.13000000e+00   5.89237889e+01   4.06073491e+01   2.25683320e+01   5.24005715e+00  -3.25690730e+00  -1.05562092e+01
  2.14000000e+00   5.91493094e+01   4.06592218e+01   2.25357629e+01   5.13449506e+00  -3.24443019e+00  -1.05392033e+01
  2.15000000e+00   5.93745048e+01   4.07100398e+01   2.25033186e+01   5.02910302e+00  -3.23207128e+00  -1.05223121e+01
  2.16000000e+00   5.95993763e+01   4.07598047e+01   2.24709979e+01   4.92387990e+00  -3.21982988e+00  -1.05055341e+01
  2.17000000e+00   5.98239253e+01   4.08085182e+01   2.24387996e+01   4.81882456e+00  -3.20770534e+00  -1.04888679e+01
  2.18000000e+00   6.00481529e+01   4.08561821e+01   2.24067226e+01   4.71393588e+00  -3.19569698e+00  -1.04723121e+01
  2.19000000e+00   6.02720604e+01   4.09027978e+01   2.23747656e+01   4.60921276e+00  -3.18380415e+00  -1.04558652e+01
  2.20000000e+00   6.04956488e+01   4.09483671e+01   2.23429275e+01   4.50465411e+00  -3.17202619e+00  -1.04395259e+01
  2.21000000e+00   6.07189195e+01   4.09928917e+01   2.23112073e+01   4.40025885e+00  -3.16036245e+00  -1.04232927e+01
  2.22000000e+00   6.09418736e+01   4.10363731e+01   2.22796037e+01   4.29602592e+00  -3.14881229e+00  -1.04071643e+01
  2.23000000e+00   6.11645122e+01   4.10788130e+01   2.22481155e+01   4.19195428e+00  -3.13737506e+00  -1.03911392e+01
  2.24000000e+00   6.13868365e+01   4.11202130e+01   2.22167418e+01   4.08804289e+00  -3.12605014e+00  -1.03752161e+01
  2.25000000e+00   6.16088476e+01   4.11605747e+01   2.21854813e+01   3.98429073e+00  -3.11483689e+00  -1.03593936e+01
  2.26000000e+00   6.18305466e+01   4.11998996e+01   2.21543329e+01   3.88069679e+00  -3.10373468e+00  -1.03436703e+01
  2.27000000e+00   6.20519348e+01   4.12381894e+01   2.21232956e+01   3.77726009e+00  -3.09274288e+00  -1.03280449e+01
  2.28000000e+00   6.22730131e+01   4.12754456e+01   2.20923681e+01   3.67397964e+00  -3.08186089e+00  -1.03125161e+01
  2.29000000e+00   6.24937827e+01   4.13116698e+01   2.20615495e+01   3.57085448e+00  -3.07108809e+00  -1.02970824e+01
  2.30000000e+00   6.27142446e+01   4.13468635e+01   2.20308387e+01   3.46788365e+00  -3.06042386e+00  -1.02817426e+01
  2.31000000e+00   6.29344000e+01   4.13810282e+01   2.20002344e+01   3.36506623e+00  -3.04986759e+00  -1.02664953e+01
  2.32000000e+00   6.31542499e+01   4.14141655e+01   2.19697357e+01   3.26240127e+00  -3.03941868e+00  -1.02513392e+01
  2.33000000e+00   6.33737952e+01   4.14462770e+01   2.19393416e+01   3.15988788e+00  -3.02907654e+00  -1.02362730e+01
  2.34000000e+00   6.35930372e+01   4.14773641e+01   2.19090508e+01   3.05752515e+00  -3.01884055e+00  -1.02212953e+01
  2.35000000e+00   6.38119768e+01   4.15074282e+01   2.18788624e+01   2.95531220e+00  -3.00871014e+00  -1.02064049e+01
  2.36000000e+00   6.40306150e+01   4.15364710e+01   2.18487753e+01   2.85324815e+00  -2.99868470e+00  -1.01916005e+01
  2.37000000e+00   6.42489528e+01   4.15644939e+01   2.18187884e+01   2.75133214e+00  -2.98876365e+00  -1.01768808e+01
  2.38000000e+00   6.44669912e+01   4.15914984e+01   2.17889008e+01   2.64956334e+00  -2.97894640e+00  -1.01622444e+01
  2.39000000e+00   6.46847313e+01   4.16174859e+01   2.17591113e+01   2.54794089e+00  -2.96923237e+00  -1.01476901e+01
  2.40000000e+00   6.49021739e+01   4.16424580e+01   2.17294190e+01   2.44646399e+00  -2.95962097e+00  -1.01332167e+01
  2.41000000e+00   6.51193201e+01   4.16664159e+01   2.16998228e+01   2.34513182e+00  -2.95011164e+00  -1.01188229e+01
  2.42000000e+00   6.53361709e+01   4.16893613e+01   2.16703217e+01   2.24394359e+00  -2.94070379e+00  -1.01045074e+01
  2.43000000e+00   6.55527270e+01   4.17112955e+01   2.16409146e+01   2.14289852e+00  -2.93139685e+00  -1.00902690e+01
  2.44000000e+00   6.57689896e+01   4.17322200e+01   2.16116007e+01   2.04199583e+00  -2.92219026e+00  -1.00761064e+01
  2.45000000e+00   6.59849595e+01   4.17521362e+01   2.15823788e+01   1.94123477e+00  -2.91308343e+00  -1.00620183e+01
  2.46000000e+00   6.62006377e+01   4.17710454e+01   2.15532479e+01   1.84061458e+00  -2.90407581e+00  -1.00480037e+01
  2.47000000e+00   6.64160249e+01   4.17889491e+01   2.15242072e+01   1.74013455e+00  -2.89516683e+00  -1.00340611e+01
  2.48000000e+00   6.66311222e+01   4.18058488e+01   2.14952555e+01   1.63979394e+00  -2.88635593e+00  -1.00201895e+01
  2.49000000e+00   6.68459305e+01   4.18217457e+01   2.14663920e+01   1.53959204e+00  -2.87764254e+00  -1.00063875e+01
  2.50000000e+00   6.70604505e+01   4.18366413e+01   2.14376155e+01   1.43952817e+00  -2.86902611e+00  -9.99265407e+00
  2.51000000e+00   6.72746832e+01   4.18505370e+01   2.14089253e+01   1.33960162e+00  -2.86050608e+00  -9.97898790e+00
  2.52000000e+00   6.74886294e+01   4.18634340e+01   2.13803202e+01   1.23981175e+00  -2.85208189e+00  -9.96538782e+00
  2.53000000e+00   6.77022900e+01   4.18753339e+01   2.13517994e+01   1.14015787e+00  -2.84375299e+00  -9.95185265e+00
  2.54000000e+00   6.79156659e+01   4.18862379e+01   2.13233619e+01   1.04063934e+00  -2.83551882e+00  -9.93838120e+00
  2.55000000e+00   6.81287577e+01   4.18961473e+01   2.12950067e+01   9.41255529e-01  -2.82737883e+00  -9.92497230e+00
  2.56000000e+00   6.83415664e+01   4.19050637e+01   2.12667329e+01   8.42005806e-01  -2.81933248e+00  -9.91162478e+00
  2.57000000e+00   6.85540928e+01   4.19129881e+01   2.12385396e+01   7.42889558e-01  -2.81137920e+00  -9.89833747e+00
  2.58000000e+00   6.87663376e+01   4.19199221e+01   2.12104258e+01   6.43906184e-01  -2.80351845e+00  -9.88510922e+00
  2.59000000e+00   6.89783017e+01   4.19258669e+01   2.11823906e+01   5.45055091e-01  -2.79574969e+00  -9.87193889e+00
  2.60000000e+00   6.91899858e+01   4.19308239e+01   2.11544331e+01   4.46335703e-01  -2.78807236e+00  -9.85882532e+00
  2.61000000e+00   6.94013907e+01   4.19347943e+01   2.11265524e+01   3.47747449e-01  -2.78048592e+00  -9.84576738e+00
  2.62000000e+00   6.96125172e+01   4.19377795e+01   2.10987475e+01   2.49289776e-01  -2.77298982e+00  -9.83276394e+00
  2.63000000e+00   6.98233660e+01   4.19397807e+01   2.10710176e+01   1.50962136e-01  -2.76558352e+00  -9.81981387e+00
  2.64000000e+00   7.00339379e+01   4.19407994e+01   2.10433618e+01   5.27639976e-02  -2.75826648e+00  -9.80691606e+00
  2.65000000e+00   7.02442336e+01   4.19408367e+01   2.10157791e+01  -4.53051630e-02  -2.75103815e+00  -9.79406940e+00
  2.66000000e+00   7.04542539e+01   4.19398939e+01   2.09882687e+01  -1.43245857e-01  -2.74389798e+00  -9.78127278e+00
  2.67000000e+00   7.06639994e+01   4.19379724e+01   2.09608297e+01  -2.41058585e-01  -2.73684544e+00  -9.76852510e+00
  2.68000000e+00   7.08734708e+01   4.19350734e+01   2.09334613e+01  -3.38743836e-01  -2.72987998e+00  -9.75582527e+00
  2.69000000e+00   7.10826689e+01   4.19311981e+01   2.09061625e+01  -4.36302088e-01  -2.72300107e+00  -9.74317221e+00
  2.70000000e+00   7.12915944e+01   4.19263480e+01   2.08789325e+01  -5.33733810e-01  -2.71620815e+00  -9.73056483e+00
  2.71000000e+00   7.15002479e+01   4.19205241e+01   2.08517704e+01  -6.31039459e-01  -2.70950069e+00  -9.71800208e+00
  2.72000000e+00   7.17086302e+01   4.19137278e+01   2.08246754e+01  -7.28219480e-01  -2.70287815e+00  -9.70548287e+00
  2.73000000e+00   7.19167418e+01   4.19059603e+01   2.07976466e+01  -8.25274308e-01  -2.69633998e+00  -9.69300616e+00
  2.74000000e+00   7.21245834e+01   4.18972229e+01   2.07706832e+01  -9.22204370e-01  -2.68988565e+00  -9.68057089e+00
  2.75000000e+00   7.23321558e+01   4.18875169e+01   2.07437843e+01  -1.01901008e+00  -2.68351461e+00  -9.66817601e+00
  2.76000000e+00   7.25394594e+01   4.18768434e+01   2.07169492e+01  -1.11569184e+00  -2.67722633e+00  -9.65582049e+00
  2.77000000e+00   7.27464951e+01   4.18652036e+01   2.06901769e+01  -1.21225004e+00  -2.67102026e+00  -9.64350330e+00
  2.78000000e+00   7.29532633e+01   4.18525990e+01   2.06634667e+01  -1.30868508e+00  -2.66489586e+00  -9.63122341e+00
  2.79000000e+00   7.31597647e+01   4.18390306e+01   2.06368178e+01  -1.40499731e+00  -2.65885259e+00  -9.61897981e+00
  2.80000000e+00   7.33659999e+01   4.18244996e+01   2.06102293e+01  -1.50118711e+00  -2.65288992e+00  -9.60677148e+00
  2.81000000e+00   7.35719696e+01   4.18090074e+01   2.05837004e+01  -1.59725482e+00  -2.64700729e+00  -9.59459742e+00
  2.82000000e+00   7.37776742e+01   4.17925551e+01   2.05572303e+01  -1.69320080e+00  -2.64120417e+00  -9.58245664e+00
  2.83000000e+00   7.39831145e+01   4.17751440e+01   2.05308182e+01  -1.78902536e+00  -2.63548001e+00  -9.57034814e+00
  2.84000000e+00   7.41882909e+01   4.17567752e+01   2.05044634e+01  -1.88472885e+00  -2.62983429e+00  -9.55827095e+00
  2.85000000e+00   7.43932040e+01   4.17374500e+01   2.04781651e+01  -1.98031156e+00  -2.62426644e+00  -9.54622408e+00
  2.86000000e+00   7.45978545e+01   4.17171696e+01   2.04519224e+01  -2.07577380e+00  -2.61877594e+00  -9.53420658e+00
  2.87000000e+00   7.48022427e+01   4.16959352e+01   2.04257347e+01  -2.17111586e+00  -2.61336223e+00  -9.52221747e+00
  2.88000000e+00   7.50063694e+01   4.16737479e+01   2.03996011e+01  -2.26633804e+00  -2.60802478e+00  -9.51025582e+00
  2.89000000e+00   7.52102350e+01   4.16506090e+01   2.03735208e+01  -2.36144059e+00  -2.60276305e+00  -9.49832066e+00
  2.90000000e+00   7.54138401e+01   4.16265197e+01   2.03474932e+01  -2.45642380e+00  -2.59757648e+00  -9.48641107e+00
  2.91000000e+00   7.56171852e+01   4.16014811e+01   2.03215174e+01  -2.55128791e+00  -2.59246454e+00  -9.47452610e+00
  2.92000000e+00   7.58202707e+01   4.15754945e+01   2.02955928e+01  -2.64603317e+00  -2.58742669e+00  -9.46266485e+00
  2.93000000e+00   7.60230973e+01   4.15485611e+01   2.02697185e+01  -2.74065982e+00  -2.58246237e+00  -9.45082639e+00
  2.94000000e+00   7.62256653e+01   4.15206819e+01   2.02438939e+01  -2.83516809e+00  -2.57757104e+00  -9.43900981e+00
  2.95000000e+00   7.64279754e+01   4.14918583e+01   2.02181182e+01  -2.92955818e+00  -2.57275217e+00  -9.42721421e+00
  2.96000000e+00   7.66300279e+01   4.14620913e+01   2.01923906e+01  -3.02383033e+00  -2.56800520e+00  -9.41543870e+00
  2.97000000e+00   7.68318234e+01   4.14313823e+01   2.01667106e+01  -3.11798471e+00  -2.56332958e+00  -9.40368239e+00
  2.98000000e+00   7.70333624e+01   4.13997322e+01   2.01410773e+01  -3.21202154e+00  -2.55872478e+00  -9.39194441e+00
  2.99000000e+00   7.72346452e+01   4.13671424e+01   2.01154900e+01  -3.30594098e+00  -2.55419024e+00  -9.38022389e+00
  3.00000000e+00   7.74356724e+01   4.13336140e+01   2.00899481e+01  -3.39974322e+00  -2.54972542e+00  -9.36851996e+00
  3.01000000e+00   7.76364444e+01   4.12991481e+01   2.00644509e+01  -3.49342842e+00  -2.54532978e+00  -9.35683176e+00
  3.02000000e+00   7.78369616e+01   4.12637460e+01   2.00389976e+01  -3.58699674e+00  -2.54100275e+00  -9.34515846e+00
  3.03000000e+00   7.80372246e+01   4.12274088e+01   2.00135876e+01  -3.68044832e+00  -2.53674381e+00  -9.33349921e+00
  3.04000000e+00   7.82372336e+01   4.11901376e+01   1.99882201e+01  -3.77378331e+00  -2.53255239e+00  -9.32185318e+00
  3.05000000e+00   7.84369892e+01   4.11519337e+01   1.99628946e+01  -3.86700184e+00  -2.52842795e+00  -9.31021955e+00
  3.06000000e+00   7.86364917e+01   4.11127982e+01   1.99376103e+01  -3.96010404e+00  -2.52436995e+00  -9.29859750e+00
  3.07000000e+00   7.88357416e+01   4.10727322e+01   1.99123666e+01  -4.05309002e+00  -2.52037782e+00  -9.28698623e+00
  3.08000000e+00   7.90347392e+01   4.10317370e+01   1.98871628e+01  -4.14595988e+00  -2.51645103e+00  -9.27538495e+00
  3.09000000e+00   7.92334850e+01   4.09898136e+01   1.98619983e+01  -4.23871373e+00  -2.51258903e+00  -9.26379285e+00
  3.10000000e+00   7.94319794e+01   4.09469633e+01   1.98368724e+01  -4.33135166e+00  -2.50879126e+00  -9.25220915e+00
  3.11000000e+00   7.96302227e+01   4.09031871e+01   1.98117845e+01  -4.42387375e+00  -2.50505717e+00  -9.24063309e+00
  3.12000000e+00   7.98282153e+01   4.08584864e+01   1.97867340e+01  -4.51628008e+00  -2.50138622e+00  -9.22906390e+00
  3.13000000e+00   8.00259575e+01   4.08128621e+01   1.97617201e+01  -4.60857072e+00  -2.49777785e+00  -9.21750081e+00
  3.14000000e+00   8.02234499e+01   4.07663155e+01   1.97367423e+01  -4.70074573e+00  -2.49423152e+00  -9.20594309e+00
  3.15000000e+00   8.04206926e+01   4.07188478e+01   1.97118000e+01  -4.79280516e+00  -2.49074667e+00  -9.19438999e+00
  3.16000000e+00   8.06176860e+01   4.06704600e+01   1.96868925e+01  -4.88474906e+00  -2.48732275e+00  -9.18284077e+00
  3.17000000e+00   8.08144306e+01   4.06211534e+01   1.96620193e+01  -4.97657746e+00  -2.48395922e+00  -9.17129471e+00
  3.18000000e+00   8.10109266e+01   4.05709290e+01   1.96371797e+01  -5.06829041e+00  -2.48065552e+00  -9.15975111e+00
  3.19000000e+00   8.12071743e+01   4.05197881e+01   1.96123732e+01  -5.15988792e+00  -2.47741110e+00  -9.14820924e+00
  3.20000000e+00   8.14031742e+01   4.04677318e+01   1.95875990e+01  -5.25137001e+00  -2.47422541e+00  -9.13666842e+00
  3.21000000e+00   8.15989265e+01   4.04147613e+01   1.95628568e+01  -5.34273670e+00  -2.47109790e+00  -9.12512794e+00
  3.22000000e+00   8.17944315e+01   4.03608777e+01   1.95381458e+01  -5.43398798e+00  -2.46802802e+00  -9.11358714e+00
  3.23000000e+00   8.19896896e+01   4.03060821e+01   1.95134655e+01  -5.52512385e+00  -2.46501522e+00  -9.10204533e+00
  3.24000000e+00   8.21847010e+01   4.02503758e+01   1.94888154e+01  -5.61614430e+00  -2.46205894e+00  -9.09050186e+00
  3.25000000e+00   8.23794660e+01   4.01937598e+01   1.94641948e+01  -5.70704932e+00  -2.45915865e+00  -9.07895606e+00
  3.26000000e+00   8.25739850e+01   4.01362354e+01   1.94396032e+01  -5.79783888e+00  -2.45631379e+00  -9.06740729e+00
  3.27000000e+00   8.27682582e+01   4.00778036e+01   1.94150401e+01  -5.88851295e+00  -2.45352381e+00  -9.05585491e+00
  3.28000000e+00   8.29622859e+01   4.00184657e+01   1.93905048e+01  -5.97907150e+00  -2.45078816e+00  -9.04429829e+00
  3.29000000e+00   8.31560685e+01   3.99582228e+01   1.93659970e+01  -6.06951449e+00  -2.44810629e+00  -9.03273681e+00
  3.30000000e+00   8.33496060e+01   3.98970760e+01   1.93415159e+01  -6.15984185e+00  -2.44547765e+00  -9.02116986e+00
  3.31000000e+00   8.35428989e+01   3.98350265e+01   1.93170611e+01  -6.25005355e+00  -2.44290170e+00  -9.00959682e+00
  3.32000000e+00   8.37359474e+01   3.97720755e+01   1.92926321e+01  -6.34014952e+00  -2.44037789e+00  -8.99801712e+00
  3.33000000e+00   8.39287517e+01   3.97082241e+01   1.92682283e+01  -6.43012969e+00  -2.43790567e+00  -8.98643015e+00
  3.34000000e+00   8.41213121e+01   3.96434735e+01   1.92438493e+01  -6.51999399e+00  -2.43548450e+00  -8.97483534e+00
  3.35000000e+00   8.43136288e+01   3.95778248e+01   1.92194944e+01  -6.60974235e+00  -2.43311382e+00  -8.96323213e+00
  3.36000000e+00   8.45057021e+01   3.95112792e+01   1.91951633e+01  -6.69937467e+00  -2.43079310e+00  -8.95161994e+00
  3.37000000e+00   8.46975322e+01   3.94438379e+01   1.91708553e+01  -6.78889087e+00  -2.42852179e+00  -8.93999824e+00
  3.38000000e+00   8.48891193e+01   3.93755020e+01   1.91465701e+01  -6.87829085e+00  -2.42629934e+00  -8.92836647e+00
  3.39000000e+00   8.50804637e+01   3.93062727e+01   1.91223071e+01  -6.96757452e+00  -2.42412521e+00  -8.91672410e+00
  3.40000000e+00   8.52715655e+01   3.92361511e+01   1.90980659e+01  -7.05674176e+00  -2.42199886e+00  -8.90507061e+00
  3.41000000e+00   8.54624251e+01   3.91651384e+01   1.90738459e+01  -7.14579246e+00  -2.41991975e+00  -8.89340547e+00
  3.42000000e+00   8.56530426e+01   3.90932358e+01   1.90496467e+01  -7.23472652e+00  -2.41788734e+00  -8.88172819e+00
  3.43000000e+00   8.58434181e+01   3.90204445e+01   1.90254678e+01  -7.32354380e+00  -2.41590108e+00  -8.87003825e+00
  3.44000000e+00   8.60335520e+01   3.89467655e+01   1.90013088e+01  -7.41224418e+00  -2.41396044e+00  -8.85833517e+00
  3.45000000e+00   8.62234444e+01   3.88722002e+01   1.89771692e+01  -7.50082753e+00  -2.41206489e+00  -8.84661846e+00
  3.46000000e+00   8.64130955e+01   3.87967495e+01   1.89530486e+01  -7.58929372e+00  -2.41021387e+00  -8.83488766e+00
  3.47000000e+00   8.66025055e+01   3.87204149e+01   1.89289464e+01  -7.67764259e+00  -2.40840687e+00  -8.82314230e+00
  3.48000000e+00   8.67916745e+01   3.86431973e+01   1.89048623e+01  -7.76587402e+00  -2.40664333e+00  -8.81138191e+00
  3.49000000e+00   8.69806028e+01   3.85650980e+01   1.88807959e+01  -7.85398784e+00  -2.40492274e+00  -8.79960605e+00
  3.50000000e+00   8.71692905e+01   3.84861181e+01   1.88567467e+01  -7.94198390e+00  -2.40324456e+00  -8.78781429e+00
  3.51000000e+00   8.73577378e+01   3.84062589e+01   1.88327142e+01  -8.02986204e+00  -2.40160825e+00  -8.77600618e+00
  3.52000000e+00   8.75459449e+01   3.83255215e+01   1.88086982e+01  -8.11762210e+00  -2.40001329e+00  -8.76418132e+00
  3.53000000e+00   8.77339119e+01   3.82439070e+01   1.87846980e+01  -8.20526391e+00  -2.39845915e+00  -8.75233928e+00
  3.54000000e+00   8.79216389e+01   3.81614168e+01   1.87607134e+01  -8.29278731e+00  -2.39694530e+00  -8.74047965e+00
  3.55000000e+00   8.81091262e+01   3.80780519e+01   1.87367440e+01  -8.38019210e+00  -2.39547122e+00  -8.72860205e+00
  3.56000000e+00   8.82963739e+01   3.79938135e+01   1.87127893e+01  -8.46747812e+00  -2.39403639e+00  -8.71670609e+00
  3.57000000e+00   8.84833821e+01   3.79087029e+01   1.86888489e+01  -8.55464519e+00  -2.39264027e+00  -8.70479137e+00
  3.58000000e+00   8.86701509e+01   3.78227212e+01   1.86649225e+01  -8.64169310e+00  -2.39128235e+00  -8.69285754e+00
  3.59000000e+00   8.88566806e+01   3.77358697e+01   1.86410097e+01  -8.72862167e+00  -2.38996212e+00  -8.68090423e+00
  3.60000000e+00   8.90429712e+01   3.76481494e+01   1.86171101e+01  -8.81543072e+00  -2.38867904e+00  -8.66893108e+00
  3.61000000e+00   8.92290228e+01   3.75595616e+01   1.85932233e+01  -8.90212003e+00  -2.38743262e+00  -8.65693774e+00
  3.62000000e+00   8.94148357e+01   3.74701076e+01   1.85693489e+01  -8.98868941e+00  -2.38622233e+00  -8.64492389e+00
  3.63000000e+00   8.96004099e+01   3.73797884e+01   1.85454867e+01  -9.07513864e+00  -2.38504766e+00  -8.63288918e+00
  3.64000000e+00   8.97857455e+01   3.72886054e+01   1.85216362e+01  -9.16146754e+00  -2.38390810e+00  -8.62083330e+00
  3.65000000e+00   8.99708427e+01   3.71965597e+01   1.84977972e+01  -9.24767587e+00  -2.38280314e+00  -8.60875594e+00
  3.66000000e+00   9.01557015e+01   3.71036525e+01   1.84739691e+01  -9.33376343e+00  -2.38173227e+00  -8.59665678e+00
  3.67000000e+00   9.03403221e+01   3.70098850e+01   1.84501518e+01  -9.41973000e+00  -2.38069500e+00  -8.58453552e+00
  3.68000000e+00   9.05247046e+01   3.69152585e+01   1.84263449e+01  -9.50557535e+00  -2.37969081e+00  -8.57239189e+00
  3.69000000e+00   9.07088491e+01   3.68197741e+01   1.84025480e+01  -9.59129927e+00  -2.37871921e+00  -8.56022560e+00
  3.70000000e+00   9.08927556e+01   3.67234331e+01   1.83787608e+01  -9.67690153e+00  -2.37777970e+00  -8.54803637e+00
  3.71000000e+00   9.10764243e+01   3.66262367e+01   1.83549830e+01  -9.76238189e+00  -2.37687177e+00  -8.53582394e+00
  3.72000000e+00   9.12598553e+01   3.65281861e+01   1.83312142e+01  -9.84774013e+00  -2.37599494e+00  -8.52358806e+00
  3.73000000e+00   9.14430486e+01   3.64292825e+01   1.83074543e+01  -9.93297601e+00  -2.37514872e+00  -8.51132846e+00
  3.74000000e+00   9.16260044e+01   3.63295272e+01   1.82837028e+01  -1.00180893e+01  -2.37433261e+00  -8.49904492e+00
  3.75000000e+00   9.18087227e+01   3.62289214e+01   1.82599595e+01  -1.01030797e+01  -2.37354612e+00  -8.48673719e+00
  3.76000000e+00   9.19912037e+01   3.61274662e+01   1.82362240e+01  -1.01879471e+01  -2.37278877e+00  -8.47440505e+00
  3.77000000e+00   9.21734473e+01   3.60251630e+01   1.82124961e+01  -1.02726912e+01  -2.37206008e+00  -8.46204827e+00
  3.78000000e+00   9.23554536e+01   3.59220130e+01   1.81887755e+01  -1.03573116e+01  -2.37135956e+00  -8.44966666e+00
  3.79000000e+00   9.25372228e+01   3.58180174e+01   1.81650619e+01  -1.04418083e+01  -2.37068674e+00  -8.43726000e+00
  3.80000000e+00   9.27187549e+01   3.57131775e+01   1.81413551e+01  -1.05261809e+01  -2.37004113e+00  -8.42482810e+00
  3.81000000e+00   9.29000499e+01   3.56074944e+01   1.81176547e+01  -1.06104292e+01  -2.36942227e+00  -8.41237077e+00
  3.82000000e+00   9.30811080e+01   3.55009695e+01   1.80939604e+01  -1.06945529e+01  -2.36882968e+00  -8.39988782e+00
  3.83000000e+00   9.32619292e+01   3.53936040e+01   1.80702721e+01  -1.07785518e+01  -2.36826290e+00  -8.38737909e+00
  3.84000000e+00   9.34425135e+01   3.52853991e+01   1.80465895e+01  -1.08624256e+01  -2.36772145e+00  -8.37484440e+00
  3.85000000e+00   9.36228610e+01   3.51763561e+01   1.80229123e+01  -1.09461740e+01  -2.36720487e+00  -8.36228361e+00
  3.86000000e+00   9.38029718e+01   3.50664762e+01   1.79992402e+01  -1.10297969e+01  -2.36671271e+00  -8.34969654e+00
  3.87000000e+00   9.39828458e+01   3.49557608e+01   1.79755731e+01  -1.11132938e+01  -2.36624450e+00  -8.33708306e+00
  3.88000000e+00   9.41624832e+01   3.48442110e+01   1.79519107e+01  -1.11966646e+01  -2.36579978e+00  -8.32444304e+00
  3.89000000e+00   9.43418841e+01   3.47318281e+01   1.79282527e+01  -1.12799091e+01  -2.36537811e+00  -8.31177633e+00
  3.90000000e+00   9.45210483e+01   3.46186134e+01   1.79045989e+01  -1.13630268e+01  -2.36497902e+00  -8.29908282e+00
  3.91000000e+00   9.46999761e+01   3.45045682e+01   1.78809491e+01  -1.14460177e+01  -2.36460208e+00  -8.28636238e+00
  3.92000000e+00   9.48786673e+01   3.43896937e+01   1.78573031e+01  -1.15288813e+01  -2.36424684e+00  -8.27361491e+00
  3.93000000e+00   9.50571221e+01   3.42739912e+01   1.78336606e+01  -1.16116174e+01  -2.36391284e+00  -8.26084031e+00
  3.94000000e+00   9.52353405e+01   3.41574620e+01   1.78100215e+01  -1.16942258e+01  -2.36359967e+00  -8.24803846e+00
  3.95000000e+00   9.54133226e+01   3.40401074e+01   1.77863855e+01  -1.17767062e+01  -2.36330687e+00  -8.23520930e+00
  3.96000000e+00   9.55910683e+01   3.39219285e+01   1.77627524e+01  -1.18590583e+01  -2.36303400e+00  -8.22235272e+00
  3.97000000e+00   9.57685776e+01   3.38029268e+01   1.77391221e+01  -1.19412819e+01  -2.36278065e+00  -8.20946865e+00
  3.98000000e+00   9.59458507e+01   3.36831035e+01   1.77154943e+01  -1.20233765e+01  -2.36254638e+00  -8.19655703e+00
  3.99000000e+00   9.61228875e+01   3.35624600e+01   1.76918688e+01  -1.21053421e+01  -2.36233077e+00  -8.18361778e+00
  4.00000000e+00   9.62996881e+01   3.34409974e+01   1.76682455e+01  -1.21871783e+01  -2.36213338e+00  -8.17065086e+00
  4.01000000e+00   9.64762525e+01   3.33187170e+01   1.76446242e+01  -1.22688848e+01  -2.36195381e+00  -8.15765620e+00
  4.02000000e+00   9.66525806e+01   3.31956203e+01   1.76210046e+01  -1.23504614e+01  -2.36179163e+00  -8.14463376e+00
  4.03000000e+00   9.68286726e+01   3.30717085e+01   1.75973867e+01  -1.24319077e+01  -2.36164643e+00  -8.13158350e+00
  4.04000000e+00   9.70045283e+01   3.29469828e+01   1.75737703e+01  -1.25132235e+01  -2.36151779e+00  -8.11850539e+00
  4.05000000e+00   9.71801480e+01   3.28214446e+01   1.75501551e+01  -1.25944086e+01  -2.36140532e+00  -8.10539940e+00
  4.06000000e+00   9.73555315e+01   3.26950953e+01   1.75265410e+01  -1.26754626e+01  -2.36130859e+00  -8.09226550e+00
  4.07000000e+00   9.75306788e+01   3.25679360e+01   1.75029279e+01  -1.27563852e+01  -2.36122722e+00  -8.07910369e+00
  4.08000000e+00   9.77055900e+01   3.24399682e+01   1.74793157e+01  -1.28371763e+01  -2.36116080e+00  -8.06591396e+00
  4.09000000e+00   9.78802651e+01   3.23111932e+01   1.74557041e+01  -1.29178354e+01  -2.36110893e+00  -8.05269629e+00
  4.10000000e+00   9.80547041e+01   3.21816122e+01   1.74320930e+01  -1.29983624e+01  -2.36107122e+00  -8.03945069e+00
  4.11000000e+00   9.82289070e+01   3.20512266e+01   1.74084823e+01  -1.30787569e+01  -2.36104728e+00  -8.02617716e+00
  4.12000000e+00   9.84028737e+01   3.19200377e+01   1.73848718e+01  -1.31590187e+01  -2.36103673e+00  -8.01287573e+00
  4.13000000e+00   9.85766044e+01   3.17880469e+01   1.73612614e+01  -1.32391474e+01  -2.36103917e+00  -7.99954640e+00
  4.14000000e+00   9.87500990e+01   3.16552554e+01   1.73376510e+01  -1.33191429e+01  -2.36105422e+00  -7.98618921e+00
  4.15000000e+00   9.89233574e+01   3.15216647e+01   1.73140405e+01  -1.33990048e+01  -2.36108152e+00  -7.97280417e+00
  4.16000000e+00   9.90963798e+01   3.13872760e+01   1.72904297e+01  -1.34787328e+01  -2.36112067e+00  -7.95939133e+00
  4.17000000e+00   9.92691660e+01   3.12520907e+01   1.72668185e+01  -1.35583267e+01  -2.36117132e+00  -7.94595073e+00
  4.18000000e+00   9.94417161e+01   3.11161101e+01   1.72432067e+01  -1.36377862e+01  -2.36123309e+00  -7.93248240e+00
  4.19000000e+00   9.96140302e+01   3.09793357e+01   1.72195944e+01  -1.37171111e+01  -2.36130561e+00  -7.91898640e+00
  4.20000000e+00   9.97861080e+01   3.08417686e+01   1.71959814e+01  -1.37963009e+01  -2.36138852e+00  -7.90546278e+00
  4.21000000e+00   9.99579498e+01   3.07034103e+01   1.71723675e+01  -1.38753555e+01  -2.36148147e+00  -7.89191161e+00
  4.22000000e+00   1.00129555e+02   3.05642622e+01   1.71487527e+01  -1.39542747e+01  -2.36158409e+00  -7.87833295e+00
  4.23000000e+00   1.00300925e+02   3.04243255e+01   1.71251368e+01  -1.40330580e+01  -2.36169603e+00  -7.86472686e+00
  4.24000000e+00   1.00472058e+02   3.02836017e+01   1.71015199e+01  -1.41117053e+01  -2.36181694e+00  -7.85109342e+00
  4.25000000e+00   1.00642955e+02   3.01420921e+01   1.70779017e+01  -1.41902162e+01  -2.36194648e+00  -7.83743271e+00
  4.26000000e+00   1.00813616e+02   2.99997980e+01   1.70542822e+01  -1.42685905e+01  -2.36208430e+00  -7.82374482e+00
  4.27000000e+00   1.00984041e+02   2.98567210e+01   1.70306614e+01  -1.43468280e+01  -2.36223005e+00  -7.81002983e+00
  4.28000000e+00   1.01154229e+02   2.97128622e+01   1.70070391e+01  -1.44249283e+01  -2.36238340e+00  -7.79628783e+00
  4.29000000e+00   1.01324182e+02   2.95682231e+01   1.69834152e+01  -1.45028911e+01  -2.36254402e+00  -7.78251893e+00
  4.30000000e+00   1.01493898e+02   2.94228050e+01   1.69597898e+01  -1.45807163e+01  -2.36271158e+00  -7.76872322e+00
  4.31000000e+00   1.01663377e+02   2.92766094e+01   1.69361627e+01  -1.46584036e+01  -2.36288573e+00  -7.75490081e+00
  4.32000000e+00   1.01832621e+02   2.91296377e+01   1.69125338e+01  -1.47359526e+01  -2.36306617e+00  -7.74105181e+00
  4.33000000e+00   1.02001628e+02   2.89818911e+01   1.68889032e+01  -1.48133631e+01  -2.36325256e+00  -7.72717633e+00
  4.34000000e+00   1.02170399e+02   2.88333711e+01   1.68652706e+01  -1.48906349e+01  -2.36344459e+00  -7.71327449e+00
  4.35000000e+00   1.02338933e+02   2.86840791e+01   1.68416362e+01  -1.49677676e+01  -2.36364194e+00  -7.69934642e+00
  4.36000000e+00   1.02507232e+02   2.85340164e+01   1.68179998e+01  -1.50447611e+01  -2.36384430e+00  -7.68539225e+00
  4.37000000e+00   1.02675293e+02   2.83831846e+01   1.67943613e+01  -1.51216150e+01  -2.36405136e+00  -7.67141209e+00
  4.38000000e+00   1.02843119e+02   2.82315848e+01   1.67707208e+01  -1.51983291e+01  -2.36426281e+00  -7.65740609e+00
  4.39000000e+00   1.03010708e+02   2.80792187e+01   1.67470782e+01  -1.52749032e+01  -2.36447835e+00  -7.64337438e+00
  4.40000000e+00   1.03178060e+02   2.79260875e+01   1.67234334e+01  -1.53513369e+01  -2.36469767e+00  -7.62931712e+00
  4.41000000e+00   1.03345177e+02   2.77721926e+01   1.66997864e+01  -1.54276301e+01  -2.36492049e+00  -7.61523443e+00
  4.42000000e+00   1.03512056e+02   2.76175356e+01   1.66761372e+01  -1.55037824e+01  -2.36514650e+00  -7.60112647e+00
  4.43000000e+00   1.03678699e+02   2.74621177e+01   1.66524858e+01  -1.55797937e+01  -2.36537541e+00  -7.58699340e+00
  4.44000000e+00   1.03845106e+02   2.73059404e+01   1.66288320e+01  -1.56556636e+01  -2.36560693e+00  -7.57283537e+00
  4.45000000e+00   1.04011276e+02   2.71490051e+01   1.66051759e+01  -1.57313920e+01  -2.36584079e+00  -7.55865254e+00
  4.46000000e+00   1.04177209e+02   2.69913133e+01   1.65815175e+01  -1.58069785e+01  -2.36607670e+00  -7.54444508e+00
  4.47000000e+00   1.04342906e+02   2.68328663e+01   1.65578568e+01  -1.58824230e+01  -2.36631437e+00  -7.53021314e+00
  4.48000000e+00   1.04508366e+02   2.66736655e+01   1.65341936e+01  -1.59577251e+01  -2.36655354e+00  -7.51595690e+00
  4.49000000e+00   1.04673590e+02   2.65137125e+01   1.65105281e+01  -1.60328847e+01  -2.36679393e+00  -7.50167654e+00
  4.50000000e+00   1.04838577e+02   2.63530086e+01   1.64868601e+01  -1.61079014e+01  -2.36703526e+00  -7.48737222e+00
  4.51000000e+00   1.05003327e+02   2.61915552e+01   1.64631898e+01  -1.61827751e+01  -2.36727728e+00  -7.47304414e+00
  4.52000000e+00   1.05167841e+02   2.60293538e+01   1.64395170e+01  -1.62575056e+01  -2.36751972e+00  -7.45869246e+00
  4.53000000e+00   1.05332118e+02   2.58664058e+01   1.64158418e+01  -1.63320925e+01  -2.36776232e+00  -7.44431738e+00
  4.54000000e+00   1.05496158e+02   2.57027126e+01   1.63921642e+01  -1.64065357e+01  -2.36800482e+00  -7.42991908e+00
  4.55000000e+00   1.05659961e+02   2.55382758e+01   1.63684842e+01  -1.64808349e+01  -2.36824696e+00  -7.41549776e+00
  4.56000000e+00   1.05823527e+02   2.53730967e+01   1.63448017e+01  -1.65549899e+01  -2.36848850e+00  -7.40105361e+00
  4.57000000e+00   1.05986857e+02   2.52071767e+01   1.63211168e+01  -1.66290004e+01  -2.36872918e+00  -7.38658682e+00
  4.58000000e+00   1.06149950e+02   2.50405174e+01   1.62974295e+01  -1.67028663e+01  -2.36896876e+00  -7.37209759e+00
  4.59000000e+00   1.06312805e+02   2.48731201e+01   1.62737398e+01  -1.67765872e+01  -2.36920699e+00  -7.35758614e+00
  4.60000000e+00   1.06475424e+02   2.47049864e+01   1.62500477e+01  -1.68501631e+01  -2.36944364e+00  -7.34305265e+00
  4.61000000e+00   1.06637806e+02   2.45361176e+01   1.62263533e+01  -1.69235936e+01  -2.36967847e+00  -7.32849734e+00
  4.62000000e+00   1.06799951e+02   2.43665152e+01   1.62026565e+01  -1.69968786e+01  -2.36991124e+00  -7.31392042e+00
  4.63000000e+00   1.06961860e+02   2.41961807e+01   1.61789574e+01  -1.70700178e+01  -2.37014172e+00  -7.29932209e+00
  4.64000000e+00   1.07123531e+02   2.40251156e+01   1.61552560e+01  -1.71430110e+01  -2.37036969e+00  -7.28470258e+00
  4.65000000e+00   1.07284965e+02   2.38533212e+01   1.61315523e+01  -1.72158580e+01  -2.37059491e+00  -7.27006210e+00
  4.66000000e+00   1.07446162e+02   2.36807992e+01   1.61078464e+01  -1.72885587e+01  -2.37081717e+00  -7.25540087e+00
  4.67000000e+00   1.07607122e+02   2.35075508e+01   1.60841382e+01  -1.73611127e+01  -2.37103625e+00  -7.24071911e+00
  4.68000000e+00   1.07767844e+02   2.33335776e+01   1.60604278e+01  -1.74335199e+01  -2.37125192e+00  -7.22601704e+00
  4.69000000e+00   1.07928330e+02   2.31588811e+01   1.60367153e+01  -1.75057800e+01  -2.37146398e+00  -7.21129489e+00
  4.70000000e+00   1.08088579e+02   2.29834628e+01   1.60130007e+01  -1.75778930e+01  -2.37167221e+00  -7.19655289e+00
  4.71000000e+00   1.08248590e+02   2.28073240e+01   1.59892839e+01  -1.76498585e+01  -2.37187641e+00  -7.18179126e+00
  4.72000000e+00   1.08408364e+02   2.26304663e+01   1.59655652e+01  -1.77216764e+01  -2.37207636e+00  -7.16701023e+00
  4.73000000e+00   1.08567901e+02   2.24528912e+01   1.59418444e+01  -1.77933465e+01  -2.37227187e+00  -7.15221005e+00
  4.74000000e+00   1.08727201e+02   2.22746001e+01   1.59181217e+01  -1.78648686e+01  -2.37246274e+00  -7.13739094e+00
  4.75000000e+00   1.08886264e+02   2.20955946e+01   1.58943971e+01  -1.79362425e+01  -2.37264876e+00  -7.12255314e+00
  4.76000000e+00   1.09045089e+02   2.19158760e+01   1.58706706e+01  -1.80074681e+01  -2.37282974e+00  -7.10769689e+00
  4.77000000e+00   1.09203677e+02   2.17354460e+01   1.58469423e+01  -1.80785450e+01  -2.37300549e+00  -7.09282243e+00
  4.78000000e+00   1.09362028e+02   2.15543059e+01   1.58232122e+01  -1.81494733e+01  -2.37317583e+00  -7.07793000e+00
  4.79000000e+00   1.09520141e+02   2.13724573e+01   1.57994805e+01  -1.82202526e+01  -2.37334056e+00  -7.06301985e+00
  4.80000000e+00   1.09678018e+02   2.11899016e+01   1.57757471e+01  -1.82908828e+01  -2.37349950e+00  -7.04809222e+00
  4.81000000e+00   1.09835656e+02   2.10066403e+01   1.57520121e+01  -1.83613637e+01  -2.37365247e+00  -7.03314735e+00
  4.82000000e+00   1.09993058e+02   2.08226751e+01   1.57282755e+01  -1.84316952e+01  -2.37379929e+00  -7.01818551e+00
  4.83000000e+00   1.10150222e+02   2.06380072e+01   1.57045375e+01  -1.85018770e+01  -2.37393978e+00  -7.00320692e+00
  4.84000000e+00   1.10307149e+02   2.04526383e+01   1.56807981e+01  -1.85719091e+01  -2.37407378e+00  -6.98821186e+00
  4.85000000e+00   1.10463838e+02   2.02665698e+01   1.56570574e+01  -1.86417912e+01  -2.37420110e+00  -6.97320056e+00
  4.86000000e+00   1.10620290e+02   2.00798032e+01   1.56333154e+01  -1.87115232e+01  -2.37432158e+00  -6.95817328e+00
  4.87000000e+00   1.10776504e+02   1.98923400e+01   1.56095722e+01  -1.87811049e+01  -2.37443507e+00  -6.94313028e+00
  4.88000000e+00   1.10932481e+02   1.97041818e+01   1.55858278e+01  -1.88505362e+01  -2.37454138e+00  -6.92807181e+00
  4.89000000e+00   1.11088221e+02   1.95153301e+01   1.55620824e+01  -1.89198170e+01  -2.37464036e+00  -6.91299813e+00
  4.90000000e+00   1.11243723e+02   1.93257863e+01   1.55383360e+01  -1.89889469e+01  -2.37473186e+00  -6.89790950e+00
  4.91000000e+00   1.11398987e+02   1.91355519e+01   1.55145887e+01  -1.90579260e+01  -2.37481572e+00  -6.88280618e+00
  4.92000000e+00   1.11554015e+02   1.89446285e+01   1.54908405e+01  -1.91267541e+01  -2.37489178e+00  -6.86768843e+00
  4.93000000e+00   1.11708804e+02   1.87530176e+01   1.54670916e+01  -1.91954310e+01  -2.37495989e+00  -6.85255650e+00
  4.94000000e+00   1.11863356e+02   1.85607206e+01   1.54433420e+01  -1.92639565e+01  -2.37501991e+00  -6.83741067e+00
  4.95000000e+00   1.12017671e+02   1.83677392e+01   1.54195918e+01  -1.93323307e+01  -2.37507169e+00  -6.82225119e+00
  4.96000000e+00   1.12171748e+02   1.81740748e+01   1.53958411e+01  -1.94005532e+01  -2.37511509e+00  -6.80707833e+00
  4.97000000e+00   1.12325588e+02   1.79797289e+01   1.53720900e+01  -1.94686239e+01  -2.37514996e+00  -6.79189235e+00
  4.98000000e+00   1.12479190e+02   1.77847031e+01   1.53483385e+01  -1.95365429e+01  -2.37517617e+00  -6.77669353e+00
  4.99000000e+00   1.12632555e+02   1.75889988e+01   1.53245867e+01  -1.96043098e+01  -2.37519358e+00  -6.76148212e+00
  5.00000000e+00   1.12785682e+02   1.73926176e+01   1.53008348e+01  -1.96719246e+01  -2.37520205e+00  -6.74625839e+00
  5.01000000e+00   1.12938571e+02   1.71955611e+01   1.52770827e+01  -1.97393872e+01  -2.37520146e+00  -6.73102262e+00
  5.02000000e+00   1.13091223e+02   1.69978306e+01   1.52533307e+01  -1.98066974e+01  -2.37519168e+00  -6.71577506e+00
  5.03000000e+00   1.13243638e+02   1.67994279e+01   1.52295788e+01  -1.98738552e+01  -2.37517258e+00  -6.70051600e+00
  5.04000000e+00   1.13395815e+02   1.66003543e+01   1.52058271e+01  -1.99408603e+01  -2.37514403e+00  -6.68524569e+00
  5.05000000e+00   1.13547755e+02   1.64006114e+01   1.51820756e+01  -2.00077128e+01  -2.37510591e+00  -6.66996442e+00
  5.06000000e+00   1.13699457e+02   1.62002008e+01   1.51583246e+01  -2.00744124e+01  -2.37505811e+00  -6.65467244e+00
  5.07000000e+00   1.13850921e+02   1.59991239e+01   1.51345740e+01  -2.01409592e+01  -2.37500050e+00  -6.63937004e+00
  5.08000000e+00   1.14002148e+02   1.57973824e+01   1.51108240e+01  -2.02073529e+01  -2.37493297e+00  -6.62405748e+00
  5.09000000e+00   1.14153138e+02   1.55949777e+01   1.50870747e+01  -2.02735934e+01  -2.37485540e+00  -6.60873503e+00
  5.10000000e+00   1.14303890e+02   1.53919113e+01   1.50633261e+01  -2.03396808e+01  -2.37476769e+00  -6.59340297e+00
  5.11000000e+00   1.14454404e+02   1.51881848e+01   1.50395784e+01  -2.04056148e+01  -2.37466972e+00  -6.57806157e+00
  5.12000000e+00   1.14604681e+02   1.49837997e+01   1.50158317e+01  -2.04713954e+01  -2.37456139e+00  -6.56271111e+00
  5.13000000e+00   1.14754721e+02   1.47787577e+01   1.49920861e+01  -2.05370226e+01  -2.37444260e+00  -6.54735185e+00
  5.14000000e+00   1.14904523e+02   1.45730601e+01   1.49683417e+01  -2.06024961e+01  -2.37431323e+00  -6.53198408e+00
  5.15000000e+00   1.15054088e+02   1.43667085e+01   1.49445986e+01  -2.06678159e+01  -2.37417320e+00  -6.51660805e+00
  5.16000000e+00   1.15203415e+02   1.41597045e+01   1.49208568e+01  -2.07329820e+01  -2.37402239e+00  -6.50122406e+00
  5.17000000e+00   1.15352505e+02   1.39520496e+01   1.48971166e+01  -2.07979942e+01  -2.37386073e+00  -6.48583237e+00
  5.18000000e+00   1.15501357e+02   1.37437454e+01   1.48733780e+01  -2.08628526e+01  -2.37368810e+00  -6.47043325e+00
  5.19000000e+00   1.15649972e+02   1.35347934e+01   1.48496411e+01  -2.09275569e+01  -2.37350442e+00  -6.45502699e+00
  5.20000000e+00   1.15798350e+02   1.33251950e+01   1.48259061e+01  -2.09921072e+01  -2.37330960e+00  -6.43961385e+00
  5.21000000e+00   1.15946490e+02   1.31149520e+01   1.48021730e+01  -2.10565033e+01  -2.37310355e+00  -6.42419411e+00
  5.22000000e+00   1.16094393e+02   1.29040657e+01   1.47784419e+01  -2.11207452e+01  -2.37288619e+00  -6.40876804e+00
  5.23000000e+00   1.16242059e+02   1.26925378e+01   1.47547131e+01  -2.11848329e+01  -2.37265742e+00  -6.39333592e+00
  5.24000000e+00   1.16389488e+02   1.24803699e+01   1.47309865e+01  -2.12487663e+01  -2.37241717e+00  -6.37789802e+00
  5.25000000e+00   1.16536679e+02   1.22675633e+01   1.47072623e+01  -2.13125453e+01  -2.37216536e+00  -6.36245462e+00
  5.26000000e+00   1.16683633e+02   1.20541197e+01   1.46835407e+01  -2.13761698e+01  -2.37190191e+00  -6.34700599e+00
  5.27000000e+00   1.16830350e+02   1.18400407e+01   1.46598217e+01  -2.14396399e+01  -2.37162674e+00  -6.33155240e+00
  5.28000000e+00   1.16976829e+02   1.16253277e+01   1.46361054e+01  -2.15029554e+01  -2.37133978e+00  -6.31609413e+00
  5.29000000e+00   1.17123072e+02   1.14099823e+01   1.46123920e+01  -2.15661163e+01  -2.37104095e+00  -6.30063145e+00
  5.30000000e+00   1.17269077e+02   1.11940061e+01   1.45886816e+01  -2.16291226e+01  -2.37073018e+00  -6.28516464e+00
  5.31000000e+00   1.17414846e+02   1.09774007e+01   1.45649743e+01  -2.16919743e+01  -2.37040741e+00  -6.26969396e+00
  5.32000000e+00   1.17560377e+02   1.07601674e+01   1.45412702e+01  -2.17546712e+01  -2.37007257e+00  -6.25421969e+00
  5.33000000e+00   1.17705671e+02   1.05423080e+01   1.45175695e+01  -2.18172134e+01  -2.36972559e+00  -6.23874210e+00
  5.34000000e+00   1.17850728e+02   1.03238239e+01   1.44938722e+01  -2.18796009e+01  -2.36936641e+00  -6.22326147e+00
  5.35000000e+00   1.17995548e+02   1.01047168e+01   1.44701786e+01  -2.19418335e+01  -2.36899496e+00  -6.20777806e+00
  5.36000000e+00   1.18140132e+02   9.88498804e+00   1.44464886e+01  -2.20039112e+01  -2.36861119e+00  -6.19229215e+00
  5.37000000e+00   1.18284478e+02   9.66463931e+00   1.44228025e+01  -2.20658342e+01  -2.36821504e+00  -6.17680400e+00
  5.38000000e+00   1.18428588e+02   9.44367213e+00   1.43991204e+01  -2.21276022e+01  -2.36780645e+00  -6.16131389e+00
  5.39000000e+00   1.18572461e+02   9.22208804e+00   1.43754423e+01  -2.21892153e+01  -2.36738536e+00  -6.14582209e+00
  5.40000000e+00   1.18716097e+02   8.99988860e+00   1.43517684e+01  -2.22506736e+01  -2.36695173e+00  -6.13032887e+00
  5.41000000e+00   1.18859496e+02   8.77707535e+00   1.43280989e+01  -2.23119769e+01  -2.36650550e+00  -6.11483449e+00
  5.42000000e+00   1.19002659e+02   8.55364984e+00   1.43044339e+01  -2.23731252e+01  -2.36604662e+00  -6.09933923e+00
  5.43000000e+00   1.19145585e+02   8.32961362e+00   1.42807734e+01  -2.24341186e+01  -2.36557504e+00  -6.08384335e+00
  5.44000000e+00   1.19288274e+02   8.10496824e+00   1.42571176e+01  -2.24949570e+01  -2.36509072e+00  -6.06834712e+00
  5.45000000e+00   1.19430727e+02   7.87971525e+00   1.42334667e+01  -2.25556405e+01  -2.36459361e+00  -6.05285080e+00
  5.46000000e+00   1.19572944e+02   7.65385620e+00   1.42098208e+01  -2.26161690e+01  -2.36408367e+00  -6.03735467e+00
  5.47000000e+00   1.19714924e+02   7.42739265e+00   1.41861800e+01  -2.26765426e+01  -2.36356086e+00  -6.02185898e+00
  5.48000000e+00   1.19856667e+02   7.20032613e+00   1.41625444e+01  -2.27367611e+01  -2.36302513e+00  -6.00636401e+00
  5.49000000e+00   1.19998174e+02   6.97265820e+00   1.41389141e+01  -2.27968248e+01  -2.36247645e+00  -5.99087002e+00
  5.50000000e+00   1.20139445e+02   6.74439041e+00   1.41152893e+01  -2.28567335e+01  -2.36191478e+00  -5.97537726e+00
  5.51000000e+00   1.20280480e+02   6.51552430e+00   1.40916702e+01  -2.29164873e+01  -2.36134008e+00  -5.95988601e+00
  5.52000000e+00   1.20421279e+02   6.28606144e+00   1.40680568e+01  -2.29760861e+01  -2.36075232e+00  -5.94439652e+00
  5.53000000e+00   1.20561841e+02   6.05600335e+00   1.40444493e+01  -2.30355301e+01  -2.36015148e+00  -5.92890906e+00
  5.54000000e+00   1.20702168e+02   5.82535161e+00   1.40208478e+01  -2.30948192e+01  -2.35953750e+00  -5.91342389e+00
  5.55000000e+00   1.20842258e+02   5.59410775e+00   1.39972524e+01  -2.31539534e+01  -2.35891038e+00  -5.89794126e+00
  5.56000000e+00   1.20982113e+02   5.36227331e+00   1.39736633e+01  -2.32129328e+01  -2.35827007e+00  -5.88246144e+00
  5.57000000e+00   1.21121732e+02   5.12984986e+00   1.39500806e+01  -2.32717574e+01  -2.35761655e+00  -5.86698468e+00
  5.58000000e+00   1.21261115e+02   4.89683894e+00   1.39265044e+01  -2.33304273e+01  -2.35694981e+00  -5.85151125e+00
  5.59000000e+00   1.21400262e+02   4.66324209e+00   1.39029349e+01  -2.33889424e+01  -2.35626980e+00  -5.83604139e+00
  5.60000000e+00   1.21539173e+02   4.42906087e+00   1.38793722e+01  -2.34473028e+01  -2.35557651e+00  -5.82057536e+00
  5.61000000e+00   1.21677849e+02   4.19429681e+00   1.38558165e+01  -2.35055086e+01  -2.35486992e+00  -5.80511343e+00
  5.62000000e+00   1.21816290e+02   3.95895147e+00   1.38322678e+01  -2.35635597e+01  -2.35415001e+00  -5.78965583e+00
  5.63000000e+00   1.21954495e+02   3.72302639e+00   1.38087263e+01  -2.36214563e+01  -2.35341676e+00  -5.77420283e+00
  5.64000000e+00   1.22092464e+02   3.48652311e+00   1.37851921e+01  -2.36791983e+01  -2.35267015e+00  -5.75875468e+00
  5.65000000e+00   1.22230199e+02   3.24944319e+00   1.37616654e+01  -2.37367858e+01  -2.35191017e+00  -5.74331162e+00
  5.66000000e+00   1.22367698e+02   3.01178817e+00   1.37381463e+01  -2.37942189e+01  -2.35113680e+00  -5.72787392e+00
  5.67000000e+00   1.22504962e+02   2.77355959e+00   1.37146349e+01  -2.38514977e+01  -2.35035003e+00  -5.71244181e+00
  5.68000000e+00   1.22641990e+02   2.53475899e+00   1.36911314e+01  -2.39086221e+01  -2.34954985e+00  -5.69701554e+00
  5.69000000e+00   1.22778784e+02   2.29538792e+00   1.36676359e+01  -2.39655923e+01  -2.34873624e+00  -5.68159537e+00
  5.70000000e+00   1.22915343e+02   2.05544791e+00   1.36441486e+01  -2.40224082e+01  -2.34790920e+00  -5.66618154e+00
  5.71000000e+00   1.23051667e+02   1.81494052e+00   1.36206695e+01  -2.40790700e+01  -2.34706871e+00  -5.65077429e+00
  5.72000000e+00   1.23187757e+02   1.57386728e+00   1.35971988e+01  -2.41355778e+01  -2.34621478e+00  -5.63537387e+00
  5.73000000e+00   1.23323611e+02   1.33222974e+00   1.35737366e+01  -2.41919315e+01  -2.34534740e+00  -5.61998052e+00
  5.74000000e+00   1.23459231e+02   1.09002942e+00   1.35502832e+01  -2.42481313e+01  -2.34446655e+00  -5.60459448e+00
  5.75000000e+00   1.23594617e+02   8.47267880e-01   1.35268385e+01  -2.43041773e+01  -2.34357224e+00  -5.58921600e+00
  5.76000000e+00   1.23729768e+02   6.03946646e-01   1.35034028e+01  -2.43600694e+01  -2.34266446e+00  -5.57384531e+00
  5.77000000e+00   1.23864685e+02   3.60067260e-01   1.34799761e+01  -2.44158079e+01  -2.34174322e+00  -5.55848265e+00
  5.78000000e+00   1.23999368e+02   1.15631257e-01   1.34565587e+01  -2.44713927e+01  -2.34080851e+00  -5.54312826e+00
  5.79000000e+00   1.24133816e+02  -1.29359826e-01   1.34331506e+01  -2.45268240e+01  -2.33986034e+00  -5.52778238e+00
