#   time    x   y   vx  vy
  0.00000000e+00   0.00000000e+00   1.00000000e+00   3.83582576e+01   3.20724816e+01
  1.00000000e-02   3.82985261e-01   1.31973538e+00   3.82387946e+01   3.18745950e+01
  2.00000000e-02   7.64780354e-01   1.63749715e+00   3.81202241e+01   3.16777586e+01
  3.00000000e-02   1.14539416e+00   1.95329575e+00   3.80025367e+01   3.14819608e+01
  4.00000000e-02   1.52483546e+00   2.26714150e+00   3.78857229e+01   3.12871902e+01
  5.00000000e-02   1.90311294e+00   2.57904463e+00   3.77697736e+01   3.10934357e+01
  6.00000000e-02   2.28023520e+00   2.88901524e+00   3.76546795e+01   3.09006862e+01
  7.00000000e-02   2.65621076e+00   3.19706332e+00   3.75404318e+01   3.07089307e+01
  8.00000000e-02   3.03104803e+00   3.50319877e+00   3.74270216e+01   3.05181585e+01
  9.00000000e-02   3.40475534e+00   3.80743136e+00   3.73144400e+01   3.03283590e+01
  1.00000000e-01   3.77734093e+00   4.10977076e+00   3.72026786e+01   3.01395218e+01
  1.10000000e-01   4.14881296e+00   4.41022655e+00   3.70917287e+01   2.99516364e+01
  1.20000000e-01   4.51917952e+00   4.70880820e+00   3.69815820e+01   2.97646927e+01
  1.30000000e-01   4.88844858e+00   5.00552507e+00   3.68722301e+01   2.95786807e+01
  1.40000000e-01   5.25662805e+00   5.30038642e+00   3.67636650e+01   2.93935904e+01
  1.50000000e-01   5.62372577e+00   5.59340143e+00   3.66558786e+01   2.92094121e+01
  1.60000000e-01   5.98974948e+00   5.88457917e+00   3.65488628e+01   2.90261361e+01
  1.70000000e-01   6.35470684e+00   6.17392862e+00   3.64426099e+01   2.88437528e+01
  1.80000000e-01   6.71860545e+00   6.46145865e+00   3.63371120e+01   2.86622529e+01
  1.90000000e-01   7.08145282e+00   6.74717805e+00   3.62323616e+01   2.84816271e+01
  2.00000000e-01   7.44325638e+00   7.03109551e+00   3.61283511e+01   2.83018663e+01
  2.10000000e-01   7.80402351e+00   7.31321965e+00   3.60250731e+01   2.81229614e+01
  2.20000000e-01   8.16376147e+00   7.59355898e+00   3.59225201e+01   2.79449034e+01
  2.30000000e-01   8.52247750e+00   7.87212191e+00   3.58206850e+01   2.77676837e+01
  2.40000000e-01   8.88017872e+00   8.14891680e+00   3.57195605e+01   2.75912934e+01
  2.50000000e-01   9.23687222e+00   8.42395189e+00   3.56191396e+01   2.74157241e+01
  2.60000000e-01   9.59256500e+00   8.69723534e+00   3.55194154e+01   2.72409673e+01
  2.70000000e-01   9.94726398e+00   8.96877525e+00   3.54203808e+01   2.70670146e+01
  2.80000000e-01   1.03009760e+01   9.23857961e+00   3.53220292e+01   2.68938577e+01
  2.90000000e-01   1.06537079e+01   9.50665635e+00   3.52243538e+01   2.67214885e+01
  3.00000000e-01   1.10054665e+01   9.77301328e+00   3.51273479e+01   2.65498991e+01
  3.10000000e-01   1.13562582e+01   1.00376582e+01   3.50310050e+01   2.63790814e+01
  3.20000000e-01   1.17060898e+01   1.03005987e+01   3.49353187e+01   2.62090275e+01
  3.30000000e-01   1.20549678e+01   1.05618425e+01   3.48402825e+01   2.60397299e+01
  3.40000000e-01   1.24028987e+01   1.08213971e+01   3.47458902e+01   2.58711808e+01
  3.50000000e-01   1.27498888e+01   1.10792698e+01   3.46521354e+01   2.57033726e+01
  3.60000000e-01   1.30959446e+01   1.13354682e+01   3.45590121e+01   2.55362980e+01
  3.70000000e-01   1.34410722e+01   1.15899994e+01   3.44665141e+01   2.53699495e+01
  3.80000000e-01   1.37852780e+01   1.18428708e+01   3.43746355e+01   2.52043200e+01
  3.90000000e-01   1.41285680e+01   1.20940894e+01   3.42833704e+01   2.50394021e+01
  4.00000000e-01   1.44709484e+01   1.23436623e+01   3.41927128e+01   2.48751889e+01
  4.10000000e-01   1.48124252e+01   1.25915967e+01   3.41026570e+01   2.47116733e+01
  4.20000000e-01   1.51530045e+01   1.28378993e+01   3.40131972e+01   2.45488484e+01
  4.30000000e-01   1.54926921e+01   1.30825770e+01   3.39243278e+01   2.43867074e+01
  4.40000000e-01   1.58314940e+01   1.33256368e+01   3.38360433e+01   2.42252436e+01
  4.50000000e-01   1.61694159e+01   1.35670853e+01   3.37483380e+01   2.40644501e+01
  4.60000000e-01   1.65064636e+01   1.38069291e+01   3.36612066e+01   2.39043206e+01
  4.70000000e-01   1.68426429e+01   1.40451750e+01   3.35746437e+01   2.37448484e+01
  4.80000000e-01   1.71779593e+01   1.42818293e+01   3.34886439e+01   2.35860272e+01
  4.90000000e-01   1.75124185e+01   1.45168987e+01   3.34032020e+01   2.34278505e+01
  5.00000000e-01   1.78460261e+01   1.47503895e+01   3.33183128e+01   2.32703121e+01
  5.10000000e-01   1.81787875e+01   1.49823081e+01   3.32339711e+01   2.31134058e+01
  5.20000000e-01   1.85107083e+01   1.52126608e+01   3.31501718e+01   2.29571255e+01
  5.30000000e-01   1.88417937e+01   1.54414537e+01   3.30669100e+01   2.28014651e+01
  5.40000000e-01   1.91720491e+01   1.56686932e+01   3.29841807e+01   2.26464187e+01
  5.50000000e-01   1.95014799e+01   1.58943852e+01   3.29019789e+01   2.24919803e+01
  5.60000000e-01   1.98300913e+01   1.61185358e+01   3.28202999e+01   2.23381440e+01
  5.70000000e-01   2.01578885e+01   1.63411510e+01   3.27391388e+01   2.21849042e+01
  5.80000000e-01   2.04848767e+01   1.65622368e+01   3.26584909e+01   2.20322550e+01
  5.90000000e-01   2.08110609e+01   1.67817990e+01   3.25783515e+01   2.18801909e+01
  6.00000000e-01   2.11364462e+01   1.69998435e+01   3.24987159e+01   2.17287063e+01
  6.10000000e-01   2.14610377e+01   1.72163760e+01   3.24195796e+01   2.15777956e+01
  6.20000000e-01   2.17848403e+01   1.74314023e+01   3.23409381e+01   2.14274534e+01
  6.30000000e-01   2.21078589e+01   1.76449279e+01   3.22627869e+01   2.12776744e+01
  6.40000000e-01   2.24300984e+01   1.78569586e+01   3.21851215e+01   2.11284532e+01
  6.50000000e-01   2.27515637e+01   1.80674997e+01   3.21079376e+01   2.09797846e+01
  6.60000000e-01   2.30722596e+01   1.82765570e+01   3.20312308e+01   2.08316632e+01
  6.70000000e-01   2.33921907e+01   1.84841357e+01   3.19549968e+01   2.06840841e+01
  6.80000000e-01   2.37113619e+01   1.86902414e+01   3.18792315e+01   2.05370421e+01
  6.90000000e-01   2.40297777e+01   1.88948792e+01   3.18039306e+01   2.03905322e+01
  7.00000000e-01   2.43474428e+01   1.90980546e+01   3.17290899e+01   2.02445495e+01
  7.10000000e-01   2.46643617e+01   1.92997728e+01   3.16547054e+01   2.00990889e+01
  7.20000000e-01   2.49805391e+01   1.95000390e+01   3.15807731e+01   1.99541457e+01
  7.30000000e-01   2.52959794e+01   1.96988583e+01   3.15072888e+01   1.98097151e+01
  7.40000000e-01   2.56106871e+01   1.98962358e+01   3.14342487e+01   1.96657922e+01
  7.50000000e-01   2.59246666e+01   2.00921767e+01   3.13616487e+01   1.95223725e+01
  7.60000000e-01   2.62379223e+01   2.02866858e+01   3.12894851e+01   1.93794512e+01
  7.70000000e-01   2.65504585e+01   2.04797682e+01   3.12177540e+01   1.92370238e+01
  7.80000000e-01   2.68622795e+01   2.06714287e+01   3.11464515e+01   1.90950858e+01
  7.90000000e-01   2.71733896e+01   2.08616723e+01   3.10755739e+01   1.89536326e+01
  8.00000000e-01   2.74837931e+01   2.10505038e+01   3.10051175e+01   1.88126598e+01
  8.10000000e-01   2.77934941e+01   2.12379279e+01   3.09350786e+01   1.86721630e+01
  8.20000000e-01   2.81024967e+01   2.14239494e+01   3.08654535e+01   1.85321378e+01
  8.30000000e-01   2.84108052e+01   2.16085730e+01   3.07962387e+01   1.83925801e+01
  8.40000000e-01   2.87184235e+01   2.17918033e+01   3.07274305e+01   1.82534854e+01
  8.50000000e-01   2.90253558e+01   2.19736450e+01   3.06590254e+01   1.81148497e+01
  8.60000000e-01   2.93316060e+01   2.21541026e+01   3.05910200e+01   1.79766688e+01
  8.70000000e-01   2.96371782e+01   2.23331806e+01   3.05234107e+01   1.78389385e+01
  8.80000000e-01   2.99420762e+01   2.25108836e+01   3.04561941e+01   1.77016548e+01
  8.90000000e-01   3.02463040e+01   2.26872159e+01   3.03893668e+01   1.75648137e+01
  9.00000000e-01   3.05498655e+01   2.28621820e+01   3.03229255e+01   1.74284111e+01
  9.10000000e-01   3.08527645e+01   2.30357863e+01   3.02568669e+01   1.72924432e+01
  9.20000000e-01   3.11550047e+01   2.32080331e+01   3.01911876e+01   1.71569061e+01
  9.30000000e-01   3.14565901e+01   2.33789266e+01   3.01258844e+01   1.70217959e+01
  9.40000000e-01   3.17575243e+01   2.35484711e+01   3.00609540e+01   1.68871088e+01
  9.50000000e-01   3.20578110e+01   2.37166708e+01   2.99963933e+01   1.67528411e+01
  9.60000000e-01   3.23574540e+01   2.38835300e+01   2.99321991e+01   1.66189889e+01
  9.70000000e-01   3.26564568e+01   2.40490527e+01   2.98683683e+01   1.64855487e+01
  9.80000000e-01   3.29548231e+01   2.42132430e+01   2.98048977e+01   1.63525167e+01
  9.90000000e-01   3.32525566e+01   2.43761050e+01   2.97417842e+01   1.62198894e+01
  1.00000000e+00   3.35496606e+01   2.45376428e+01   2.96790250e+01   1.60876632e+01
  1.01000000e+00   3.38461388e+01   2.46978603e+01   2.96166168e+01   1.59558345e+01
  1.02000000e+00   3.41419947e+01   2.48567615e+01   2.95545568e+01   1.58243999e+01
  1.03000000e+00   3.44372317e+01   2.50143502e+01   2.94928419e+01   1.56933559e+01
  1.04000000e+00   3.47318532e+01   2.51706305e+01   2.94314693e+01   1.55626991e+01
  1.05000000e+00   3.50258628e+01   2.53256061e+01   2.93704360e+01   1.54324261e+01
  1.06000000e+00   3.53192636e+01   2.54792809e+01   2.93097393e+01   1.53025335e+01
  1.07000000e+00   3.56120592e+01   2.56316587e+01   2.92493761e+01   1.51730181e+01
  1.08000000e+00   3.59042528e+01   2.57827432e+01   2.91893437e+01   1.50438765e+01
  1.09000000e+00   3.61958477e+01   2.59325381e+01   2.91296394e+01   1.49151055e+01
  1.10000000e+00   3.64868472e+01   2.60810471e+01   2.90702603e+01   1.47867019e+01
  1.11000000e+00   3.67772545e+01   2.62282739e+01   2.90112037e+01   1.46586626e+01
  1.12000000e+00   3.70670729e+01   2.63742222e+01   2.89524668e+01   1.45309842e+01
  1.13000000e+00   3.73563055e+01   2.65188954e+01   2.88940471e+01   1.44036639e+01
  1.14000000e+00   3.76449554e+01   2.66622972e+01   2.88359418e+01   1.42766984e+01
  1.15000000e+00   3.79330259e+01   2.68044311e+01   2.87781482e+01   1.41500848e+01
  1.16000000e+00   3.82205199e+01   2.69453007e+01   2.87206638e+01   1.40238200e+01
  1.17000000e+00   3.85074407e+01   2.70849093e+01   2.86634860e+01   1.38979010e+01
  1.18000000e+00   3.87937912e+01   2.72232604e+01   2.86066122e+01   1.37723249e+01
  1.19000000e+00   3.90795744e+01   2.73603575e+01   2.85500398e+01   1.36470888e+01
  1.20000000e+00   3.93647934e+01   2.74962039e+01   2.84937663e+01   1.35221897e+01
  1.21000000e+00   3.96494512e+01   2.76308029e+01   2.84377892e+01   1.33976249e+01
  1.22000000e+00   3.99335507e+01   2.77641580e+01   2.83821060e+01   1.32733914e+01
  1.23000000e+00   4.02170948e+01   2.78962724e+01   2.83267144e+01   1.31494865e+01
  1.24000000e+00   4.05000864e+01   2.80271494e+01   2.82716117e+01   1.30259074e+01
  1.25000000e+00   4.07825285e+01   2.81567922e+01   2.82167957e+01   1.29026514e+01
  1.26000000e+00   4.10644238e+01   2.82852040e+01   2.81622638e+01   1.27797157e+01
  1.27000000e+00   4.13457752e+01   2.84123881e+01   2.81080138e+01   1.26570977e+01
  1.28000000e+00   4.16265854e+01   2.85383475e+01   2.80540433e+01   1.25347946e+01
  1.29000000e+00   4.19068574e+01   2.86630855e+01   2.80003499e+01   1.24128039e+01
  1.30000000e+00   4.21865938e+01   2.87866052e+01   2.79469314e+01   1.22911230e+01
  1.31000000e+00   4.24657974e+01   2.89089095e+01   2.78937854e+01   1.21697493e+01
  1.32000000e+00   4.27444709e+01   2.90300017e+01   2.78409096e+01   1.20486802e+01
  1.33000000e+00   4.30226169e+01   2.91498846e+01   2.77883019e+01   1.19279132e+01
  1.34000000e+00   4.33002382e+01   2.92685614e+01   2.77359599e+01   1.18074458e+01
  1.35000000e+00   4.35773374e+01   2.93860350e+01   2.76838815e+01   1.16872756e+01
  1.36000000e+00   4.38539172e+01   2.95023084e+01   2.76320644e+01   1.15674000e+01
  1.37000000e+00   4.41299800e+01   2.96173845e+01   2.75805065e+01   1.14478167e+01
  1.38000000e+00   4.44055286e+01   2.97312662e+01   2.75292056e+01   1.13285233e+01
  1.39000000e+00   4.46805654e+01   2.98439564e+01   2.74781595e+01   1.12095173e+01
  1.40000000e+00   4.49550930e+01   2.99554580e+01   2.74273661e+01   1.10907966e+01
  1.41000000e+00   4.52291140e+01   3.00657737e+01   2.73768234e+01   1.09723586e+01
  1.42000000e+00   4.55026308e+01   3.01749065e+01   2.73265292e+01   1.08542012e+01
  1.43000000e+00   4.57756458e+01   3.02828592e+01   2.72764814e+01   1.07363220e+01
  1.44000000e+00   4.60481616e+01   3.03896344e+01   2.72266780e+01   1.06187188e+01
  1.45000000e+00   4.63201806e+01   3.04952349e+01   2.71771169e+01   1.05013894e+01
  1.46000000e+00   4.65917051e+01   3.05996635e+01   2.71277961e+01   1.03843316e+01
  1.47000000e+00   4.68627377e+01   3.07029229e+01   2.70787137e+01   1.02675432e+01
  1.48000000e+00   4.71332806e+01   3.08050157e+01   2.70298675e+01   1.01510220e+01
  1.49000000e+00   4.74033362e+01   3.09059446e+01   2.69812556e+01   1.00347659e+01
  1.50000000e+00   4.76729069e+01   3.10057123e+01   2.69328761e+01   9.91877277e+00
  1.51000000e+00   4.79419949e+01   3.11043214e+01   2.68847270e+01   9.80304054e+00
  1.52000000e+00   4.82106026e+01   3.12017744e+01   2.68368064e+01   9.68756713e+00
  1.53000000e+00   4.84787321e+01   3.12980740e+01   2.67891123e+01   9.57235049e+00
  1.54000000e+00   4.87463859e+01   3.13932227e+01   2.67416429e+01   9.45738860e+00
  1.55000000e+00   4.90135661e+01   3.14872231e+01   2.66943962e+01   9.34267944e+00
  1.56000000e+00   4.92802749e+01   3.15800776e+01   2.66473704e+01   9.22822105e+00
  1.57000000e+00   4.95465146e+01   3.16717887e+01   2.66005636e+01   9.11401144e+00
  1.58000000e+00   4.98122873e+01   3.17623590e+01   2.65539740e+01   9.00004869e+00
  1.59000000e+00   5.00775952e+01   3.18517909e+01   2.65075997e+01   8.88633087e+00
  1.60000000e+00   5.03424404e+01   3.19400869e+01   2.64614390e+01   8.77285608e+00
  1.61000000e+00   5.06068250e+01   3.20272493e+01   2.64154900e+01   8.65962243e+00
  1.62000000e+00   5.08707512e+01   3.21132805e+01   2.63697509e+01   8.54662807e+00
  1.63000000e+00   5.11342211e+01   3.21981830e+01   2.63242199e+01   8.43387116e+00
  1.64000000e+00   5.13972366e+01   3.22819591e+01   2.62788954e+01   8.32134987e+00
  1.65000000e+00   5.16598000e+01   3.23646112e+01   2.62337754e+01   8.20906240e+00
  1.66000000e+00   5.19219132e+01   3.24461415e+01   2.61888583e+01   8.09700698e+00
  1.67000000e+00   5.21835782e+01   3.25265525e+01   2.61441425e+01   7.98518183e+00
  1.68000000e+00   5.24447970e+01   3.26058463e+01   2.60996260e+01   7.87358521e+00
  1.69000000e+00   5.27055717e+01   3.26840253e+01   2.60553073e+01   7.76221540e+00
  1.70000000e+00   5.29659041e+01   3.27610917e+01   2.60111847e+01   7.65107069e+00
  1.71000000e+00   5.32257963e+01   3.28370478e+01   2.59672564e+01   7.54014939e+00
  1.72000000e+00   5.34852502e+01   3.29118958e+01   2.59235208e+01   7.42944983e+00
  1.73000000e+00   5.37442677e+01   3.29856379e+01   2.58799764e+01   7.31897037e+00
  1.74000000e+00   5.40028507e+01   3.30582763e+01   2.58366213e+01   7.20870937e+00
  1.75000000e+00   5.42610011e+01   3.31298132e+01   2.57934540e+01   7.09866521e+00
  1.76000000e+00   5.45187207e+01   3.32002507e+01   2.57504729e+01   6.98883630e+00
  1.77000000e+00   5.47760115e+01   3.32695910e+01   2.57076764e+01   6.87922105e+00
  1.78000000e+00   5.50328752e+01   3.33378362e+01   2.56650628e+01   6.76981792e+00
  1.79000000e+00   5.52893136e+01   3.34049884e+01   2.56226306e+01   6.66062534e+00
  1.80000000e+00   5.55453287e+01   3.34710497e+01   2.55803782e+01   6.55164180e+00
  1.81000000e+00   5.58009221e+01   3.35360223e+01   2.55383041e+01   6.44286578e+00
  1.82000000e+00   5.60560956e+01   3.35999081e+01   2.54964067e+01   6.33429579e+00
  1.83000000e+00   5.63108511e+01   3.36627092e+01   2.54546844e+01   6.22593037e+00
  1.84000000e+00   5.65651902e+01   3.37244277e+01   2.54131358e+01   6.11776803e+00
  1.85000000e+00   5.68191147e+01   3.37850656e+01   2.53717592e+01   6.00980735e+00
  1.86000000e+00   5.70726262e+01   3.38446249e+01   2.53305533e+01   5.90204691e+00
  1.87000000e+00   5.73257266e+01   3.39031075e+01   2.52895164e+01   5.79448528e+00
  1.88000000e+00   5.75784174e+01   3.39605156e+01   2.52486472e+01   5.68712107e+00
  1.89000000e+00   5.78307004e+01   3.40168509e+01   2.52079441e+01   5.57995292e+00
  1.90000000e+00   5.80825771e+01   3.40721156e+01   2.51674057e+01   5.47297946e+00
  1.91000000e+00   5.83340493e+01   3.41263115e+01   2.51270304e+01   5.36619934e+00
  1.92000000e+00   5.85851185e+01   3.41794405e+01   2.50868170e+01   5.25961124e+00
  1.93000000e+00   5.88357864e+01   3.42315047e+01   2.50467638e+01   5.15321384e+00
  1.94000000e+00   5.90860546e+01   3.42825058e+01   2.50068695e+01   5.04700584e+00
  1.95000000e+00   5.93359246e+01   3.43324457e+01   2.49671327e+01   4.94098597e+00
  1.96000000e+00   5.95853980e+01   3.43813264e+01   2.49275520e+01   4.83515295e+00
  1.97000000e+00   5.98344764e+01   3.44291497e+01   2.48881259e+01   4.72950554e+00
  1.98000000e+00   6.00831613e+01   3.44759174e+01   2.48488530e+01   4.62404250e+00
  1.99000000e+00   6.03314542e+01   3.45216315e+01   2.48097321e+01   4.51876261e+00
  2.00000000e+00   6.05793567e+01   3.45662936e+01   2.47707616e+01   4.41366466e+00
  2.01000000e+00   6.08268702e+01   3.46099057e+01   2.47319403e+01   4.30874746e+00
  2.02000000e+00   6.10739963e+01   3.46524695e+01   2.46932668e+01   4.20400984e+00
  2.03000000e+00   6.13207363e+01   3.46939868e+01   2.46547397e+01   4.09945063e+00
  2.04000000e+00   6.15670918e+01   3.47344594e+01   2.46163577e+01   3.99506869e+00
  2.05000000e+00   6.18130642e+01   3.47738890e+01   2.45781195e+01   3.89086289e+00
  2.06000000e+00   6.20586549e+01   3.48122775e+01   2.45400237e+01   3.78683210e+00
  2.07000000e+00   6.23038653e+01   3.48496265e+01   2.45020691e+01   3.68297523e+00
  2.08000000e+00   6.25486970e+01   3.48859379e+01   2.44642543e+01   3.57929118e+00
  2.09000000e+00   6.27931511e+01   3.49212132e+01   2.44265780e+01   3.47577888e+00
  2.10000000e+00   6.30372292e+01   3.49554543e+01   2.43890390e+01   3.37243727e+00
  2.11000000e+00   6.32809326e+01   3.49886628e+01   2.43516360e+01   3.26926530e+00
  2.12000000e+00   6.35242626e+01   3.50208404e+01   2.43143677e+01   3.16626194e+00
  2.13000000e+00   6.37672206e+01   3.50519889e+01   2.42772328e+01   3.06342617e+00
  2.14000000e+00   6.40098079e+01   3.50821098e+01   2.42402301e+01   2.96075698e+00
  2.15000000e+00   6.42520259e+01   3.51112048e+01   2.42033584e+01   2.85825338e+00
  2.16000000e+00   6.44938757e+01   3.51392757e+01   2.41666163e+01   2.75591439e+00
  2.17000000e+00   6.47353588e+01   3.51663239e+01   2.41300028e+01   2.65373905e+00
  2.18000000e+00   6.49764764e+01   3.51923513e+01   2.40935165e+01   2.55172640e+00
  2.19000000e+00   6.52172298e+01   3.52173593e+01   2.40571562e+01   2.44987551e+00
  2.20000000e+00   6.54576202e+01   3.52413496e+01   2.40209207e+01   2.34818546e+00
  2.21000000e+00   6.56976488e+01   3.52643238e+01   2.39848089e+01   2.24665532e+00
  2.22000000e+00   6.59373170e+01   3.52862835e+01   2.39488196e+01   2.14528420e+00
  2.23000000e+00   6.61766258e+01   3.53072303e+01   2.39129515e+01   2.04407121e+00
  2.24000000e+00   6.64155766e+01   3.53271657e+01   2.38772035e+01   1.94301548e+00
  2.25000000e+00   6.66541705e+01   3.53460914e+01   2.38415744e+01   1.84211615e+00
  2.26000000e+00   6.68924087e+01   3.53640088e+01   2.38060631e+01   1.74137237e+00
  2.27000000e+00   6.71302923e+01   3.53809196e+01   2.37706683e+01   1.64078331e+00
  2.28000000e+00   6.73678226e+01   3.53968252e+01   2.37353891e+01   1.54034814e+00
  2.29000000e+00   6.76050007e+01   3.54117273e+01   2.37002241e+01   1.44006605e+00
  2.30000000e+00   6.78418277e+01   3.54256273e+01   2.36651724e+01   1.33993625e+00
  2.31000000e+00   6.80783047e+01   3.54385268e+01   2.36302327e+01   1.23995794e+00
  2.32000000e+00   6.83144329e+01   3.54504272e+01   2.35954040e+01   1.14013036e+00
  2.33000000e+00   6.85502133e+01   3.54613301e+01   2.35606851e+01   1.04045274e+00
  2.34000000e+00   6.87856471e+01   3.54712370e+01   2.35260749e+01   9.40924338e-01
  2.35000000e+00   6.90207353e+01   3.54801494e+01   2.34915724e+01   8.41544412e-01
  2.36000000e+00   6.92554791e+01   3.54880687e+01   2.34571765e+01   7.42312237e-01
  2.37000000e+00   6.94898794e+01   3.54949964e+01   2.34228860e+01   6.43227101e-01
  2.38000000e+00   6.97239373e+01   3.55009339e+01   2.33886999e+01   5.44288301e-01
  2.39000000e+00   6.99576539e+01   3.55058829e+01   2.33546172e+01   4.45495147e-01
  2.40000000e+00   7.01910302e+01   3.55098446e+01   2.33206367e+01   3.46846962e-01
  2.41000000e+00   7.04240672e+01   3.55128205e+01   2.32867575e+01   2.48343077e-01
  2.42000000e+00   7.06567658e+01   3.55148121e+01   2.32529785e+01   1.49982839e-01
  2.43000000e+00   7.08891272e+01   3.55158209e+01   2.32192986e+01   5.17656016e-02
  2.44000000e+00   7.11211523e+01   3.55158482e+01   2.31857168e+01  -4.63092663e-02
  2.45000000e+00   7.13528420e+01   3.55148954e+01   2.31522321e+01  -1.44242387e-01
  2.46000000e+00   7.15841974e+01   3.55129640e+01   2.31188434e+01  -2.42034370e-01
  2.47000000e+00   7.18152194e+01   3.55100554e+01   2.30855498e+01  -3.39685815e-01
  2.48000000e+00   7.20459089e+01   3.55061710e+01   2.30523503e+01  -4.37197309e-01
  2.49000000e+00   7.22762669e+01   3.55013122e+01   2.30192438e+01  -5.34569431e-01
  2.50000000e+00   7.25062942e+01   3.54954803e+01   2.29862294e+01  -6.31802746e-01
  2.51000000e+00   7.27359919e+01   3.54886768e+01   2.29533060e+01  -7.28897810e-01
  2.52000000e+00   7.29653608e+01   3.54809030e+01   2.29204728e+01  -8.25855168e-01
  2.53000000e+00   7.31944018e+01   3.54721604e+01   2.28877286e+01  -9.22675353e-01
  2.54000000e+00   7.34231158e+01   3.54624502e+01   2.28550727e+01  -1.01935889e+00
  2.55000000e+00   7.36515037e+01   3.54517739e+01   2.28225039e+01  -1.11590629e+00
  2.56000000e+00   7.38795663e+01   3.54401328e+01   2.27900214e+01  -1.21231806e+00
  2.57000000e+00   7.41073045e+01   3.54275282e+01   2.27576242e+01  -1.30859468e+00
  2.58000000e+00   7.43347192e+01   3.54139616e+01   2.27253113e+01  -1.40473665e+00
  2.59000000e+00   7.45618112e+01   3.53994341e+01   2.26930819e+01  -1.50074443e+00
  2.60000000e+00   7.47885813e+01   3.53839473e+01   2.26609350e+01  -1.59661848e+00
  2.61000000e+00   7.50150303e+01   3.53675024e+01   2.26288697e+01  -1.69235926e+00
  2.62000000e+00   7.52411591e+01   3.53501008e+01   2.25968850e+01  -1.78796721e+00
  2.63000000e+00   7.54669684e+01   3.53317438e+01   2.25649802e+01  -1.88344275e+00
  2.64000000e+00   7.56924591e+01   3.53124326e+01   2.25331542e+01  -1.97878631e+00
  2.65000000e+00   7.59176319e+01   3.52921687e+01   2.25014061e+01  -2.07399831e+00
  2.66000000e+00   7.61424876e+01   3.52709533e+01   2.24697352e+01  -2.16907913e+00
  2.67000000e+00   7.63670270e+01   3.52487878e+01   2.24381405e+01  -2.26402919e+00
  2.68000000e+00   7.65912508e+01   3.52256734e+01   2.24066211e+01  -2.35884885e+00
  2.69000000e+00   7.68151598e+01   3.52016114e+01   2.23751761e+01  -2.45353850e+00
  2.70000000e+00   7.70387547e+01   3.51766033e+01   2.23438048e+01  -2.54809849e+00
  2.71000000e+00   7.72620362e+01   3.51506501e+01   2.23125062e+01  -2.64252918e+00
  2.72000000e+00   7.74850051e+01   3.51237533e+01   2.22812795e+01  -2.73683092e+00
  2.73000000e+00   7.77076622e+01   3.50959141e+01   2.22501239e+01  -2.83100405e+00
  2.74000000e+00   7.79300080e+01   3.50671339e+01   2.22190385e+01  -2.92504888e+00
  2.75000000e+00   7.81520433e+01   3.50374138e+01   2.21880224e+01  -3.01896574e+00
  2.76000000e+00   7.83737688e+01   3.50067552e+01   2.21570750e+01  -3.11275494e+00
  2.77000000e+00   7.85951851e+01   3.49751593e+01   2.21261952e+01  -3.20641678e+00
  2.78000000e+00   7.88162930e+01   3.49426275e+01   2.20953824e+01  -3.29995154e+00
  2.79000000e+00   7.90370931e+01   3.49091609e+01   2.20646358e+01  -3.39335952e+00
  2.80000000e+00   7.92575860e+01   3.48747609e+01   2.20339544e+01  -3.48664098e+00
  2.81000000e+00   7.94777725e+01   3.48394288e+01   2.20033376e+01  -3.57979620e+00
  2.82000000e+00   7.96976531e+01   3.48031656e+01   2.19727846e+01  -3.67282542e+00
  2.83000000e+00   7.99172285e+01   3.47659729e+01   2.19422945e+01  -3.76572890e+00
  2.84000000e+00   8.01364993e+01   3.47278517e+01   2.19118666e+01  -3.85850687e+00
  2.85000000e+00   8.03554661e+01   3.46888034e+01   2.18815001e+01  -3.95115957e+00
  2.86000000e+00   8.05741296e+01   3.46488291e+01   2.18511943e+01  -4.04368723e+00
  2.87000000e+00   8.07924903e+01   3.46079302e+01   2.18209484e+01  -4.13609005e+00
  2.88000000e+00   8.10105489e+01   3.45661080e+01   2.17907616e+01  -4.22836824e+00
  2.89000000e+00   8.12283059e+01   3.45233635e+01   2.17606332e+01  -4.32052201e+00
  2.90000000e+00   8.14457618e+01   3.44796981e+01   2.17305625e+01  -4.41255155e+00
  2.91000000e+00   8.16629174e+01   3.44351131e+01   2.17005488e+01  -4.50445703e+00
  2.92000000e+00   8.18797731e+01   3.43896096e+01   2.16705912e+01  -4.59623864e+00
  2.93000000e+00   8.20963295e+01   3.43431889e+01   2.16406892e+01  -4.68789654e+00
  2.94000000e+00   8.23125871e+01   3.42958523e+01   2.16108419e+01  -4.77943090e+00
  2.95000000e+00   8.25285466e+01   3.42476009e+01   2.15810487e+01  -4.87084187e+00
  2.96000000e+00   8.27442084e+01   3.41984361e+01   2.15513088e+01  -4.96212958e+00
  2.97000000e+00   8.29595730e+01   3.41483590e+01   2.15216216e+01  -5.05329419e+00
  2.98000000e+00   8.31746411e+01   3.40973708e+01   2.14919864e+01  -5.14433582e+00
  2.99000000e+00   8.33894130e+01   3.40454729e+01   2.14624025e+01  -5.23525460e+00
  3.00000000e+00   8.36038894e+01   3.39926663e+01   2.14328693e+01  -5.32605064e+00
  3.01000000e+00   8.38180707e+01   3.39389525e+01   2.14033859e+01  -5.41672405e+00
  3.02000000e+00   8.40319574e+01   3.38843325e+01   2.13739518e+01  -5.50727494e+00
  3.03000000e+00   8.42455499e+01   3.38288076e+01   2.13445664e+01  -5.59770340e+00
  3.04000000e+00   8.44588489e+01   3.37723790e+01   2.13152289e+01  -5.68800952e+00
  3.05000000e+00   8.46718548e+01   3.37150480e+01   2.12859387e+01  -5.77819338e+00
  3.06000000e+00   8.48845679e+01   3.36568157e+01   2.12566952e+01  -5.86825506e+00
  3.07000000e+00   8.50969889e+01   3.35976835e+01   2.12274978e+01  -5.95819463e+00
  3.08000000e+00   8.53091181e+01   3.35376525e+01   2.11983457e+01  -6.04801214e+00
  3.09000000e+00   8.55209560e+01   3.34767239e+01   2.11692384e+01  -6.13770767e+00
  3.10000000e+00   8.57325031e+01   3.34148989e+01   2.11401753e+01  -6.22728125e+00
  3.11000000e+00   8.59437598e+01   3.33521789e+01   2.11111557e+01  -6.31673292e+00
  3.12000000e+00   8.61547264e+01   3.32885649e+01   2.10821791e+01  -6.40606274e+00
  3.13000000e+00   8.63654035e+01   3.32240582e+01   2.10532448e+01  -6.49527072e+00
  3.14000000e+00   8.65757915e+01   3.31586601e+01   2.10243523e+01  -6.58435689e+00
  3.15000000e+00   8.67858908e+01   3.30923717e+01   2.09955009e+01  -6.67332128e+00
  3.16000000e+00   8.69957018e+01   3.30251943e+01   2.09666900e+01  -6.76216389e+00
  3.17000000e+00   8.72052248e+01   3.29571290e+01   2.09379192e+01  -6.85088474e+00
  3.18000000e+00   8.74144603e+01   3.28881772e+01   2.09091878e+01  -6.93948382e+00
  3.19000000e+00   8.76234087e+01   3.28183399e+01   2.08804952e+01  -7.02796113e+00
  3.20000000e+00   8.78320704e+01   3.27476186e+01   2.08518409e+01  -7.11631666e+00
  3.21000000e+00   8.80404458e+01   3.26760142e+01   2.08232243e+01  -7.20455041e+00
  3.22000000e+00   8.82485351e+01   3.26035282e+01   2.07946450e+01  -7.29266233e+00
  3.23000000e+00   8.84563388e+01   3.25301616e+01   2.07661022e+01  -7.38065243e+00
  3.24000000e+00   8.86638573e+01   3.24559157e+01   2.07375956e+01  -7.46852065e+00
  3.25000000e+00   8.88710909e+01   3.23807918e+01   2.07091245e+01  -7.55626696e+00
  3.26000000e+00   8.90780400e+01   3.23047910e+01   2.06806885e+01  -7.64389134e+00
  3.27000000e+00   8.92847049e+01   3.22279146e+01   2.06522870e+01  -7.73139372e+00
  3.28000000e+00   8.94910859e+01   3.21501637e+01   2.06239195e+01  -7.81877405e+00
  3.29000000e+00   8.96971834e+01   3.20715397e+01   2.05955855e+01  -7.90603229e+00
  3.30000000e+00   8.99029978e+01   3.19920437e+01   2.05672845e+01  -7.99316838e+00
  3.31000000e+00   9.01085293e+01   3.19116769e+01   2.05390160e+01  -8.08018223e+00
  3.32000000e+00   9.03137783e+01   3.18304407e+01   2.05107794e+01  -8.16707380e+00
  3.33000000e+00   9.05187450e+01   3.17483361e+01   2.04825744e+01  -8.25384299e+00
  3.34000000e+00   9.07234299e+01   3.16653644e+01   2.04544004e+01  -8.34048975e+00
  3.35000000e+00   9.09278332e+01   3.15815269e+01   2.04262569e+01  -8.42701397e+00
  3.36000000e+00   9.11319552e+01   3.14968247e+01   2.03981436e+01  -8.51341557e+00
  3.37000000e+00   9.13357962e+01   3.14112592e+01   2.03700598e+01  -8.59969447e+00
  3.38000000e+00   9.15393565e+01   3.13248315e+01   2.03420052e+01  -8.68585056e+00
  3.39000000e+00   9.17426365e+01   3.12375428e+01   2.03139793e+01  -8.77188375e+00
  3.40000000e+00   9.19456363e+01   3.11493944e+01   2.02859816e+01  -8.85779393e+00
  3.41000000e+00   9.21483562e+01   3.10603875e+01   2.02580117e+01  -8.94358099e+00
  3.42000000e+00   9.23507966e+01   3.09705234e+01   2.02300692e+01  -9.02924483e+00
  3.43000000e+00   9.25529577e+01   3.08798032e+01   2.02021536e+01  -9.11478533e+00
  3.44000000e+00   9.27548398e+01   3.07882283e+01   2.01742645e+01  -9.20020236e+00
  3.45000000e+00   9.29564432e+01   3.06957998e+01   2.01464015e+01  -9.28549581e+00
  3.46000000e+00   9.31577680e+01   3.06025190e+01   2.01185642e+01  -9.37066555e+00
  3.47000000e+00   9.33588146e+01   3.05083871e+01   2.00907521e+01  -9.45571145e+00
  3.48000000e+00   9.35595832e+01   3.04134054e+01   2.00629648e+01  -9.54063337e+00
  3.49000000e+00   9.37600740e+01   3.03175751e+01   2.00352020e+01  -9.62543119e+00
  3.50000000e+00   9.39602873e+01   3.02208974e+01   2.00074632e+01  -9.71010476e+00
  3.51000000e+00   9.41602234e+01   3.01233736e+01   1.99797481e+01  -9.79465394e+00
  3.52000000e+00   9.43598824e+01   3.00250049e+01   1.99520562e+01  -9.87907857e+00
  3.53000000e+00   9.45592646e+01   2.99257927e+01   1.99243872e+01  -9.96337853e+00
  3.54000000e+00   9.47583703e+01   2.98257380e+01   1.98967407e+01  -1.00475536e+01
  3.55000000e+00   9.49571995e+01   2.97248422e+01   1.98691164e+01  -1.01316038e+01
  3.56000000e+00   9.51557527e+01   2.96231065e+01   1.98415138e+01  -1.02155287e+01
  3.57000000e+00   9.53540299e+01   2.95205323e+01   1.98139326e+01  -1.02993284e+01
  3.58000000e+00   9.55520314e+01   2.94171206e+01   1.97863725e+01  -1.03830026e+01
  3.59000000e+00   9.57497575e+01   2.93128728e+01   1.97588331e+01  -1.04665511e+01
  3.60000000e+00   9.59472082e+01   2.92077902e+01   1.97313140e+01  -1.05499739e+01
  3.61000000e+00   9.61443839e+01   2.91018740e+01   1.97038150e+01  -1.06332706e+01
  3.62000000e+00   9.63412846e+01   2.89951254e+01   1.96763356e+01  -1.07164412e+01
  3.63000000e+00   9.65379107e+01   2.88875458e+01   1.96488756e+01  -1.07994855e+01
  3.64000000e+00   9.67342622e+01   2.87791364e+01   1.96214346e+01  -1.08824033e+01
  3.65000000e+00   9.69303395e+01   2.86698984e+01   1.95940123e+01  -1.09651944e+01
  3.66000000e+00   9.71261426e+01   2.85598331e+01   1.95666084e+01  -1.10478586e+01
  3.67000000e+00   9.73216717e+01   2.84489418e+01   1.95392226e+01  -1.11303958e+01
  3.68000000e+00   9.75169271e+01   2.83372258e+01   1.95118545e+01  -1.12128058e+01
  3.69000000e+00   9.77119089e+01   2.82246863e+01   1.94845039e+01  -1.12950883e+01
  3.70000000e+00   9.79066173e+01   2.81113247e+01   1.94571705e+01  -1.13772432e+01
  3.71000000e+00   9.81010524e+01   2.79971421e+01   1.94298539e+01  -1.14592703e+01
  3.72000000e+00   9.82952144e+01   2.78821399e+01   1.94025539e+01  -1.15411694e+01
  3.73000000e+00   9.84891035e+01   2.77663194e+01   1.93752703e+01  -1.16229404e+01
  3.74000000e+00   9.86827199e+01   2.76496818e+01   1.93480026e+01  -1.17045829e+01
  3.75000000e+00   9.88760637e+01   2.75322284e+01   1.93207507e+01  -1.17860969e+01
  3.76000000e+00   9.90691350e+01   2.74139605e+01   1.92935143e+01  -1.18674820e+01
  3.77000000e+00   9.92619340e+01   2.72948794e+01   1.92662931e+01  -1.19487382e+01
  3.78000000e+00   9.94544609e+01   2.71749863e+01   1.92390869e+01  -1.20298652e+01
  3.79000000e+00   9.96467158e+01   2.70542827e+01   1.92118953e+01  -1.21108628e+01
  3.80000000e+00   9.98386989e+01   2.69327697e+01   1.91847183e+01  -1.21917308e+01
  3.81000000e+00   1.00030410e+02   2.68104487e+01   1.91575554e+01  -1.22724691e+01
  3.82000000e+00   1.00221850e+02   2.66873210e+01   1.91304065e+01  -1.23530773e+01
  3.83000000e+00   1.00413018e+02   2.65633878e+01   1.91032713e+01  -1.24335553e+01
  3.84000000e+00   1.00603916e+02   2.64386506e+01   1.90761496e+01  -1.25139028e+01
  3.85000000e+00   1.00794542e+02   2.63131104e+01   1.90490411e+01  -1.25941198e+01
  3.86000000e+00   1.00984896e+02   2.61867688e+01   1.90219457e+01  -1.26742059e+01
  3.87000000e+00   1.01174981e+02   2.60596270e+01   1.89948631e+01  -1.27541609e+01
  3.88000000e+00   1.01364794e+02   2.59316863e+01   1.89677931e+01  -1.28339847e+01
  3.89000000e+00   1.01554336e+02   2.58029479e+01   1.89407355e+01  -1.29136769e+01
  3.90000000e+00   1.01743609e+02   2.56734134e+01   1.89136901e+01  -1.29932375e+01
  3.91000000e+00   1.01932610e+02   2.55430839e+01   1.88866567e+01  -1.30726662e+01
  3.92000000e+00   1.02121342e+02   2.54119607e+01   1.88596350e+01  -1.31519628e+01
  3.93000000e+00   1.02309803e+02   2.52800453e+01   1.88326249e+01  -1.32311270e+01
  3.94000000e+00   1.02497994e+02   2.51473388e+01   1.88056262e+01  -1.33101587e+01
  3.95000000e+00   1.02685916e+02   2.50138427e+01   1.87786387e+01  -1.33890576e+01
  3.96000000e+00   1.02873567e+02   2.48795583e+01   1.87516622e+01  -1.34678235e+01
  3.97000000e+00   1.03060949e+02   2.47444869e+01   1.87246965e+01  -1.35464563e+01
  3.98000000e+00   1.03248061e+02   2.46086299e+01   1.86977416e+01  -1.36249556e+01
  3.99000000e+00   1.03434904e+02   2.44719885e+01   1.86707971e+01  -1.37033212e+01
  4.00000000e+00   1.03621477e+02   2.43345641e+01   1.86438629e+01  -1.37815531e+01
  4.01000000e+00   1.03807781e+02   2.41963581e+01   1.86169389e+01  -1.38596508e+01
  4.02000000e+00   1.03993816e+02   2.40573718e+01   1.85900249e+01  -1.39376143e+01
  4.03000000e+00   1.04179582e+02   2.39176065e+01   1.85631207e+01  -1.40154433e+01
  4.04000000e+00   1.04365078e+02   2.37770636e+01   1.85362262e+01  -1.40931375e+01
  4.05000000e+00   1.04550306e+02   2.36357444e+01   1.85093413e+01  -1.41706968e+01
  4.06000000e+00   1.04735265e+02   2.34936503e+01   1.84824657e+01  -1.42481210e+01
  4.07000000e+00   1.04919956e+02   2.33507827e+01   1.84555995e+01  -1.43254098e+01
  4.08000000e+00   1.05104377e+02   2.32071428e+01   1.84287423e+01  -1.44025630e+01
  4.09000000e+00   1.05288531e+02   2.30627321e+01   1.84018941e+01  -1.44795805e+01
  4.10000000e+00   1.05472415e+02   2.29175519e+01   1.83750548e+01  -1.45564619e+01
  4.11000000e+00   1.05656032e+02   2.27716035e+01   1.83482242e+01  -1.46332070e+01
  4.12000000e+00   1.05839380e+02   2.26248884e+01   1.83214022e+01  -1.47098158e+01
  4.13000000e+00   1.06022460e+02   2.24774079e+01   1.82945887e+01  -1.47862879e+01
  4.14000000e+00   1.06205272e+02   2.23291634e+01   1.82677836e+01  -1.48626231e+01
  4.15000000e+00   1.06387815e+02   2.21801561e+01   1.82409867e+01  -1.49388212e+01
  4.16000000e+00   1.06570091e+02   2.20303876e+01   1.82141980e+01  -1.50148820e+01
  4.17000000e+00   1.06752099e+02   2.18798592e+01   1.81874173e+01  -1.50908054e+01
  4.18000000e+00   1.06933840e+02   2.17285722e+01   1.81606446e+01  -1.51665910e+01
  4.19000000e+00   1.07115312e+02   2.15765280e+01   1.81338797e+01  -1.52422387e+01
  4.20000000e+00   1.07296517e+02   2.14237281e+01   1.81071225e+01  -1.53177482e+01
  4.21000000e+00   1.07477455e+02   2.12701738e+01   1.80803730e+01  -1.53931194e+01
  4.22000000e+00   1.07658125e+02   2.11158664e+01   1.80536311e+01  -1.54683521e+01
  4.23000000e+00   1.07838528e+02   2.09608074e+01   1.80268966e+01  -1.55434460e+01
  4.24000000e+00   1.08018663e+02   2.08049982e+01   1.80001695e+01  -1.56184010e+01
  4.25000000e+00   1.08198531e+02   2.06484401e+01   1.79734497e+01  -1.56932167e+01
  4.26000000e+00   1.08378132e+02   2.04911346e+01   1.79467372e+01  -1.57678931e+01
  4.27000000e+00   1.08557466e+02   2.03330829e+01   1.79200319e+01  -1.58424300e+01
  4.28000000e+00   1.08736533e+02   2.01742867e+01   1.78933336e+01  -1.59168270e+01
  4.29000000e+00   1.08915332e+02   2.00147471e+01   1.78666423e+01  -1.59910841e+01
  4.30000000e+00   1.09093865e+02   1.98544657e+01   1.78399580e+01  -1.60652010e+01
  4.31000000e+00   1.09272132e+02   1.96934438e+01   1.78132806e+01  -1.61391775e+01
  4.32000000e+00   1.09450131e+02   1.95316828e+01   1.77866101e+01  -1.62130135e+01
  4.33000000e+00   1.09627864e+02   1.93691842e+01   1.77599463e+01  -1.62867087e+01
  4.34000000e+00   1.09805330e+02   1.92059494e+01   1.77332893e+01  -1.63602629e+01
  4.35000000e+00   1.09982530e+02   1.90419797e+01   1.77066389e+01  -1.64336760e+01
  4.36000000e+00   1.10159463e+02   1.88772765e+01   1.76799952e+01  -1.65069477e+01
  4.37000000e+00   1.10336130e+02   1.87118414e+01   1.76533581e+01  -1.65800779e+01
  4.38000000e+00   1.10512530e+02   1.85456757e+01   1.76267275e+01  -1.66530664e+01
  4.39000000e+00   1.10688664e+02   1.83787808e+01   1.76001034e+01  -1.67259130e+01
  4.40000000e+00   1.10864532e+02   1.82111581e+01   1.75734858e+01  -1.67986175e+01
  4.41000000e+00   1.11040134e+02   1.80428092e+01   1.75468746e+01  -1.68711797e+01
  4.42000000e+00   1.11215470e+02   1.78737353e+01   1.75202698e+01  -1.69435994e+01
  4.43000000e+00   1.11390539e+02   1.77039379e+01   1.74936715e+01  -1.70158765e+01
  4.44000000e+00   1.11565343e+02   1.75334184e+01   1.74670794e+01  -1.70880108e+01
  4.45000000e+00   1.11739881e+02   1.73621784e+01   1.74404937e+01  -1.71600020e+01
  4.46000000e+00   1.11914153e+02   1.71902191e+01   1.74139143e+01  -1.72318501e+01
  4.47000000e+00   1.12088159e+02   1.70175421e+01   1.73873412e+01  -1.73035548e+01
  4.48000000e+00   1.12261900e+02   1.68441487e+01   1.73607744e+01  -1.73751160e+01
  4.49000000e+00   1.12435375e+02   1.66700405e+01   1.73342139e+01  -1.74465335e+01
  4.50000000e+00   1.12608584e+02   1.64952188e+01   1.73076596e+01  -1.75178072e+01
  4.51000000e+00   1.12781528e+02   1.63196851e+01   1.72811115e+01  -1.75889368e+01
  4.52000000e+00   1.12954206e+02   1.61434408e+01   1.72545697e+01  -1.76599222e+01
  4.53000000e+00   1.13126619e+02   1.59664873e+01   1.72280341e+01  -1.77307632e+01
  4.54000000e+00   1.13298767e+02   1.57888262e+01   1.72015047e+01  -1.78014597e+01
  4.55000000e+00   1.13470650e+02   1.56104589e+01   1.71749816e+01  -1.78720115e+01
  4.56000000e+00   1.13642267e+02   1.54313867e+01   1.71484647e+01  -1.79424184e+01
  4.57000000e+00   1.13813619e+02   1.52516112e+01   1.71219541e+01  -1.80126804e+01
  4.58000000e+00   1.13984706e+02   1.50711338e+01   1.70954497e+01  -1.80827972e+01
  4.59000000e+00   1.14155528e+02   1.48899560e+01   1.70689515e+01  -1.81527686e+01
  4.60000000e+00   1.14326085e+02   1.47080792e+01   1.70424597e+01  -1.82225946e+01
  4.61000000e+00   1.14496377e+02   1.45255049e+01   1.70159741e+01  -1.82922750e+01
  4.62000000e+00   1.14666405e+02   1.43422344e+01   1.69894948e+01  -1.83618096e+01
  4.63000000e+00   1.14836167e+02   1.41582694e+01   1.69630219e+01  -1.84311983e+01
  4.64000000e+00   1.15005665e+02   1.39736112e+01   1.69365552e+01  -1.85004410e+01
  4.65000000e+00   1.15174898e+02   1.37882613e+01   1.69100950e+01  -1.85695374e+01
  4.66000000e+00   1.15343867e+02   1.36022212e+01   1.68836411e+01  -1.86384875e+01
  4.67000000e+00   1.15512571e+02   1.34154923e+01   1.68571936e+01  -1.87072912e+01
  4.68000000e+00   1.15681011e+02   1.32280761e+01   1.68307526e+01  -1.87759482e+01
  4.69000000e+00   1.15849186e+02   1.30399741e+01   1.68043181e+01  -1.88444585e+01
  4.70000000e+00   1.16017097e+02   1.28511877e+01   1.67778900e+01  -1.89128220e+01
  4.71000000e+00   1.16184744e+02   1.26617183e+01   1.67514685e+01  -1.89810384e+01
  4.72000000e+00   1.16352127e+02   1.24715676e+01   1.67250536e+01  -1.90491077e+01
  4.73000000e+00   1.16519245e+02   1.22807369e+01   1.66986452e+01  -1.91170298e+01
  4.74000000e+00   1.16686100e+02   1.20892278e+01   1.66722435e+01  -1.91848044e+01
  4.75000000e+00   1.16852690e+02   1.18970416e+01   1.66458485e+01  -1.92524316e+01
  4.76000000e+00   1.17019017e+02   1.17041799e+01   1.66194602e+01  -1.93199112e+01
  4.77000000e+00   1.17185079e+02   1.15106441e+01   1.65930787e+01  -1.93872430e+01
  4.78000000e+00   1.17350878e+02   1.13164357e+01   1.65667040e+01  -1.94544270e+01
  4.79000000e+00   1.17516413e+02   1.11215563e+01   1.65403362e+01  -1.95214630e+01
  4.80000000e+00   1.17681685e+02   1.09260072e+01   1.65139753e+01  -1.95883510e+01
  4.81000000e+00   1.17846693e+02   1.07297900e+01   1.64876214e+01  -1.96550908e+01
  4.82000000e+00   1.18011437e+02   1.05329061e+01   1.64612745e+01  -1.97216824e+01
  4.83000000e+00   1.18175918e+02   1.03353571e+01   1.64349346e+01  -1.97881255e+01
  4.84000000e+00   1.18340136e+02   1.01371444e+01   1.64086019e+01  -1.98544202e+01
  4.85000000e+00   1.18504091e+02   9.93826945e+00   1.63822764e+01  -1.99205663e+01
  4.86000000e+00   1.18667782e+02   9.73873380e+00   1.63559581e+01  -1.99865637e+01
  4.87000000e+00   1.18831210e+02   9.53853892e+00   1.63296471e+01  -2.00524123e+01
  4.88000000e+00   1.18994375e+02   9.33768630e+00   1.63033435e+01  -2.01181121e+01
  4.89000000e+00   1.19157277e+02   9.13617742e+00   1.62770473e+01  -2.01836630e+01
  4.90000000e+00   1.19319916e+02   8.93401378e+00   1.62507586e+01  -2.02490648e+01
  4.91000000e+00   1.19482292e+02   8.73119687e+00   1.62244775e+01  -2.03143175e+01
  4.92000000e+00   1.19644405e+02   8.52772818e+00   1.61982040e+01  -2.03794210e+01
  4.93000000e+00   1.19806256e+02   8.32360920e+00   1.61719381e+01  -2.04443752e+01
  4.94000000e+00   1.19967844e+02   8.11884142e+00   1.61456801e+01  -2.05091801e+01
  4.95000000e+00   1.20129170e+02   7.91342634e+00   1.61194298e+01  -2.05738355e+01
  4.96000000e+00   1.20290233e+02   7.70736546e+00   1.60931875e+01  -2.06383414e+01
  4.97000000e+00   1.20451033e+02   7.50066026e+00   1.60669532e+01  -2.07026978e+01
  4.98000000e+00   1.20611572e+02   7.29331225e+00   1.60407269e+01  -2.07669045e+01
  4.99000000e+00   1.20771848e+02   7.08532292e+00   1.60145087e+01  -2.08309615e+01
  5.00000000e+00   1.20931862e+02   6.87669377e+00   1.59882987e+01  -2.08948687e+01
  5.01000000e+00   1.21091614e+02   6.66742630e+00   1.59620970e+01  -2.09586261e+01
  5.02000000e+00   1.21251104e+02   6.45752200e+00   1.59359037e+01  -2.10222336e+01
  5.03000000e+00   1.21410332e+02   6.24698238e+00   1.59097188e+01  -2.10856912e+01
  5.04000000e+00   1.21569298e+02   6.03580893e+00   1.58835424e+01  -2.11489988e+01
  5.05000000e+00   1.21728003e+02   5.82400315e+00   1.58573747e+01  -2.12121563e+01
  5.06000000e+00   1.21886446e+02   5.61156655e+00   1.58312156e+01  -2.12751637e+01
  5.07000000e+00   1.22044627e+02   5.39850063e+00   1.58050653e+01  -2.13380210e+01
  5.08000000e+00   1.22202547e+02   5.18480688e+00   1.57789238e+01  -2.14007280e+01
  5.09000000e+00   1.22360206e+02   4.97048682e+00   1.57527913e+01  -2.14632849e+01
  5.10000000e+00   1.22517603e+02   4.75554194e+00   1.57266678e+01  -2.15256915e+01
  5.11000000e+00   1.22674739e+02   4.53997374e+00   1.57005535e+01  -2.15879478e+01
  5.12000000e+00   1.22831614e+02   4.32378373e+00   1.56744483e+01  -2.16500537e+01
  5.13000000e+00   1.22988228e+02   4.10697342e+00   1.56483525e+01  -2.17120092e+01
  5.14000000e+00   1.23144581e+02   3.88954430e+00   1.56222660e+01  -2.17738144e+01
  5.15000000e+00   1.23300674e+02   3.67149788e+00   1.55961890e+01  -2.18354691e+01
  5.16000000e+00   1.23456505e+02   3.45283567e+00   1.55701216e+01  -2.18969734e+01
  5.17000000e+00   1.23612076e+02   3.23355917e+00   1.55440638e+01  -2.19583272e+01
  5.18000000e+00   1.23767387e+02   3.01366988e+00   1.55180158e+01  -2.20195305e+01
  5.19000000e+00   1.23922436e+02   2.79316931e+00   1.54919777e+01  -2.20805832e+01
  5.20000000e+00   1.24077226e+02   2.57205897e+00   1.54659495e+01  -2.21414855e+01
  5.21000000e+00   1.24231756e+02   2.35034035e+00   1.54399313e+01  -2.22022372e+01
  5.22000000e+00   1.24386025e+02   2.12801497e+00   1.54139234e+01  -2.22628383e+01
  5.23000000e+00   1.24540034e+02   1.90508434e+00   1.53879256e+01  -2.23232889e+01
  5.24000000e+00   1.24693783e+02   1.68154995e+00   1.53619382e+01  -2.23835889e+01
  5.25000000e+00   1.24847273e+02   1.45741331e+00   1.53359612e+01  -2.24437384e+01
  5.26000000e+00   1.25000503e+02   1.23267593e+00   1.53099948e+01  -2.25037373e+01
  5.27000000e+00   1.25153473e+02   1.00733932e+00   1.52840390e+01  -2.25635856e+01
  5.28000000e+00   1.25306183e+02   7.81404976e-01   1.52580939e+01  -2.26232833e+01
  5.29000000e+00   1.25458635e+02   5.54874407e-01   1.52321597e+01  -2.26828305e+01
  5.30000000e+00   1.25610827e+02   3.27749120e-01   1.52062365e+01  -2.27422271e+01
  5.31000000e+00   1.25762760e+02   1.00030618e-01   1.51803243e+01  -2.28014732e+01
  5.32000000e+00   1.25914433e+02  -1.28279591e-01   1.51544232e+01  -2.28605687e+01
