 -1.00000000e+00   0.00000000e+00
 -9.97710681e-01  -9.47539668e-02
 -9.91345469e-01  -1.84220976e-01
 -9.78947934e-01  -2.87284487e-01
 -9.58661955e-01  -4.02488833e-01
 -9.27906998e-01  -5.31367590e-01
 -8.82260462e-01  -6.78759686e-01
 -8.18252950e-01  -8.42784904e-01
 -7.38493821e-01  -1.01014763e+00
 -6.39642620e-01  -1.18464836e+00
 -5.20562494e-01  -1.36483565e+00
 -3.98526884e-01  -1.52686352e+00
 -2.78808419e-01  -1.66995162e+00
 -1.59959280e-01  -1.80018739e+00
 -6.46022551e-02  -1.89781916e+00
  3.72389779e-02  -1.99644066e+00
  1.34149113e-01  -2.08560882e+00
  2.67117437e-01  -2.20155577e+00
  4.29995455e-01  -2.33496457e+00
  6.24623551e-01  -2.48393334e+00
  8.35180431e-01  -2.63439125e+00
  1.05916735e+00  -2.78420279e+00
  1.29779091e+00  -2.93396604e+00
  1.55207231e+00  -3.08401293e+00
  1.82307199e+00  -3.23459374e+00
  2.11188069e+00  -3.38588532e+00
  2.41962200e+00  -3.53800268e+00
  2.74745288e+00  -3.69100646e+00
  3.09656281e+00  -3.84490759e+00
  3.46817156e+00  -3.99967023e+00
  3.86352557e+00  -4.15521319e+00
  4.28389276e+00  -4.31141034e+00
  4.73055562e+00  -4.46809031e+00
  5.20480243e+00  -4.62503550e+00
  5.70791624e+00  -4.78198076e+00
  6.24116139e+00  -4.93861174e+00
  6.80576715e+00  -5.09456311e+00
  7.40290815e+00  -5.24941671e+00
  8.03368096e+00  -5.40269990e+00
  8.69907642e+00  -5.55388411e+00
  9.39994689e+00  -5.70238391e+00
  1.01369677e+01  -5.84755677e+00
  1.09105917e+01  -5.98870377e+00
  1.17209958e+01  -6.12507166e+00
  1.25680177e+01  -6.25585656e+00
  1.34510804e+01  -6.38020996e+00
  1.43691014e+01  -6.49724750e+00
  1.53203825e+01  -6.60606151e+00
  1.63024704e+01  -6.70573811e+00
  1.73119788e+01  -6.79538054e+00
  1.83443479e+01  -6.87414034e+00
  1.93935023e+01  -6.94125931e+00
  2.04513287e+01  -6.99612635e+00
  2.15067961e+01  -7.03835645e+00
  2.25442823e+01  -7.06790549e+00
  2.35397533e+01  -7.08525303e+00
  2.42372892e+01  -7.09103477e+00
  2.50128850e+01  -7.09131850e+00
  2.57770905e+01  -7.08527240e+00
  2.67566771e+01  -7.06831732e+00
  2.78850751e+01  -7.03588317e+00
  2.91404759e+01  -6.98335240e+00
  3.05113143e+01  -6.90578107e+00
  3.19898450e+01  -6.79770319e+00
  3.35691693e+01  -6.65299306e+00
  3.52413209e+01  -6.46477132e+00
  3.69954711e+01  -6.22539453e+00
  3.88157338e+01  -5.92664396e+00
  4.06781735e+01  -5.56037095e+00
  4.25470619e+01  -5.12004871e+00
  4.43722578e+01  -4.60358392e+00
  4.60933129e+01  -4.01636960e+00
  4.76555585e+01  -3.37103997e+00
  4.90296668e+01  -2.68180570e+00
  5.00133183e+01  -2.09249825e+00
  5.08838505e+01  -1.48149355e+00
  5.15885147e+01  -9.08648894e-01
  5.21742642e+01  -3.68578731e-01
  5.26738274e+01   1.42412395e-01
  5.31109900e+01   6.26995075e-01
  5.35038740e+01   1.08752214e+00
  5.38669736e+01   1.52642980e+00
  5.42125962e+01   1.94633025e+00
  5.45521786e+01   2.34990417e+00
  5.48981263e+01   2.73983240e+00
  5.52680667e+01   3.11930787e+00
  5.56326317e+01   3.44145165e+00
  5.59233767e+01   3.65206734e+00
  5.61760132e+01   3.79529693e+00
  5.63957479e+01   3.88525429e+00
  5.65805811e+01   3.93284526e+00
  5.66978129e+01   3.94845274e+00
  5.68587465e+01   3.94993674e+00
  5.70124886e+01   3.92825734e+00
  5.72157050e+01   3.86231735e+00
  5.74098124e+01   3.75718388e+00
  5.75849273e+01   3.62567353e+00
  5.77448178e+01   3.47524235e+00
  5.78922582e+01   3.31183970e+00
  5.80293544e+01   3.14023746e+00
  5.81577089e+01   2.96427075e+00
  5.82785373e+01   2.78701520e+00
  5.83927562e+01   2.61092314e+00
  5.85010516e+01   2.43793110e+00
  5.86039351e+01   2.26954592e+00
  5.87017879e+01   2.10691533e+00
  5.87948963e+01   1.95088640e+00
  5.88834797e+01   1.80205494e+00
  5.89677122e+01   1.66080761e+00
  5.90477393e+01   1.52735814e+00
  5.91236896e+01   1.40177860e+00
  5.91956835e+01   1.28402647e+00
  5.92638394e+01   1.17396792e+00
  5.93282772e+01   1.07139787e+00
  5.93891204e+01   9.76057065e-01
  5.94464967e+01   8.87646568e-01
  5.95005388e+01   8.05839897e-01
  5.95513829e+01   7.30293117e-01
  5.95991687e+01   6.60653131e-01
  5.96440376e+01   5.96564387e-01
  5.96861320e+01   5.37674236e-01
  5.97255940e+01   4.83637120e-01
  5.97625645e+01   4.34117773e-01
  5.97971820e+01   3.88793598e-01
  5.98295820e+01   3.47356341e-01
  5.98598960e+01   3.09513213e-01
  5.98882514e+01   2.74987531e-01
  5.99147708e+01   2.43519002e-01
  5.99395717e+01   2.14863701e-01
  5.99627665e+01   1.88793823e-01
  5.99844620e+01   1.65097268e-01
  6.00047600e+01   1.43577082e-01
  6.00237567e+01   1.24050822e-01
  6.00415432e+01   1.06349847e-01
  6.00582056e+01   9.03185841e-02
  6.00738254e+01   7.58137701e-02
  6.00884793e+01   6.27036963e-02
  6.01022399e+01   5.08674649e-02
  6.01151759e+01   4.01942659e-02
  6.01273525e+01   3.05826825e-02
  6.01388321e+01   2.19400309e-02
  6.01492974e+01   1.44445903e-02
  6.01576057e+01   8.77498207e-03
  6.01640693e+01   4.54805586e-03
  6.01679807e+01   2.07236340e-03
  6.01735167e+01  -1.32043752e-03
  6.01790022e+01  -4.54813016e-03
  6.01857485e+01  -8.32391994e-03
  6.01930643e+01  -1.21610233e-02
  6.02005610e+01  -1.57934620e-02
  6.02070389e+01  -1.86683694e-02
  6.02130538e+01  -2.11010575e-02
  6.02186672e+01  -2.31497824e-02
  6.02239253e+01  -2.48599893e-02
  6.02288664e+01  -2.62690886e-02
  6.02335208e+01  -2.74078100e-02
  6.02379086e+01  -2.83013358e-02
  6.02420345e+01  -2.89704521e-02
  6.02458733e+01  -2.94332612e-02
  6.02493278e+01  -2.97088071e-02
  6.02520287e+01  -2.98252395e-02
  6.02547569e+01  -2.98493756e-02
  6.02572931e+01  -2.97828409e-02
  6.02607925e+01  -2.95412062e-02
  6.02648361e+01  -2.90285931e-02
  6.02690173e+01  -2.82095785e-02
  6.02729844e+01  -2.71311546e-02
  6.02766565e+01  -2.58414253e-02
  6.02801066e+01  -2.43446551e-02
  6.02834299e+01  -2.26108664e-02
  6.02867209e+01  -2.05764681e-02
  6.02900990e+01  -1.81153695e-02
  6.02932654e+01  -1.54154431e-02
  6.02961801e+01  -1.25416659e-02
  6.02989304e+01  -9.43384993e-03
  6.03016018e+01  -5.98444978e-03
  6.03043292e+01  -1.94308071e-03
  6.03063184e+01   1.39821719e-03
  6.03079906e+01   4.51108293e-03
  6.03098733e+01   8.40739688e-03
  6.03118068e+01   1.29282515e-02
  6.03135687e+01   1.76153321e-02
  6.03151323e+01   2.23466280e-02
  6.03165278e+01   2.71497703e-02
  6.03177747e+01   3.20422244e-02
  6.03188868e+01   3.70361618e-02
  6.03198733e+01   4.21385095e-02
  6.03207410e+01   4.73511044e-02
  6.03214947e+01   5.26704514e-02
  6.03221380e+01   5.80870001e-02
  6.03226742e+01   6.35837956e-02
  6.03231065e+01   6.91342027e-02
  6.03234387e+01   7.46980335e-02
  6.03236755e+01   8.02144963e-02
  6.03238241e+01   8.55875879e-02
  6.03238896e+01   9.00272379e-02
  6.03239060e+01   9.29940162e-02
  6.03238988e+01   9.64138403e-02
  6.03238501e+01   1.00812832e-01
  6.03237306e+01   1.06287243e-01
  6.03235161e+01   1.12604132e-01
  6.03231834e+01   1.19697572e-01
  6.03227091e+01   1.27556276e-01
  6.03220683e+01   1.36197962e-01
  6.03212338e+01   1.45659424e-01
  6.03201758e+01   1.55992370e-01
  6.03188609e+01   1.67261808e-01
  6.03172515e+01   1.79545746e-01
  6.03153049e+01   1.92935753e-01
  6.03129724e+01   2.07538163e-01
  6.03101979e+01   2.23475888e-01
  6.03069166e+01   2.40890879e-01
  6.03030534e+01   2.59947362e-01
  6.02985201e+01   2.80836065e-01
  6.02932131e+01   3.03779778e-01
  6.02870089e+01   3.29040808e-01
  6.02797596e+01   3.56931192e-01
  6.02712846e+01   3.87827187e-01
  6.02616364e+01   4.21258843e-01
  6.02507775e+01   4.57145273e-01
  6.02385912e+01   4.95674966e-01
  6.02249572e+01   5.37025314e-01
  6.02097456e+01   5.81382023e-01
  6.01928168e+01   6.28936935e-01
  6.01740210e+01   6.79887083e-01
  6.01531979e+01   7.34433291e-01
  6.01301766e+01   7.92778370e-01
  6.01047746e+01   8.55124830e-01
  6.00767985e+01   9.21672022e-01
  6.00460433e+01   9.92612634e-01
  6.00122922e+01   1.06812841e+00
  5.99753172e+01   1.14838503e+00
  5.99348785e+01   1.23352595e+00
  5.98907253e+01   1.32366519e+00
  5.98425957e+01   1.41887887e+00
  5.97902173e+01   1.51919534e+00
  5.97333076e+01   1.62458394e+00
  5.96715747e+01   1.73494207e+00
  5.96047175e+01   1.85008075e+00
  5.95324272e+01   1.96970850e+00
  5.94543872e+01   2.09341364e+00
  5.93702750e+01   2.22064520e+00
  5.92797628e+01   2.35069274e+00
  5.91825194e+01   2.48266549e+00
  5.90782129e+01   2.61547158e+00
  5.89665146e+01   2.74779827e+00
  5.88471046e+01   2.87809455e+00
  5.87196820e+01   3.00455789e+00
  5.85839806e+01   3.12512750e+00
  5.84397939e+01   3.23748743e+00
  5.82870193e+01   3.33908420e+00
  5.81257356e+01   3.42716708e+00
  5.79563578e+01   3.49886643e+00
  5.77799893e+01   3.55134904e+00
  5.75994402e+01   3.58217488e+00
  5.74607651e+01   3.59046345e+00
  5.73266813e+01   3.58601676e+00
  5.70859908e+01   3.54795972e+00
  5.67841659e+01   3.44704204e+00
  5.64917590e+01   3.29432723e+00
  5.61988592e+01   3.08829921e+00
  5.58951661e+01   2.81947456e+00
  5.55745947e+01   2.47569538e+00
  5.52278628e+01   2.03668731e+00
  5.49331675e+01   1.61280956e+00
  5.46447883e+01   1.16012531e+00
  5.43824936e+01   7.25354789e-01
  5.41673430e+01   3.60639933e-01
  5.40398637e+01   1.44249078e-01
  5.38425276e+01  -1.87089744e-01
  5.36182491e+01  -5.53004120e-01
  5.33079546e+01  -1.03146114e+00
  5.29614791e+01  -1.51990210e+00
  5.25651196e+01  -2.01789490e+00
  5.21009689e+01  -2.52635951e+00
  5.15462878e+01  -3.04643606e+00
  5.08713526e+01  -3.57958523e+00
  5.00362716e+01  -4.12746338e+00
  4.89856257e+01  -4.69175424e+00
  4.76740182e+01  -5.26019375e+00
  4.61294389e+01  -5.79532209e+00
  4.43440647e+01  -6.28641352e+00
  4.23448905e+01  -6.71838082e+00
  4.02085763e+01  -7.07574546e+00
  3.83345023e+01  -7.31833822e+00
  3.65438678e+01  -7.49797895e+00
  3.48670687e+01  -7.62548170e+00
  3.33263951e+01  -7.71110534e+00
  3.19449368e+01  -7.76398938e+00
  3.07594268e+01  -7.79228247e+00
  2.98801450e+01  -7.80343352e+00
  2.92013807e+01  -7.80644874e+00
  2.85182186e+01  -7.80464263e+00
  2.75209908e+01  -7.79340988e+00
  2.63173531e+01  -7.76644197e+00
  2.49975490e+01  -7.72018892e+00
  2.36135953e+01  -7.65302889e+00
  2.22002510e+01  -7.56465973e+00
  2.07827678e+01  -7.45570226e+00
  1.93802007e+01  -7.32741142e+00
  1.80071045e+01  -7.18145741e+00
  1.66745444e+01  -7.01975838e+00
  1.53907788e+01  -6.84435312e+00
  1.41617649e+01  -6.65730534e+00
  1.29915607e+01  -6.46063347e+00
  1.19985680e+01  -6.27848566e+00
  1.09538105e+01  -6.07049496e+00
  1.00712440e+01  -5.88063129e+00
  9.23923818e+00  -5.68869566e+00
  8.45672445e+00  -5.49565255e+00
  7.72208092e+00  -5.30229497e+00
  7.03350189e+00  -5.10931274e+00
  6.38905168e+00  -4.91729824e+00
  5.78671025e+00  -4.72675262e+00
  5.22441089e+00  -4.53809218e+00
  4.70007105e+00  -4.35165453e+00
  4.21161734e+00  -4.16770439e+00
  3.75700532e+00  -3.98643884e+00
  3.33423507e+00  -3.80799197e+00
  2.94136291e+00  -3.63243855e+00
  2.57651004e+00  -3.45979687e+00
  2.23786828e+00  -3.29003014e+00
  1.92370355e+00  -3.12304646e+00
  1.63235708e+00  -2.95869672e+00
  1.36224465e+00  -2.79676968e+00
  1.11185365e+00  -2.63698314e+00
  8.53748792e-01  -2.46060420e+00
  6.40463650e-01  -2.30404384e+00
  4.22093133e-01  -2.13125656e+00
  2.64399103e-01  -1.99681599e+00
  1.43468553e-01  -1.88701679e+00
  7.23966267e-02  -1.81930657e+00
  2.37808181e-02  -1.77146083e+00
 -5.85475596e-02  -1.68726893e+00
 -1.52241938e-01  -1.58590077e+00
 -2.57521051e-01  -1.46346911e+00
 -3.64288141e-01  -1.32759683e+00
 -4.67186887e-01  -1.18166264e+00
 -5.63492837e-01  -1.02603836e+00
 -6.48815357e-01  -8.64452184e-01
 -7.21259051e-01  -6.97428991e-01
 -7.80374511e-01  -5.20797119e-01
 -8.11619153e-01  -3.94179560e-01
 -8.30713576e-01  -2.87282434e-01
 -8.41689651e-01  -1.96194927e-01
 -8.47041077e-01  -1.21357384e-01
 -8.48506342e-01  -8.26024698e-02
 -8.49003631e-01  -2.19970843e-02
 -8.47512396e-01   3.39422291e-02
 -8.42726791e-01   1.07047318e-01
 -8.33072278e-01   1.92218609e-01
 -8.17273420e-01   2.86255553e-01
 -7.93659131e-01   3.89492294e-01
 -7.59575621e-01   5.04386474e-01
 -7.09875212e-01   6.37001892e-01
 -6.47354797e-01   7.72670383e-01
 -5.70605804e-01   9.12029505e-01
 -4.77259268e-01   1.05663670e+00
 -3.67296807e-01   1.20416731e+00
 -2.61776719e-01   1.32964121e+00
 -1.59158187e-01   1.44048707e+00
 -7.23079072e-02   1.52748214e+00
 -4.61771574e-02   1.55260530e+00
  3.95827663e-02   1.63204123e+00
  1.25813179e-01   1.70774597e+00
  2.41054876e-01   1.80330737e+00
  3.81215581e-01   1.91215615e+00
  5.48106350e-01   2.03290950e+00
  7.25105635e-01   2.15218230e+00
  9.13040684e-01   2.27049715e+00
  1.11275282e+00   2.38824648e+00
  1.32509532e+00   2.50572027e+00
  1.55093949e+00   2.62312960e+00
  1.79117865e+00   2.74062232e+00
  2.04673075e+00   2.85829375e+00
  2.31853965e+00   2.97619391e+00
  2.60757523e+00   3.09433232e+00
  2.91483235e+00   3.21268121e+00
  3.24132868e+00   3.33117741e+00
  3.58810129e+00   3.44972351e+00
  3.95620195e+00   3.56818820e+00
  4.34669096e+00   3.68640628e+00
  4.76062928e+00   3.80417828e+00
  5.19906877e+00   3.92126985e+00
  5.66304029e+00   4.03741115e+00
  6.15353919e+00   4.15229606e+00
  6.67150793e+00   4.26558169e+00
  7.21781525e+00   4.37688798e+00
  7.79323134e+00   4.48579769e+00
  8.39839826e+00   4.59185693e+00
  9.03379473e+00   4.69457636e+00
  9.69969413e+00   4.79343333e+00
  1.03961141e+01   4.88787513e+00
  1.11227557e+01   4.97732393e+00
  1.18789290e+01   5.06118343e+00
  1.26634609e+01   5.13884817e+00
  1.34745777e+01   5.20971582e+00
  1.43097522e+01   5.27320357e+00
  1.51654945e+01   5.32876974e+00
  1.60370536e+01   5.37594244e+00
  1.69179574e+01   5.41435806e+00
  1.77992432e+01   5.44381437e+00
  1.86679979e+01   5.46434752e+00
  1.95040538e+01   5.47635468e+00
  2.00898897e+01   5.48033337e+00
  2.07445614e+01   5.48052790e+00
  2.13916725e+01   5.47636764e+00
  2.22240245e+01   5.46473305e+00
  2.31873449e+01   5.44254123e+00
  2.42652753e+01   5.40671410e+00
  2.54506012e+01   5.35398943e+00
  2.67400206e+01   5.28078875e+00
  2.81319065e+01   5.18311774e+00
  2.96250939e+01   5.05647613e+00
  3.12179962e+01   4.89577209e+00
  3.29077642e+01   4.69524545e+00
  3.46892987e+01   4.44841764e+00
  3.65539358e+01   4.14811404e+00
  3.84875810e+01   3.78666189e+00
  4.04681136e+01   3.35646635e+00
  4.24623982e+01   2.85124454e+00
  4.44252255e+01   2.26784736e+00
  4.62712326e+01   1.62023886e+00
  4.78518169e+01   9.66448401e-01
  4.88645224e+01   4.85800671e-01
  4.94091824e+01   2.03190150e-01
  5.01685957e+01  -2.23336169e-01
  5.08724047e+01  -6.56611571e-01
  5.16286254e+01  -1.16731173e+00
  5.22709085e+01  -1.63933945e+00
  5.28297892e+01  -2.07671096e+00
  5.33280751e+01  -2.48261270e+00
  5.37839137e+01  -2.85979308e+00
  5.42124698e+01  -3.21008021e+00
  5.46277605e+01  -3.53364608e+00
  5.50343794e+01  -3.82017447e+00
  5.53873839e+01  -4.02884950e+00
  5.56456503e+01  -4.14674814e+00
  5.58513614e+01  -4.21215243e+00
  5.60016313e+01  -4.23978880e+00
  5.60898358e+01  -4.24662932e+00
  5.62105186e+01  -4.24307289e+00
  5.63503656e+01  -4.21759855e+00
  5.65121067e+01  -4.15469143e+00
  5.66857741e+01  -4.04032010e+00
  5.68347081e+01  -3.89845780e+00
  5.69672516e+01  -3.73615183e+00
  5.70880831e+01  -3.55932779e+00
  5.72006258e+01  -3.37253861e+00
  5.73192982e+01  -3.15710744e+00
  5.74218169e+01  -2.96030716e+00
  5.75329056e+01  -2.74087884e+00
  5.76314466e+01  -2.54463676e+00
  5.77400077e+01  -2.33018402e+00
  5.78373131e+01  -2.14179309e+00
  5.79453972e+01  -1.93862575e+00
  5.80422531e+01  -1.76307105e+00
  5.81501240e+01  -1.57554078e+00
  5.82461956e+01  -1.41596381e+00
  5.83416434e+01  -1.26451396e+00
  5.84362118e+01  -1.12146106e+00
  5.85296717e+01  -9.86899794e-01
  5.86218002e+01  -8.60822005e-01
  5.87123900e+01  -7.43132369e-01
  5.88012569e+01  -6.33663321e-01
  5.88882446e+01  -5.32188953e-01
  5.89732281e+01  -4.38437683e-01
  5.90561157e+01  -3.52103661e-01
  5.91368503e+01  -2.72856854e-01
  5.92154107e+01  -2.00351879e-01
  5.92918123e+01  -1.34235628e-01
  5.93555665e+01  -8.24242572e-02
  5.94058529e+01  -4.37467478e-02
  5.94238694e+01  -3.03652229e-02
  5.94566261e+01  -6.68590306e-03
  5.94947473e+01   1.98030522e-02
  5.95411188e+01   5.04500277e-02
  5.95957099e+01   8.42644572e-02
  5.96542994e+01   1.17750037e-01
  5.97144662e+01   1.49001098e-01
  5.97658517e+01   1.73068687e-01
  5.98141580e+01   1.93390448e-01
  5.98596556e+01   2.10393535e-01
  5.99025939e+01   2.24444766e-01
  5.99431674e+01   2.35849448e-01
  5.99815001e+01   2.44862278e-01
  6.00176074e+01   2.51698281e-01
  6.00513064e+01   2.56547649e-01
  6.00819908e+01   2.59602684e-01
  6.01078428e+01   2.61113047e-01
  6.01265295e+01   2.61568641e-01
  6.01477513e+01   2.61408364e-01
  6.01735803e+01   2.60192274e-01
  6.02052659e+01   2.57070556e-01
  6.02401894e+01   2.51377009e-01
  6.02755118e+01   2.42972262e-01
  6.03090547e+01   2.32243927e-01
  6.03403241e+01   2.19532397e-01
  6.03697852e+01   2.04847585e-01
  6.03981076e+01   1.87904620e-01
  6.04260057e+01   1.68091117e-01
  6.04541133e+01   1.44447696e-01
  6.04791056e+01   1.19722656e-01
  6.05016260e+01   9.38325190e-02
  6.05223457e+01   6.63200657e-02
  6.05416564e+01   3.67279905e-02
  6.05599188e+01   4.29471079e-03
  6.05775721e+01  -3.24508004e-02
  6.05923814e+01  -6.88328874e-02
  6.06054890e+01  -1.07010927e-01
  6.06163604e+01  -1.44896979e-01
  6.06252883e+01  -1.82452046e-01
  6.06325135e+01  -2.19663732e-01
  6.06382278e+01  -2.56490899e-01
  6.06425849e+01  -2.92809674e-01
  6.06457176e+01  -3.28375536e-01
  6.06477542e+01  -3.62760133e-01
  6.06488376e+01  -3.95198385e-01
  6.06490853e+01  -4.11066177e-01
  6.06491100e+01  -4.36665957e-01
  6.06487064e+01  -4.61501479e-01
  6.06475971e+01  -4.93359495e-01
  6.06455249e+01  -5.30135144e-01
  6.06422558e+01  -5.71191270e-01
  6.06375585e+01  -6.16286597e-01
  6.06311921e+01  -6.65371058e-01
  6.06228966e+01  -7.18505287e-01
  6.06123855e+01  -7.75824047e-01
  6.05993380e+01  -8.37517545e-01
  6.05833908e+01  -9.03821169e-01
  6.05641290e+01  -9.75009607e-01
  6.05410740e+01  -1.05139341e+00
  6.05136708e+01  -1.13331703e+00
  6.04812694e+01  -1.22115779e+00
  6.04431019e+01  -1.31532578e+00
  6.03982507e+01  -1.41626481e+00
  6.03456032e+01  -1.52445561e+00
  6.02862781e+01  -1.63594457e+00
  6.02200646e+01  -1.74996702e+00
  6.01465453e+01  -1.86608332e+00
  6.00653253e+01  -1.98370527e+00
  5.99760254e+01  -2.10211491e+00
  5.98782950e+01  -2.22045126e+00
  5.97718259e+01  -2.33770067e+00
  5.96563703e+01  -2.45268954e+00
  5.95317627e+01  -2.56408106e+00
  5.93979484e+01  -2.67037792e+00
  5.92550209e+01  -2.76993359e+00
  5.91032735e+01  -2.86097596e+00
  5.89432740e+01  -2.94164893e+00
  5.87759836e+01  -3.01008133e+00
  5.86029645e+01  -3.06450037e+00
  5.84267957e+01  -3.10342614e+00
  5.82520873e+01  -3.12603939e+00
  5.81719173e+01  -3.13117069e+00
  5.80180048e+01  -3.13186451e+00
  5.78657150e+01  -3.12075703e+00
  5.76599507e+01  -3.08712723e+00
  5.74075782e+01  -3.01641704e+00
  5.70944103e+01  -2.88246226e+00
  5.67511003e+01  -2.67397971e+00
  5.63889287e+01  -2.37854391e+00
  5.60289655e+01  -1.99933254e+00
  5.57201654e+01  -1.59696016e+00
  5.54641513e+01  -1.20273981e+00
  5.52278545e+01  -7.86033658e-01
  5.50493116e+01  -4.36925773e-01
  5.49232629e+01  -1.73699589e-01
  5.47814455e+01   1.36775848e-01
  5.46465344e+01   4.42771285e-01
  5.44719200e+01   8.46381875e-01
  5.42737129e+01   1.30046849e+00
  5.40665908e+01   1.75271260e+00
  5.38414985e+01   2.20345596e+00
  5.35877318e+01   2.65362252e+00
  5.32923830e+01   3.10417179e+00
  5.29393540e+01   3.55600726e+00
  5.25080981e+01   4.00978087e+00
  5.19719423e+01   4.46565872e+00
  5.12957325e+01   4.92307380e+00
  5.04440578e+01   5.37493769e+00
  4.94395396e+01   5.79045909e+00
  4.82634982e+01   6.16941041e+00
  4.69010247e+01   6.50960040e+00
  4.53485881e+01   6.80658741e+00
  4.36253003e+01   7.05437374e+00
  4.17839104e+01   7.24751007e+00
  4.01486246e+01   7.36990419e+00
  3.86093315e+01   7.44996110e+00
  3.72204702e+01   7.49669645e+00
  3.60580035e+01   7.51905457e+00
  3.54982511e+01   7.52473524e+00
  3.48604540e+01   7.52736141e+00
  3.40990079e+01   7.52531411e+00
  3.29871719e+01   7.51259295e+00
  3.16330827e+01   7.48218861e+00
  3.01349990e+01   7.43033908e+00
  2.85516227e+01   7.35557911e+00
  2.69236994e+01   7.25799696e+00
  2.52818352e+01   7.13872828e+00
  2.36497733e+01   6.99958610e+00
  2.20460784e+01   6.84278744e+00
  2.04851676e+01   6.67075272e+00
  1.89780312e+01   6.48596032e+00
  1.75327890e+01   6.29084315e+00
  1.63011381e+01   6.11006329e+00
  1.49977283e+01   5.90339825e+00
  1.38949143e+01   5.71544077e+00
  1.28524717e+01   5.52596642e+00
  1.18698771e+01   5.33609632e+00
  1.09457448e+01   5.14675093e+00
  1.00783341e+01   4.95872505e+00
  9.26563588e+00   4.77269683e+00
  8.50544665e+00   4.58923746e+00
  7.79543098e+00   4.40882083e+00
  7.13317321e+00   4.23183313e+00
  6.51622018e+00   4.05858192e+00
  5.94211589e+00   3.88930476e+00
  5.40842950e+00   3.72417721e+00
  4.91277736e+00   3.56332014e+00
  4.45284012e+00   3.40680645e+00
  4.02637570e+00   3.25466705e+00
  3.63122860e+00   3.10689615e+00
  3.26533645e+00   2.96345604e+00
  2.92673397e+00   2.82428104e+00
  2.61355509e+00   2.68928101e+00
  2.32403331e+00   2.55834416e+00
  2.05650087e+00   2.43133931e+00
  1.80938681e+00   2.30811744e+00
  1.58121418e+00   2.18851273e+00
  1.37059667e+00   2.07234270e+00
  1.17623456e+00   1.95940763e+00
  9.96910299e-01   1.84948878e+00
  8.31483596e-01   1.74234526e+00
  6.78885978e-01   1.63770891e+00
  5.38114692e-01   1.53527623e+00
  4.08225547e-01   1.43469580e+00
  2.75142077e-01   1.32422065e+00
  1.76194304e-01   1.23606245e+00
  1.00051339e-01   1.16392290e+00
  4.76822719e-02   1.11172409e+00
  1.43805774e-02   1.07727406e+00
 -3.42841588e-02   1.02493690e+00
 -8.90131601e-02   9.62813949e-01
 -1.50325215e-01   8.88243016e-01
 -2.12290435e-01   8.06079802e-01
 -2.71728002e-01   7.18638380e-01
 -3.26982317e-01   6.26538454e-01
 -3.75479571e-01   5.32557888e-01
 -4.16373036e-01   4.37312702e-01
 -4.49961744e-01   3.38149405e-01
 -4.70533955e-01   2.56864135e-01
 -4.82552275e-01   1.90820596e-01
 -4.89320994e-01   1.35603258e-01
 -4.92587994e-01   9.08513647e-02
 -4.93494290e-01   6.75765959e-02
 -4.93821718e-01   3.19132372e-02
 -4.93430336e-01   1.15982132e-02
 -4.91517322e-01  -2.70680619e-02
 -4.87313210e-01  -7.23454011e-02
 -4.79814087e-01  -1.24495639e-01
 -4.68421940e-01  -1.81050922e-01
 -4.52109297e-01  -2.42596535e-01
 -4.29114844e-01  -3.10970783e-01
 -3.96713693e-01  -3.88485329e-01
 -3.57540872e-01  -4.65786488e-01
 -3.09885460e-01  -5.45340661e-01
 -2.52480778e-01  -6.27705525e-01
 -1.92589893e-01  -7.03029839e-01
 -1.30665347e-01  -7.72761340e-01
 -7.11242984e-02  -8.33878940e-01
 -2.73941562e-02  -8.75779029e-01
  2.15801269e-02  -9.20175573e-01
  7.08219948e-02  -9.62480897e-01
  1.36896242e-01  -1.01608112e+00
  2.17239590e-01  -1.07708900e+00
  3.12795617e-01  -1.14465606e+00
  4.14472380e-01  -1.21157368e+00
  5.22254258e-01  -1.27780615e+00
  6.36677362e-01  -1.34362989e+00
  7.58254702e-01  -1.40923806e+00
  8.87512523e-01  -1.47477729e+00
  1.02499238e+00  -1.54035715e+00
  1.17125414e+00  -1.60605741e+00
  1.32687811e+00  -1.67193303e+00
  1.49246655e+00  -1.73801754e+00
  1.66864472e+00  -1.80432545e+00
  1.85606128e+00  -1.87085374e+00
  2.05538835e+00  -1.93758294e+00
  2.26732099e+00  -2.00447770e+00
  2.49257613e+00  -2.07148708e+00
  2.73189087e+00  -2.13854460e+00
  2.98602016e+00  -2.20556814e+00
  3.25573354e+00  -2.27245967e+00
  3.54181104e+00  -2.33910496e+00
  3.84503798e+00  -2.40537314e+00
  4.16619843e+00  -2.47111638e+00
  4.50606724e+00  -2.53616947e+00
  4.86540023e+00  -2.60034959e+00
  5.24492240e+00  -2.66345611e+00
  5.64531356e+00  -2.72527057e+00
  6.06719103e+00  -2.78555698e+00
  6.51108890e+00  -2.84406230e+00
  6.97743279e+00  -2.90051746e+00
  7.46650951e+00  -2.95463879e+00
  7.97842992e+00  -3.00613015e+00
  8.51308344e+00  -3.05468592e+00
  9.07008143e+00  -3.09999489e+00
  9.64868568e+00  -3.14174562e+00
  1.02477160e+01  -3.17963327e+00
  1.08654270e+01  -3.21336868e+00
  1.14993387e+01  -3.24269013e+00
  1.21459887e+01  -3.26737878e+00
  1.28005490e+01  -3.28727950e+00
  1.34561739e+01  -3.30232948e+00
  1.41027479e+01  -3.31260026e+00
  1.47239775e+01  -3.31836618e+00
  1.50986679e+01  -3.31996313e+00
  1.55862419e+01  -3.31998016e+00
  1.60817891e+01  -3.31766497e+00
  1.67167001e+01  -3.31135164e+00
  1.74533982e+01  -3.29944407e+00
  1.82814083e+01  -3.28035841e+00
  1.91971900e+01  -3.25242811e+00
  2.02004556e+01  -3.21383770e+00
  2.12926575e+01  -3.16257302e+00
  2.24762495e+01  -3.09637529e+00
  2.37542405e+01  -3.01269458e+00
  2.51298585e+01  -2.90864035e+00
  2.66062372e+01  -2.78092774e+00
  2.81860722e+01  -2.62581918e+00
  2.98711989e+01  -2.43906203e+00
  3.16620440e+01  -2.21582489e+00
  3.35568972e+01  -1.95063835e+00
  3.55509605e+01  -1.63734795e+00
  3.75640499e+01  -1.28238858e+00
  3.95163944e+01  -8.96877215e-01
  4.13547795e+01  -4.91718878e-01
  4.26302262e+01  -1.83255616e-01
  4.39709136e+01   1.68584288e-01
  4.52329467e+01   5.29225300e-01
  4.67028882e+01   9.91126945e-01
  4.81875418e+01   1.51166290e+00
  4.95470122e+01   2.04464844e+00
  5.06256522e+01   2.51083001e+00
  5.15153553e+01   2.92484661e+00
  5.22682951e+01   3.29306405e+00
  5.29070813e+01   3.61252435e+00
  5.34519043e+01   3.88246710e+00
  5.39260070e+01   4.10640980e+00
  5.43463592e+01   4.28591755e+00
  5.47267869e+01   4.42032482e+00
  5.50863584e+01   4.50588352e+00
  5.52683949e+01   4.52568914e+00
  5.54587852e+01   4.52215243e+00
  5.56361933e+01   4.48882687e+00
  5.58205261e+01   4.41205158e+00
  5.59974758e+01   4.28248283e+00
  5.61444460e+01   4.11875396e+00
  5.62670208e+01   3.93348387e+00
  5.63733377e+01   3.73272765e+00
  5.64791806e+01   3.49696098e+00
  5.65774118e+01   3.25225433e+00
  5.66717442e+01   3.00299305e+00
  5.67654016e+01   2.75132970e+00
  5.68607832e+01   2.49903054e+00
  5.69596542e+01   2.24777642e+00
  5.70632806e+01   1.99924610e+00
  5.71725144e+01   1.75512073e+00
  5.72878525e+01   1.51705006e+00
  5.74094862e+01   1.28660410e+00
  5.75373470e+01   1.06522511e+00
  5.76711548e+01   8.54188150e-01
  5.78104675e+01   6.54573982e-01
  5.79547319e+01   4.67255262e-01
  5.81033364e+01   2.92895323e-01
  5.82191090e+01   1.69020155e-01
  5.83057745e+01   8.26899780e-02
  5.83724849e+01   1.97969655e-02
  5.84541106e+01  -5.31018492e-02
  5.85532832e+01  -1.35876847e-01
  5.86725164e+01  -2.27296243e-01
  5.88034986e+01  -3.17907519e-01
  5.89412413e+01  -4.02466854e-01
  5.90617360e+01  -4.67625729e-01
  5.91768016e+01  -5.22269322e-01
  5.92865144e+01  -5.67494134e-01
  5.93909515e+01  -6.04271615e-01
  5.94900854e+01  -6.33444005e-01
  5.95837041e+01  -6.55755017e-01
  5.96712608e+01  -6.71888931e-01
  5.97515549e+01  -6.82529913e-01
  5.98218524e+01  -6.88461178e-01
  5.98725036e+01  -6.90703637e-01
  5.99286054e+01  -6.91127794e-01
  5.99820659e+01  -6.89441346e-01
  6.00529437e+01  -6.83908438e-01
  6.01344097e+01  -6.72613820e-01
  6.02219149e+01  -6.54100248e-01
  6.03107202e+01  -6.27818596e-01
  6.03963944e+01  -5.94362015e-01
  6.04766178e+01  -5.54701157e-01
  6.05512688e+01  -5.09271291e-01
  6.06212416e+01  -4.57719213e-01
  6.06876946e+01  -3.98846022e-01
  6.07504857e+01  -3.31883774e-01
  6.08033075e+01  -2.64283952e-01
  6.08479381e+01  -1.96220742e-01
  6.08857865e+01  -1.27491668e-01
  6.09173679e+01  -5.89365084e-02
  6.09355475e+01  -1.28037431e-02
  6.09537725e+01   4.05417378e-02
  6.09745801e+01   1.14858325e-01
  6.09920345e+01   1.97660444e-01
  6.10036906e+01   2.77981697e-01
  6.10102636e+01   3.53587212e-01
  6.10124529e+01   4.05946682e-01
  6.10127258e+01   4.63239597e-01
  6.10111181e+01   5.15149485e-01
  6.10065588e+01   5.81634892e-01
  6.09980811e+01   6.57030467e-01
  6.09849191e+01   7.39281749e-01
  6.09663859e+01   8.27328505e-01
  6.09418009e+01   9.20568681e-01
  6.09104433e+01   1.01863486e+00
  6.08715174e+01   1.12127947e+00
  6.08241225e+01   1.22830477e+00
  6.07672231e+01   1.33951284e+00
  6.06996131e+01   1.45466388e+00
  6.06198703e+01   1.57343574e+00
  6.05262922e+01   1.69537925e+00
  6.04207289e+01   1.81568290e+00
  6.03053101e+01   1.93072735e+00
  6.01800154e+01   2.03977821e+00
  6.00451206e+01   2.14178994e+00
  5.99010612e+01   2.23564123e+00
  5.97484953e+01   2.32015796e+00
  5.95883677e+01   2.39416137e+00
  5.94220025e+01   2.45653282e+00
  5.92512500e+01   2.50630519e+00
  5.90787521e+01   2.54279764e+00
  5.89085120e+01   2.56582974e+00
  5.87717364e+01   2.57527159e+00
  5.86298650e+01   2.57669366e+00
  5.85016644e+01   2.57071837e+00
  5.83292173e+01   2.55184423e+00
  5.81264712e+01   2.51367121e+00
  5.78966643e+01   2.44914056e+00
  5.76411289e+01   2.34989868e+00
  5.73604740e+01   2.20554392e+00
  5.70552163e+01   2.00265528e+00
  5.67407752e+01   1.73714139e+00
  5.64425188e+01   1.42319614e+00
  5.61649169e+01   1.06544458e+00
  5.59136140e+01   6.74669482e-01
  5.57344485e+01   3.48950817e-01
  5.56539828e+01   1.87959427e-01
  5.55107364e+01  -1.23665981e-01
  5.53896849e+01  -4.13769177e-01
  5.52445053e+01  -7.95005736e-01
  5.50984901e+01  -1.21183153e+00
  5.49622927e+01  -1.62092794e+00
  5.48296093e+01  -2.02229173e+00
  5.46940237e+01  -2.41631161e+00
  5.45484735e+01  -2.80395025e+00
  5.43848019e+01  -3.18624681e+00
  5.41931546e+01  -3.56388142e+00
  5.39612093e+01  -3.93684073e+00
  5.36732133e+01  -4.30416732e+00
  5.33088188e+01  -4.66374802e+00
  5.28417475e+01  -5.01211431e+00
  5.22471536e+01  -5.34014846e+00
  5.15614151e+01  -5.61798397e+00
  5.07784516e+01  -5.85167357e+00
  4.98922807e+01  -6.04590490e+00
  4.88993975e+01  -6.20388465e+00
  4.78013147e+01  -6.32778661e+00
  4.66088170e+01  -6.41924019e+00
  4.53485065e+01  -6.47999225e+00
  4.42599202e+01  -6.50955875e+00
  4.34313812e+01  -6.52042614e+00
  4.24934557e+01  -6.52235744e+00
  4.15635026e+01  -6.51473849e+00
  4.02861684e+01  -6.49076139e+00
  3.87583364e+01  -6.44422490e+00
  3.70418325e+01  -6.37186362e+00
  3.51910032e+01  -6.27304303e+00
  3.32560196e+01  -6.14921610e+00
  3.12805629e+01  -6.00315431e+00
  2.93005116e+01  -5.83825394e+00
  2.73442673e+01  -5.65806905e+00
  2.54338046e+01  -5.46604744e+00
  2.37854104e+01  -5.28777638e+00
  2.22023325e+01  -5.10555717e+00
  2.06895842e+01  -4.92119468e+00
  1.92499852e+01  -4.73620631e+00
  1.78849804e+01  -4.55189236e+00
  1.65948835e+01  -4.36935262e+00
  1.53790914e+01  -4.18950435e+00
  1.42362681e+01  -4.01310057e+00
  1.31645050e+01  -3.84074797e+00
  1.21614561e+01  -3.67292422e+00
  1.12244539e+01  -3.50999410e+00
  1.03506062e+01  -3.35222457e+00
  9.53687650e+00  -3.19979848e+00
  8.78015040e+00  -3.05282693e+00
  8.07728932e+00  -2.91136047e+00
  7.42517375e+00  -2.77539890e+00
  6.82073717e+00  -2.64490001e+00
  6.26099242e+00  -2.51978721e+00
  5.74305141e+00  -2.39995613e+00
  5.26413954e+00  -2.28528035e+00
  4.82160554e+00  -2.17561634e+00
  4.41292770e+00  -2.07080764e+00
  4.03571713e+00  -1.97068842e+00
  3.68771860e+00  -1.87508646e+00
  3.36680954e+00  -1.78382568e+00
  3.07099756e+00  -1.69672818e+00
  2.79841682e+00  -1.61361598e+00
  2.54732367e+00  -1.53431234e+00
  2.31609157e+00  -1.45864291e+00
  2.10320573e+00  -1.38643658e+00
  1.90725746e+00  -1.31752613e+00
  1.72693844e+00  -1.25174868e+00
  1.56103491e+00  -1.18894610e+00
  1.40842201e+00  -1.12896513e+00
  1.26805819e+00  -1.07165754e+00
  1.13897983e+00  -1.01688010e+00
  1.02029600e+00  -9.64494461e-01
  9.11183497e-01  -9.14367052e-01
  8.10882095e-01  -8.66368795e-01
  7.18690040e-01  -8.20374805e-01
  6.33959781e-01  -7.76263999e-01
  5.56093945e-01  -7.33918621e-01
  4.84541541e-01  -6.93223657e-01
  4.18794375e-01  -6.54066122e-01
  3.58383668e-01  -6.16334172e-01
  3.02876846e-01  -5.79915976e-01
  2.51874466e-01  -5.44698238e-01
  2.05007238e-01  -5.10564217e-01
  1.61933060e-01  -4.77390957e-01
  1.22333944e-01  -4.45045284e-01
  8.59126172e-02  -4.13377730e-01
  5.53329569e-02  -3.85039644e-01
  3.18519635e-02  -3.61951390e-01
  1.53019921e-02  -3.44848274e-01
  5.67965246e-03  -3.34541254e-01
 -9.86089651e-03  -3.17252075e-01
 -2.62403178e-02  -2.98036017e-01
 -4.46157924e-02  -2.75001579e-01
 -6.31868988e-02  -2.49703296e-01
 -8.09714277e-02  -2.22922080e-01
 -9.74543113e-02  -1.94925241e-01
 -1.11875612e-01  -1.66616612e-01
 -1.23993655e-01  -1.38277375e-01
 -1.33964752e-01  -1.09156435e-01
 -1.40699394e-01  -8.30932579e-02
 -1.44559071e-01  -6.22556663e-02
 -1.46695917e-01  -4.51226353e-02
 -1.47723079e-01  -3.13567552e-02
 -1.48018931e-01  -2.39195005e-02
 -1.48120816e-01  -1.30609031e-02
 -1.47872244e-01  -3.24113004e-03
 -1.47163799e-01   8.27396753e-03
 -1.45734645e-01   2.19160577e-02
 -1.43250159e-01   3.78122705e-02
 -1.39576436e-01   5.49103931e-02
 -1.34408618e-01   7.34134208e-02
 -1.27210547e-01   9.38974137e-02
 -1.17241324e-01   1.16879860e-01
 -1.05273696e-01   1.39760199e-01
 -9.07857938e-02   1.63279139e-01
 -7.33732906e-02   1.87636908e-01
 -5.52986693e-02   2.09841477e-01
 -3.66248019e-02   2.30410245e-01
 -1.88216596e-02   2.48308279e-01
 -7.28041746e-03   2.59184157e-01
  7.12021150e-03   2.72074048e-01
  2.21698055e-02   2.84841093e-01
  4.21349696e-02   3.00822927e-01
  6.63393564e-02   3.18955247e-01
  9.50887027e-02   3.39010731e-01
  1.25534711e-01   3.58786032e-01
  1.57807943e-01   3.78370007e-01
  1.92069861e-01   3.97846834e-01
  2.28482807e-01   4.17280509e-01
  2.67213593e-01   4.36720970e-01
  3.08434924e-01   4.56207417e-01
  3.52326642e-01   4.75770631e-01
  3.99076758e-01   4.95434589e-01
  4.48882322e-01   5.15217597e-01
  5.01950191e-01   5.35133091e-01
  5.58497685e-01   5.55190195e-01
  6.18753187e-01   5.75394118e-01
  6.82956656e-01   5.95746415e-01
  7.51360085e-01   6.16245158e-01
  8.24227874e-01   6.36885031e-01
  9.01837127e-01   6.57657368e-01
  9.84477857e-01   6.78550146e-01
  1.07245307e+00   6.99547945e-01
  1.16607875e+00   7.20631872e-01
  1.26568361e+00   7.41779470e-01
  1.37160875e+00   7.62964609e-01
  1.48420705e+00   7.84157358e-01
  1.60384224e+00   8.05323862e-01
  1.73088774e+00   8.26426204e-01
  1.86572507e+00   8.47422281e-01
  2.00874178e+00   8.68265685e-01
  2.16032885e+00   8.88905598e-01
  2.32087746e+00   9.09286722e-01
  2.49077492e+00   9.29349229e-01
  2.67039969e+00   9.49028769e-01
  2.86011524e+00   9.68256534e-01
  3.06026248e+00   9.86959394e-01
  3.27115056e+00   1.00506013e+00
  3.49304551e+00   1.02247781e+00
  3.72615622e+00   1.03912823e+00
  3.97061716e+00   1.05492469e+00
  4.22646671e+00   1.06977882e+00
  4.49361981e+00   1.08360183e+00
  4.77183294e+00   1.09630603e+00
  5.06065825e+00   1.10780683e+00
  5.35938205e+00   1.11802532e+00
  5.66693923e+00   1.12689155e+00
  5.98178891e+00   1.13434888e+00
  6.30172214e+00   1.14035970e+00
  6.62353877e+00   1.14491342e+00
  6.94243640e+00   1.14803794e+00
  7.25062432e+00   1.14981856e+00
  7.45354750e+00   1.15035735e+00
  7.69612362e+00   1.15036823e+00
  7.94228500e+00   1.14969977e+00
  8.25938366e+00   1.14787054e+00
  8.62920629e+00   1.14442132e+00
  9.04723196e+00   1.13890165e+00
  9.51255711e+00   1.13084214e+00
  1.00260928e+01   1.11973551e+00
  1.05898610e+01   1.10502272e+00
  1.12066910e+01   1.08608009e+00
  1.18800765e+01   1.06220626e+00
  1.26141107e+01   1.03260801e+00
  1.34134612e+01   9.96384369e-01
  1.42833687e+01   9.52508326e-01
  1.52296588e+01   8.99805499e-01
  1.62587626e+01   8.36928979e-01
  1.73777426e+01   7.62329244e-01
  1.85943190e+01   6.74217741e-01
  1.99168976e+01   5.70522118e-01
  2.13068394e+01   4.53018897e-01
  2.27159119e+01   3.25268626e-01
  2.41156212e+01   1.89972420e-01
  2.52689309e+01   7.23004600e-02
  2.64332031e+01  -5.21234035e-02
  2.75710005e+01  -1.79180653e-01
  2.90778361e+01  -3.55802969e-01
  3.08595043e+01  -5.77101255e-01
  3.28505179e+01  -8.40840238e-01
  3.48785782e+01  -1.12815643e+00
  3.69421350e+01  -1.44112228e+00
  3.90268283e+01  -1.78023267e+00
  4.11206270e+01  -2.14649678e+00
  4.32196710e+01  -2.54270966e+00
  4.53532412e+01  -2.97921690e+00
  4.70758599e+01  -3.35921192e+00
  4.84859840e+01  -3.68918715e+00
  4.96527881e+01  -3.97352390e+00
  5.06250512e+01  -4.21484051e+00
  5.14396896e+01  -4.41517464e+00
  5.21258585e+01  -4.57652575e+00
  5.27065453e+01  -4.70088991e+00
  5.31990522e+01  -4.79014575e+00
  5.36150182e+01  -4.84618336e+00
  5.39009949e+01  -4.86904754e+00
  5.40814559e+01  -4.87436799e+00
  5.42610025e+01  -4.87061400e+00
  5.45184279e+01  -4.84462588e+00
  5.48155240e+01  -4.77170862e+00
  5.51081035e+01  -4.62896420e+00
  5.53281142e+01  -4.44554822e+00
  5.54968860e+01  -4.23421381e+00
  5.56304241e+01  -4.00364823e+00
  5.57402290e+01  -3.75953703e+00
  5.58437956e+01  -3.47862197e+00
  5.59359929e+01  -3.19082751e+00
  5.60226929e+01  -2.89906670e+00
  5.61087195e+01  -2.60405456e+00
  5.61978825e+01  -2.30632692e+00
  5.62933072e+01  -2.00669422e+00
  5.63976170e+01  -1.70642272e+00
  5.65130115e+01  -1.40726861e+00
  5.66412846e+01  -1.11142172e+00
  5.67838144e+01  -8.21399741e-01
  5.69415509e+01  -5.39921199e-01
  5.71150170e+01  -2.69776199e-01
  5.72057659e+01  -1.42436393e-01
  5.72845262e+01  -3.88204684e-02
  5.74018881e+01   1.04724371e-01
  5.75487187e+01   2.67770808e-01
  5.77298240e+01   4.46371632e-01
  5.79340660e+01   6.21432491e-01
  5.81543970e+01   7.82485148e-01
  5.83467155e+01   9.01737128e-01
  5.85329919e+01   9.99718292e-01
  5.87119758e+01   1.07850162e+00
  5.88825489e+01   1.14010568e+00
  5.90434870e+01   1.18644858e+00
  5.91932492e+01   1.21939464e+00
  5.93295593e+01   1.24082828e+00
  5.94482554e+01   1.25276941e+00
  5.95369211e+01   1.25752882e+00
  5.96002384e+01   1.25870529e+00
  5.96673581e+01   1.25788885e+00
  5.97673038e+01   1.25263424e+00
  5.98891549e+01   1.23943061e+00
  6.00244465e+01   1.21548859e+00
  6.01679847e+01   1.17848848e+00
  6.03153366e+01   1.12662690e+00
  6.04617314e+01   1.05901318e+00
  6.06019325e+01   9.76191829e-01
  6.07312957e+01   8.80065825e-01
  6.08471240e+01   7.72790712e-01
  6.09487751e+01   6.55528782e-01
  6.10366717e+01   5.27869982e-01
  6.11041671e+01   4.02751035e-01
  6.11537138e+01   2.84001223e-01
  6.11888119e+01   1.72563933e-01
  6.12090829e+01   8.59525379e-02
  6.12184110e+01   3.42618993e-02
  6.12285924e+01  -4.26232547e-02
  6.12347024e+01  -1.24248278e-01
  6.12359430e+01  -1.62934336e-01
  6.12354949e+01  -2.33801970e-01
  6.12308592e+01  -3.13102507e-01
  6.12190315e+01  -4.11730860e-01
  6.11973928e+01  -5.23812230e-01
  6.11635263e+01  -6.46451196e-01
  6.11152859e+01  -7.77045181e-01
  6.10509737e+01  -9.12741151e-01
  6.09694151e+01  -1.05053499e+00
  6.08697719e+01  -1.18764387e+00
  6.07549147e+01  -1.31788368e+00
  6.06285417e+01  -1.43705668e+00
  6.04921617e+01  -1.54449136e+00
  6.03473869e+01  -1.63961640e+00
  6.01957656e+01  -1.72209023e+00
  6.00388956e+01  -1.79171304e+00
  5.98785348e+01  -1.84841529e+00
  5.97167424e+01  -1.89228970e+00
  5.95560966e+01  -1.92366310e+00
  5.94001264e+01  -1.94321850e+00
  5.92750551e+01  -1.95147664e+00
  5.91974353e+01  -1.95336928e+00
  5.91000323e+01  -1.95230133e+00
  5.89734252e+01  -1.94525469e+00
  5.88179535e+01  -1.92792984e+00
  5.86415719e+01  -1.89672425e+00
  5.84476863e+01  -1.84812830e+00
  5.82385654e+01  -1.77854050e+00
  5.80161406e+01  -1.68416147e+00
  5.77823844e+01  -1.56094382e+00
  5.75395362e+01  -1.40458423e+00
  5.72902630e+01  -1.21056597e+00
  5.70425344e+01  -9.79135737e-01
  5.68114487e+01  -7.22354388e-01
  5.65975439e+01  -4.42268451e-01
  5.64019863e+01  -1.42547841e-01
  5.62252073e+01   1.72761413e-01
  5.60669055e+01   4.99361197e-01
  5.59260229e+01   8.32988741e-01
  5.58007998e+01   1.16971109e+00
  5.56888813e+01   1.50618872e+00
  5.55874396e+01   1.83986478e+00
  5.54932750e+01   2.16904719e+00
  5.54028552e+01   2.49286398e+00
  5.53122647e+01   2.81108689e+00
  5.52170449e+01   3.12383764e+00
  5.51119080e+01   3.43121420e+00
  5.49903105e+01   3.73288870e+00
  5.48438602e+01   4.02772144e+00
  5.46615194e+01   4.31340311e+00
  5.44285762e+01   4.58610089e+00
  5.41254528e+01   4.84007342e+00
  5.37267880e+01   5.06730020e+00
  5.32392232e+01   5.24688178e+00
  5.27188076e+01   5.36680348e+00
  5.21725475e+01   5.44288924e+00
  5.16728451e+01   5.48275254e+00
  5.12112541e+01   5.50170076e+00
  5.09401455e+01   5.50664671e+00
  5.04818525e+01   5.50672182e+00
  4.99902514e+01   5.49747407e+00
  4.93254414e+01   5.47321000e+00
  4.84974124e+01   5.42901231e+00
  4.74946033e+01   5.36084511e+00
  4.62951258e+01   5.26498905e+00
  4.48714202e+01   5.13787078e+00
  4.31953957e+01   4.97630147e+00
  4.12485328e+01   4.77841296e+00
  3.90396482e+01   4.54555567e+00
  3.66218000e+01   4.28421277e+00
  3.40848857e+01   4.00521715e+00
  3.18255294e+01   3.75383223e+00
  2.96243983e+01   3.50691144e+00
  2.75024360e+01   3.26732750e+00
  2.54728973e+01   3.03695045e+00
  2.35442427e+01   2.81701535e+00
  2.17213854e+01   2.60829198e+00
  2.00065273e+01   2.41119811e+00
  1.83997751e+01   2.22588126e+00
  1.68996216e+01   2.05228129e+00
  1.55033359e+01   1.89017991e+00
  1.42072807e+01   1.73924063e+00
  1.30071728e+01   1.59904102e+00
  1.18982950e+01   1.46909887e+00
  1.08756669e+01   1.34889326e+00
  9.93418091e+00   1.23788134e+00
  9.06870959e+00   1.13551163e+00
  8.27418828e+00   1.04123431e+00
  7.54567790e+00   9.54509145e-01
  6.87841093e+00   8.74811410e-01
  6.26782409e+00   8.01636152e-01
  5.70958002e+00   7.34501170e-01
  5.19958032e+00   6.72948927e-01
  4.73397172e+00   6.16547632e-01
  4.30914695e+00   5.64891663e-01
  3.92174151e+00   5.17601478e-01
  3.56862739e+00   4.74323153e-01
  3.24690458e+00   4.34727624e-01
  2.95389106e+00   3.98509732e-01
  2.68711177e+00   3.65387120e-01
  2.44428693e+00   3.35099046e-01
  2.22332022e+00   3.07405151e-01
  2.02228683e+00   2.82084200e-01
  1.83942181e+00   2.58932835e-01
  1.67310866e+00   2.37764356e-01
  1.52186841e+00   2.18407535e-01
  1.38434917e+00   2.00705477e-01
  1.25931622e+00   1.84514541e-01
  1.14564273e+00   1.69703313e-01
  1.04230098e+00   1.56151641e-01
  9.48354184e-01   1.43749729e-01
  8.62948927e-01   1.32397296e-01
  7.85308078e-01   1.22002787e-01
  7.14724277e-01   1.12482643e-01
  6.50553904e-01   1.03760627e-01
  5.92211527e-01   9.57672007e-02
  5.39164793e-01   8.84389475e-02
  4.90929737e-01   8.17180450e-02
  4.47066481e-01   7.55517778e-02
  4.07175298e-01   6.98920910e-02
  3.70892998e-01   6.46951815e-02
  3.37889644e-01   5.99211228e-02
  3.07865536e-01   5.55335221e-02
  2.80548470e-01   5.14992074e-02
  2.55691232e-01   4.77879405e-02
  2.33069318e-01   4.43721560e-02
  2.12478859e-01   4.12267225e-02
  1.93734724e-01   3.83287254e-02
  1.76668805e-01   3.56572685e-02
  1.61128449e-01   3.31932929e-02
  1.46975035e-01   3.09194131e-02
  1.34082685e-01   2.88197667e-02
  1.22337080e-01   2.68798779e-02
  1.11634401e-01   2.50865337e-02
  1.01880358e-01   2.34276704e-02
  9.29893035e-02   2.18922711e-02
  8.48834424e-02   2.04702721e-02
  7.74921001e-02   1.91524777e-02
  7.07510668e-02   1.79304827e-02
  6.46019997e-02   1.67966022e-02
  5.89918805e-02   1.57438076e-02
  5.38725243e-02   1.47656680e-02
  4.92001328e-02   1.38562975e-02
  4.49348899e-02   1.30103072e-02
  4.10405942e-02   1.22227608e-02
  3.74843262e-02   1.14891353e-02
  3.42361460e-02   1.08052842e-02
  3.12688194e-02   1.01674051e-02
  2.85575690e-02   9.57200917e-03
  2.60798489e-02   9.01589399e-03
  2.38151403e-02   8.49611873e-03
  2.17447653e-02   8.00998142e-03
  1.98517193e-02   7.55499838e-03
  1.81205176e-02   7.12888538e-03
  1.65370572e-02   6.72954061e-03
  1.50884908e-02   6.35502901e-03
  1.37631128e-02   6.00356813e-03
  1.25502556e-02   5.67351513e-03
  1.14401955e-02   5.36335500e-03
  1.04240678e-02   5.07168977e-03
  9.49378846e-03   4.79722866e-03
  8.64198464e-03   4.53877915e-03
  7.86193015e-03   4.29523871e-03
  7.14748767e-03   4.06558736e-03
  6.49305599e-03   3.84888079e-03
  5.89352204e-03   3.64424410e-03
  5.34421743e-03   3.45086603e-03
  4.84087879e-03   3.26799371e-03
  4.37961187e-03   3.09492783e-03
  3.95685877e-03   2.93101816e-03
  3.56936822e-03   2.77565949e-03
  3.21416850e-03   2.62828784e-03
  2.88854282e-03   2.48837695e-03
  2.59000691e-03   2.35543499e-03
  2.31628860e-03   2.22900160e-03
  2.06530922e-03   2.10864494e-03
  1.83516668e-03   1.99395900e-03
  1.62412002e-03   1.88456102e-03
  1.43057531e-03   1.78008888e-03
  1.25307278e-03   1.68019860e-03
  1.09027505e-03   1.58456175e-03
  9.40956302e-04   1.49286271e-03
  8.03992394e-04   1.40479571e-03
  6.78351640e-04   1.32006140e-03
  5.63086260e-04   1.23836284e-03
  4.57324278e-04   1.15940034e-03
  3.60261681e-04   1.08286470e-03
  2.71154541e-04   1.00842773e-03
  1.89310577e-04   9.35728169e-04
  1.21447210e-04   8.71563000e-04
  6.93499887e-05   8.19374470e-04
  3.31851307e-05   7.81356518e-04
  1.66465310e-05   7.63412504e-04
 -2.02408457e-05   7.21959720e-04
 -5.66031593e-05   6.78873591e-04
 -9.77150873e-05   6.26921021e-04
 -1.39414418e-04   5.69770168e-04
 -1.79405360e-04   5.09315314e-04
 -2.16481902e-04   4.46265245e-04
 -2.49011200e-04   3.82550601e-04
 -2.76329990e-04   3.19098622e-04
 -2.98846730e-04   2.54291339e-04
 -3.14732652e-04   1.94129227e-04
 -3.23883994e-04   1.45886519e-04
 -3.28924521e-04   1.06561029e-04
 -3.31368593e-04   7.49716267e-05
 -3.32134741e-04   5.61546016e-05
 -3.32349244e-04   3.14917170e-05
 -3.31752651e-04   8.94388854e-06
 -3.30028097e-04  -1.80709862e-05
 -3.26742357e-04  -4.85511337e-05
 -3.21040669e-04  -8.43429438e-05
 -3.12669275e-04  -1.22739084e-04
 -3.00954410e-04  -1.64199424e-04
 -2.84704710e-04  -2.10012073e-04
 -2.62241859e-04  -2.61400037e-04
 -2.35342048e-04  -3.12494704e-04
 -2.02826558e-04  -3.64982772e-04
 -1.63756623e-04  -4.19364204e-04
 -1.23098721e-04  -4.69075958e-04
 -8.10966304e-05  -5.15122539e-04
 -4.11753218e-05  -5.55073730e-04
 -1.62415031e-05  -5.78487767e-04
  1.60318268e-05  -6.07300729e-04
  4.97826747e-05  -6.35859826e-04
  9.45224200e-05  -6.71584859e-04
  1.48742195e-04  -7.12108410e-04
  2.13126818e-04  -7.56928898e-04
  2.81362705e-04  -8.01168491e-04
  3.53690223e-04  -8.44991070e-04
  4.30482639e-04  -8.88594287e-04
  5.12112331e-04  -9.32127978e-04
  5.98962811e-04  -9.75710601e-04
  6.91432111e-04  -1.01943681e-03
  7.89935949e-04  -1.06338282e-03
  8.94910423e-04  -1.10761022e-03
  1.00681439e-03  -1.15216857e-03
  1.12613163e-03  -1.19709734e-03
  1.25337286e-03  -1.24242728e-03
  1.38907766e-03  -1.28818137e-03
  1.53381631e-03  -1.33437553e-03
  1.68819159e-03  -1.38101913e-03
  1.85284049e-03  -1.42811526e-03
  2.02843597e-03  -1.47566096e-03
  2.21568854e-03  -1.52364731e-03
  2.41534783e-03  -1.57205942e-03
  2.62820410e-03  -1.62087639e-03
  2.85508961e-03  -1.67007122e-03
  3.09687978e-03  -1.71961065e-03
  3.35449428e-03  -1.76945494e-03
  3.62889780e-03  -1.81955770e-03
  3.92110053e-03  -1.86986566e-03
  4.23215829e-03  -1.92031837e-03
  4.56317224e-03  -1.97084794e-03
  4.91528792e-03  -2.02137883e-03
  5.28969371e-03  -2.07182752e-03
  5.68761845e-03  -2.12210227e-03
  6.11032795e-03  -2.17210292e-03
  6.55912043e-03  -2.22172063e-03
  7.03532033e-03  -2.27083776e-03
  7.54027038e-03  -2.31932777e-03
  8.07532150e-03  -2.36705512e-03
  8.64182002e-03  -2.41387543e-03
  9.24109160e-03  -2.45963558e-03
  9.87442126e-03  -2.50417406e-03
  1.05430284e-02  -2.54732150e-03
  1.12480359e-02  -2.58890136e-03
  1.19904313e-02  -2.62873095e-03
  1.27710183e-02  -2.66662276e-03
  1.35903566e-02  -2.70238620e-03
  1.44486841e-02  -2.73582987e-03
  1.53458185e-02  -2.76676442e-03
  1.62810290e-02  -2.79500621e-03
  1.72528656e-02  -2.82038201e-03
  1.82589270e-02  -2.84273490e-03
  1.92955331e-02  -2.86193199e-03
  2.03572413e-02  -2.87787438e-03
  2.14360841e-02  -2.89051063e-03
  2.25202573e-02  -2.89985546e-03
  2.35915482e-02  -2.90601792e-03
  2.46191385e-02  -2.90924927e-03
  2.52163778e-02  -2.90998684e-03
  2.59655826e-02  -2.90978115e-03
  2.68472826e-02  -2.90799453e-03
  2.79578674e-02  -2.90348567e-03
  2.92490745e-02  -2.89525907e-03
  3.07096861e-02  -2.88233387e-03
  3.23397648e-02  -2.86368767e-03
  3.41454649e-02  -2.83821757e-03
  3.61370455e-02  -2.80471042e-03
  3.83280848e-02  -2.76181502e-03
  4.07352158e-02  -2.70801314e-03
  4.33781412e-02  -2.64158759e-03
  4.62798299e-02  -2.56058558e-03
  4.94668571e-02  -2.46277576e-03
  5.29698824e-02  -2.34559687e-03
  5.68242771e-02  -2.20609562e-03
  6.10709273e-02  -2.04085042e-03
  6.57572607e-02  -1.84587644e-03
  7.09385628e-02  -1.61650581e-03
  7.66796861e-02  -1.34723381e-03
  8.27370542e-02  -1.04775739e-03
  8.89933331e-02  -7.23642390e-04
  9.53007121e-02  -3.83210596e-04
  9.97114160e-02  -1.37714690e-04
  1.05000882e-01   1.64125352e-04
  1.10769432e-01   5.01878171e-04
  1.18401439e-01   9.61356878e-04
  1.27660500e-01   1.53629592e-03
  1.38689226e-01   2.24351099e-03
  1.51219969e-01   3.07319372e-03
  1.64838078e-01   4.00264921e-03
  1.79681787e-01   5.04472552e-03
  1.95858087e-01   6.21061089e-03
  2.13486755e-01   7.51277119e-03
  2.32698025e-01   8.96483104e-03
  2.53633771e-01   1.05816970e-02
  2.76448511e-01   1.23796726e-02
  3.01310521e-01   1.43765845e-02
  3.28403043e-01   1.65919200e-02
  3.57925595e-01   1.90469760e-02
  3.90095389e-01   2.17650212e-02
  4.25148872e-01   2.47714717e-02
  4.63343392e-01   2.80940823e-02
  5.04959001e-01   3.17631527e-02
  5.50300412e-01   3.58117524e-02
  5.99699101e-01   4.02759626e-02
  6.53515593e-01   4.51951394e-02
  7.12141916e-01   5.06121975e-02
  7.76004250e-01   5.65739160e-02
  8.45565783e-01   6.31312700e-02
  9.21329775e-01   7.03397857e-02
  1.00384285e+00   7.82599239e-02
  1.09369852e+00   8.69574914e-02
  1.19154098e+00   9.65040821e-02
  1.29806911e+00   1.06977549e-01
  1.41404078e+00   1.18462511e-01
  1.54027743e+00   1.31050884e-01
  1.67766887e+00   1.44842459e-01
  1.82717839e+00   1.59945502e-01
  1.98984814e+00   1.76477394e-01
  2.16680470e+00   1.94565299e-01
  2.35926494e+00   2.14346867e-01
  2.56854207e+00   2.35970962e-01
  2.79605179e+00   2.59598409e-01
  3.04331862e+00   2.85402772e-01
  3.31198219e+00   3.13571126e-01
  3.60380350e+00   3.44304839e-01
  3.92067101e+00   3.77820342e-01
  4.26460633e+00   4.14349863e-01
  4.63776945e+00   4.54142116e-01
  5.04246320e+00   4.97462921e-01
  5.48113668e+00   5.44595706e-01
  5.95638735e+00   5.95841881e-01
  6.47096130e+00   6.51521014e-01
  7.02775136e+00   7.11970767e-01
  7.62979228e+00   7.77546521e-01
  8.28025248e+00   8.48620621e-01
  8.98242146e+00   9.25581125e-01
  9.73969190e+00   1.00882998e+00
  1.05555356e+01   1.09878047e+00
  1.14334714e+01   1.19585377e+00
  1.23770248e+01   1.30047453e+00
  1.33896763e+01   1.41306510e+00
  1.44747971e+01   1.53403838e+00
  1.56355714e+01   1.66378887e+00
  1.68749008e+01   1.80268171e+00
  1.81952911e+01   1.95103936e+00
  1.95987172e+01   2.10912551e+00
  2.10864657e+01   2.27712594e+00
  2.26589532e+01   2.45512577e+00
  2.43155201e+01   2.64308280e+00
  2.60542018e+01   2.84079639e+00
  2.78714837e+01   3.04787160e+00
  2.97620506e+01   3.26367815e+00
  3.17185551e+01   3.48730410e+00
  3.37314484e+01   3.71750418e+00
  3.57866065e+01   3.95237522e+00
  3.78461370e+01   4.18708830e+00
  3.98740302e+01   4.41673970e+00
  4.18217237e+01   4.63464549e+00
  4.36345820e+01   4.83314535e+00
  4.52671744e+01   5.00557124e+00
  4.66976731e+01   5.14815298e+00
  4.79278493e+01   5.26018769e+00
  4.89727978e+01   5.34299322e+00
  4.98512120e+01   5.39898752e+00
  5.04907248e+01   5.42826713e+00
  5.09679838e+01   5.44141911e+00
  5.11674587e+01   5.44415794e+00
  5.15776999e+01   5.44355392e+00
  5.19793545e+01   5.43305282e+00
  5.24369749e+01   5.40556393e+00
  5.29051779e+01   5.35441937e+00
  5.33630095e+01   5.27283521e+00
  5.37990222e+01   5.15308419e+00
  5.42068250e+01   4.98563428e+00
  5.45833644e+01   4.75793114e+00
  5.48784994e+01   4.50426977e+00
  5.51129057e+01   4.23343233e+00
  5.53036818e+01   3.95141571e+00
  5.54803819e+01   3.62950329e+00
  5.56317460e+01   3.30399346e+00
  5.57671455e+01   2.97866430e+00
  5.58941230e+01   2.65471408e+00
  5.60183800e+01   2.33281851e+00
  5.61443278e+01   2.01365143e+00
  5.62754549e+01   1.69815111e+00
  5.64145411e+01   1.38763345e+00
  5.65637734e+01   1.08379706e+00
  5.67248059e+01   7.88659033e-01
  5.68987957e+01   5.04453469e-01
  5.70589350e+01   2.71108834e-01
  5.71598970e+01   1.36453901e-01
  5.72501282e+01   2.35832447e-02
  5.73593673e+01  -1.04277487e-01
  5.75090718e+01  -2.65052546e-01
  5.76934527e+01  -4.42143211e-01
  5.79006481e+01  -6.16266660e-01
  5.81235076e+01  -7.76989197e-01
  5.83186265e+01  -8.96973940e-01
  5.85073424e+01  -9.95815921e-01
  5.86885502e+01  -1.07555839e+00
  5.88612450e+01  -1.13817918e+00
  5.90242978e+01  -1.18555075e+00
  5.91762582e+01  -1.21948774e+00
  5.93149625e+01  -1.24182073e+00
  5.94364938e+01  -1.25451054e+00
  5.95299914e+01  -1.25981154e+00
  5.96001431e+01  -1.26118423e+00
  5.96667522e+01  -1.26037468e+00
  5.97674389e+01  -1.25513615e+00
  5.98903443e+01  -1.24192597e+00
  6.00268879e+01  -1.21792102e+00
  6.01717816e+01  -1.18077509e+00
  6.03204337e+01  -1.12870296e+00
  6.04678616e+01  -1.06092049e+00
  6.06087146e+01  -9.78134000e-01
  6.07385054e+01  -8.82297734e-01
  6.08548651e+01  -7.75405905e-01
  6.09573980e+01  -6.58350023e-01
  6.10466208e+01  -5.30441008e-01
  6.11153286e+01  -4.05195333e-01
  6.11662969e+01  -2.85707408e-01
  6.12027012e+01  -1.73494281e-01
  6.12240662e+01  -8.58008468e-02
  6.12344795e+01  -3.07244187e-02
  6.12452292e+01   4.56571706e-02
  6.12522586e+01   1.29881132e-01
  6.12542337e+01   1.88253385e-01
  6.12535886e+01   2.56454295e-01
  6.12486278e+01   3.38660612e-01
  6.12362182e+01   4.40229061e-01
  6.12137231e+01   5.55360233e-01
  6.11787639e+01   6.80992821e-01
  6.11293053e+01   8.14335009e-01
  6.10637917e+01   9.52451629e-01
  6.09811313e+01   1.09243873e+00
  6.08804537e+01   1.23173301e+00
  6.07630691e+01   1.36582204e+00
  6.06340467e+01   1.48851206e+00
  6.04947124e+01   1.59933228e+00
  6.03466362e+01   1.69770764e+00
  6.01913240e+01   1.78327588e+00
  6.00303488e+01   1.85579612e+00
  5.98654598e+01   1.91514724e+00
  5.96987210e+01   1.96136647e+00
  5.95327248e+01   1.99472548e+00
  5.93710101e+01   2.01585471e+00
  5.92384207e+01   2.02519085e+00
  5.91528731e+01   2.02750659e+00
  5.90485638e+01   2.02646966e+00
  5.89177215e+01   2.01925335e+00
  5.87565539e+01   2.00141271e+00
  5.85734020e+01   1.96919595e+00
  5.83717155e+01   1.91893785e+00
  5.81537447e+01   1.84687437e+00
  5.79213629e+01   1.74903604e+00
  5.76764486e+01   1.62120270e+00
  5.74210990e+01   1.45890553e+00
  5.71577637e+01   1.25748455e+00
  5.68951111e+01   1.01798478e+00
  5.66476899e+01   7.52178856e-01
  5.64157442e+01   4.62261440e-01
  5.61999737e+01   1.51894109e-01
  5.60002451e+01  -1.75014457e-01
  5.58155984e+01  -5.14502057e-01
  5.56442381e+01  -8.62864585e-01
  5.54835873e+01  -1.21692933e+00
  5.53303589e+01  -1.57424553e+00
  5.51806013e+01  -1.93315833e+00
  5.50296746e+01  -2.29275726e+00
  5.48721236e+01  -2.65271365e+00
  5.47014206e+01  -3.01303941e+00
  5.45095587e+01  -3.37380654e+00
  5.42864687e+01  -3.73486145e+00
  5.40192283e+01  -4.09555112e+00
  5.36910275e+01  -4.45445868e+00
  5.32798657e+01  -4.80913327e+00
  5.27570043e+01  -5.15581042e+00
  5.21138554e+01  -5.47688944e+00
  5.13750716e+01  -5.75262133e+00
  5.05331154e+01  -5.98733824e+00
  4.95813475e+01  -6.18430884e+00
  4.85162046e+01  -6.34569286e+00
  4.73402653e+01  -6.47284581e+00
  4.60672270e+01  -6.56677883e+00
  4.47291592e+01  -6.62888357e+00
  4.35969503e+01  -6.65845749e+00
  4.27572163e+01  -6.66909833e+00
  4.17884123e+01  -6.67102366e+00
  4.08294147e+01  -6.66323834e+00
  3.95232618e+01  -6.63892843e+00
  3.79749593e+01  -6.59206957e+00
  3.62512373e+01  -6.51967107e+00
  3.44073075e+01  -6.42128265e+00
  3.24913703e+01  -6.29835787e+00
  3.05440690e+01  -6.15352551e+00
  2.85983745e+01  -5.98998451e+00
  2.66803412e+01  -5.81110093e+00
  2.48101634e+01  -5.62017064e+00
  2.31967095e+01  -5.44242375e+00
  2.14705348e+01  -5.23877319e+00
  2.00006755e+01  -5.05413315e+00
  1.86025515e+01  -4.86860290e+00
  1.72777874e+01  -4.68353032e+00
  1.60264109e+01  -4.50000333e+00
  1.48476164e+01  -4.31893520e+00
  1.37399340e+01  -4.14108108e+00
  1.27013765e+01  -3.96705458e+00
  1.17295646e+01  -3.79734382e+00
  1.08218334e+01  -3.63232670e+00
  9.97532114e+00  -3.47228506e+00
  9.18704316e+00  -3.31741774e+00
  8.45395282e+00  -3.16785241e+00
  7.77299056e+00  -3.02365624e+00
  7.14112339e+00  -2.88484546e+00
  6.55537588e+00  -2.75139375e+00
  6.01285395e+00  -2.62323966e+00
  5.51076285e+00  -2.50029312e+00
  5.04641997e+00  -2.38244101e+00
  4.61726365e+00  -2.26955204e+00
  4.22085857e+00  -2.16148092e+00
  3.85489845e+00  -2.05807188e+00
  3.51720646e+00  -1.95916168e+00
  3.20573406e+00  -1.86458212e+00
  2.91855836e+00  -1.77416214e+00
  2.65387854e+00  -1.68772957e+00
  2.41001147e+00  -1.60511252e+00
  2.18538685e+00  -1.52614050e+00
  1.97854193e+00  -1.45064535e+00
  1.78811608e+00  -1.37846191e+00
  1.61284524e+00  -1.30942850e+00
  1.45155635e+00  -1.24338729e+00
  1.30316188e+00  -1.18018450e+00
  1.16665447e+00  -1.11967047e+00
  1.04110171e+00  -1.06169965e+00
  9.25641143e-01  -1.00613040e+00
  8.19475470e-01  -9.52824829e-01
  7.21867956e-01  -9.01648344e-01
  6.32138073e-01  -8.52469225e-01
  5.49657360e-01  -8.05157966e-01
  4.73845484e-01  -7.59586474e-01
  4.04166501e-01  -7.15627011e-01
  3.40125276e-01  -6.73150820e-01
  2.81264026e-01  -6.32026271e-01
  2.27158928e-01  -5.92116325e-01
  1.77416685e-01  -5.53274916e-01
  1.31670882e-01  -5.15341622e-01
  8.48613168e-02  -4.73803896e-01
  5.26962461e-02  -4.43278674e-01
  2.80892246e-02  -4.18586641e-01
  1.62097163e-02  -4.06181464e-01
  2.51869378e-03  -3.91441433e-01
 -1.24500022e-02  -3.74719535e-01
 -3.19046879e-02  -3.51894372e-01
 -5.37329202e-02  -3.24512700e-01
 -7.57430456e-02  -2.94485250e-01
 -9.67934730e-02  -2.62711243e-01
 -1.16288201e-01  -2.29484190e-01
 -1.33299283e-01  -1.95931764e-01
 -1.47589479e-01  -1.62291763e-01
 -1.59331706e-01  -1.27664732e-01
 -1.67129917e-01  -9.71007801e-02
 -1.71592950e-01  -7.26561864e-02
 -1.74060056e-01  -5.25244693e-02
 -1.75236026e-01  -3.63854732e-02
 -1.75538640e-01  -2.88169092e-02
 -1.75680687e-01  -2.12757415e-02
 -1.75586803e-01  -9.70820559e-03
 -1.74956890e-01   4.39160988e-03
 -1.73777190e-01   1.82706175e-02
 -1.71382289e-01   3.64369967e-02
 -1.67690903e-01   5.60756489e-02
 -1.62407407e-01   7.72372713e-02
 -1.55044976e-01   1.00384514e-01
 -1.44650679e-01   1.26627125e-01
 -1.31573535e-01   1.53728307e-01
 -1.15791023e-01   1.81246159e-01
 -9.67205596e-02   2.09725526e-01
 -7.41110434e-02   2.39016857e-01
 -5.13021260e-02   2.65140479e-01
 -2.98381816e-02   2.87401441e-01
 -1.26935838e-02   3.03901457e-01
  3.46712029e-03   3.18584744e-01
  1.81992832e-02   3.31331505e-01
  3.97705182e-02   3.49039656e-01
  6.64368591e-02   3.69579814e-01
  9.82802818e-02   3.92461302e-01
  1.33628233e-01   4.16107949e-01
  1.70980687e-01   4.39418373e-01
  2.10616558e-01   4.62564441e-01
  2.52721232e-01   4.85626925e-01
  2.97489513e-01   5.08670974e-01
  3.45122084e-01   5.31747321e-01
  3.95827381e-01   5.54895660e-01
  4.49822843e-01   5.78146843e-01
  5.07335991e-01   6.01524425e-01
  5.68605336e-01   6.25045751e-01
  6.33881159e-01   6.48722718e-01
  7.03426201e-01   6.72562308e-01
  7.77516244e-01   6.96566951e-01
  8.56440613e-01   7.20734759e-01
  9.40502580e-01   7.45059666e-01
  1.03001966e+00   7.69531489e-01
  1.12532378e+00   7.94135934e-01
  1.22676136e+00   8.18854550e-01
  1.33469313e+00   8.43664655e-01
  1.44949385e+00   8.68539223e-01
  1.57155177e+00   8.93446759e-01
  1.70126777e+00   9.18351152e-01
  1.83905421e+00   9.43211521e-01
  1.98533341e+00   9.67982062e-01
  2.14053560e+00   9.92611897e-01
  2.30509633e+00   1.01704494e+00
  2.47945329e+00   1.04121976e+00
  2.66404216e+00   1.06506954e+00
  2.85929172e+00   1.08852201e+00
  3.06561762e+00   1.11149945e+00
  3.28341489e+00   1.13391884e+00
  3.51304866e+00   1.15569201e+00
  3.75484290e+00   1.17672597e+00
  4.00906654e+00   1.19692342e+00
  4.27591634e+00   1.21618335e+00
  4.55549574e+00   1.23440199e+00
  4.84778827e+00   1.25147399e+00
  5.15262392e+00   1.26729399e+00
  5.46963576e+00   1.28175864e+00
  5.79820265e+00   1.29476920e+00
  6.13737162e+00   1.30623492e+00
  6.48574808e+00   1.31607737e+00
  6.84133290e+00   1.32423620e+00
  7.20126285e+00   1.33067683e+00
  7.56135627e+00   1.33540129e+00
  7.91519908e+00   1.33846455e+00
  8.21726572e+00   1.33990463e+00
  8.42316339e+00   1.34029190e+00
  8.66074409e+00   1.34016079e+00
  8.95266129e+00   1.33917970e+00
  9.31783176e+00   1.33672821e+00
  9.74049031e+00   1.33226655e+00
  1.02164238e+01   1.32525769e+00
  1.07449577e+01   1.31513707e+00
  1.13272425e+01   1.30129170e+00
  1.19655704e+01   1.28304395e+00
  1.26630692e+01   1.25963640e+00
  1.34235540e+01   1.23021610e+00
  1.42514530e+01   1.19381751e+00
  1.51517726e+01   1.14934327e+00
  1.61300815e+01   1.09554206e+00
  1.71925057e+01   1.03098291e+00
  1.83457247e+01   9.54024856e-01
  1.95969652e+01   8.62780812e-01
  2.09539845e+01   7.55074015e-01
  2.24250388e+01   6.28384601e-01
  2.39381589e+01   4.87583811e-01
  2.54606548e+01   3.35371726e-01
  2.69540017e+01   1.75894770e-01
  2.79447866e+01   6.45256637e-02
  2.91449163e+01  -7.63538378e-02
  3.04199564e+01  -2.33287403e-01
  3.20587098e+01  -4.46204432e-01
  3.39748425e+01  -7.11721286e-01
  3.60395163e+01  -1.01889776e+00
  3.81254003e+01  -1.35313241e+00
  4.02276573e+01  -1.71669802e+00
  4.23379207e+01  -2.11182708e+00
  4.44680038e+01  -2.54549954e+00
  4.64331249e+01  -2.98077843e+00
  4.80042294e+01  -3.35523029e+00
  4.92936097e+01  -3.67977240e+00
  5.03648314e+01  -3.95865195e+00
  5.12623134e+01  -4.19434720e+00
  5.20196395e+01  -4.38884383e+00
  5.26631612e+01  -4.54408035e+00
  5.32132425e+01  -4.66189372e+00
  5.36846111e+01  -4.74394527e+00
  5.40860440e+01  -4.79201857e+00
  5.43197639e+01  -4.80674310e+00
  5.45923596e+01  -4.80708824e+00
  5.48511746e+01  -4.78526532e+00
  5.51694433e+01  -4.71737435e+00
  5.54826373e+01  -4.58674045e+00
  5.57295965e+01  -4.41865466e+00
  5.59294431e+01  -4.22450999e+00
  5.60960827e+01  -4.01243276e+00
  5.62395250e+01  -3.78818909e+00
  5.63811915e+01  -3.52833752e+00
  5.65101798e+01  -3.26284083e+00
  5.66311404e+01  -2.99632520e+00
  5.67481139e+01  -2.73093936e+00
  5.68640399e+01  -2.46835599e+00
  5.69810181e+01  -2.21008398e+00
  5.71005099e+01  -1.95756224e+00
  5.72234734e+01  -1.71217818e+00
  5.73504609e+01  -1.47524940e+00
  5.74816956e+01  -1.24799059e+00
  5.76171377e+01  -1.03147976e+00
  5.77565455e+01  -8.26631203e-01
  5.78995315e+01  -6.34178743e-01
  5.80456175e+01  -4.54670042e-01
  5.81942848e+01  -2.88471104e-01
  5.83101211e+01  -1.69771377e-01
  5.83989704e+01  -8.48148431e-02
  5.84696465e+01  -2.08768112e-02
  5.85508229e+01   4.86901751e-02
  5.86460589e+01   1.25166451e-01
  5.87600657e+01   2.09608342e-01
  5.88848275e+01   2.93356149e-01
  5.90155238e+01   3.71571017e-01
  5.91295913e+01   4.31967052e-01
  5.92382463e+01   4.82695549e-01
  5.93416578e+01   5.24777924e-01
  5.94399855e+01   5.59112618e-01
  5.95332861e+01   5.86471990e-01
  5.96214439e+01   6.07530416e-01
  5.97040384e+01   6.22899053e-01
  5.97800613e+01   6.33178396e-01
  5.98471652e+01   6.39047878e-01
  5.98977024e+01   6.41405747e-01
  5.99497004e+01   6.41908821e-01
  5.99977131e+01   6.40573710e-01
  6.00632804e+01   6.35825292e-01
  6.01393068e+01   6.25827635e-01
  6.02212423e+01   6.09195578e-01
  6.03043555e+01   5.85452290e-01
  6.03843738e+01   5.55211006e-01
  6.04592826e+01   5.19358153e-01
  6.05291737e+01   4.78220114e-01
  6.05950136e+01   4.31387514e-01
  6.06579836e+01   3.77662694e-01
  6.07181417e+01   3.16083006e-01
  6.07692842e+01   2.53518931e-01
  6.08130219e+01   1.90086794e-01
  6.08506681e+01   1.25485094e-01
  6.08826887e+01   6.02930470e-02
  6.08991818e+01   2.16319238e-02
  6.09208187e+01  -3.64522574e-02
  6.09430235e+01  -1.08969837e-01
  6.09619336e+01  -1.88914933e-01
  6.09753024e+01  -2.67017994e-01
  6.09837373e+01  -3.41508373e-01
  6.09877197e+01  -4.02699509e-01
  6.09889398e+01  -4.41904261e-01
  6.09890096e+01  -4.94039356e-01
  6.09874346e+01  -5.44602445e-01
  6.09832241e+01  -6.08231914e-01
  6.09755482e+01  -6.80258972e-01
  6.09637209e+01  -7.58979317e-01
  6.09471066e+01  -8.43533562e-01
  6.09250634e+01  -9.33455605e-01
  6.08969063e+01  -1.02848323e+00
  6.08618772e+01  -1.12846166e+00
  6.08191193e+01  -1.23328509e+00
  6.07676491e+01  -1.34285530e+00
  6.07063243e+01  -1.45704700e+00
  6.06338024e+01  -1.57567442e+00
  6.05484834e+01  -1.69845470e+00
  6.04495478e+01  -1.82363317e+00
  6.03407241e+01  -1.94470459e+00
  6.02216913e+01  -2.06114297e+00
  6.00925365e+01  -2.17188812e+00
  5.99534632e+01  -2.27578986e+00
  5.98048557e+01  -2.37160691e+00
  5.96473304e+01  -2.45804327e+00
  5.94818051e+01  -2.53379636e+00
  5.93096015e+01  -2.59762491e+00
  5.91326086e+01  -2.64844704e+00
  5.89535844e+01  -2.68548753e+00
  5.87768120e+01  -2.70851656e+00
  5.86387643e+01  -2.71742863e+00
  5.84926889e+01  -2.71837185e+00
  5.83536289e+01  -2.71126039e+00
  5.81691730e+01  -2.68985553e+00
  5.79521868e+01  -2.64719576e+00
  5.77052539e+01  -2.57541366e+00
  5.74289585e+01  -2.46503020e+00
  5.71229815e+01  -2.30409748e+00
  5.67867408e+01  -2.07720122e+00
  5.64499032e+01  -1.79263181e+00
  5.61265204e+01  -1.45983562e+00
  5.58220181e+01  -1.08764139e+00
  5.55398877e+01  -6.88044615e-01
  5.53181327e+01  -3.36329315e-01
  5.51749265e+01  -9.24761964e-02
  5.50068585e+01   2.08407890e-01
  5.48093462e+01   5.77595270e-01
  5.45826217e+01   1.01183250e+00
  5.43532534e+01   1.44778441e+00
  5.41126438e+01   1.88564268e+00
  5.38510984e+01   2.32593801e+00
  5.35570783e+01   2.76960993e+00
  5.32164045e+01   3.21777110e+00
  5.28111933e+01   3.67147329e+00
  5.23184187e+01   4.13148235e+00
  5.17079171e+01   4.59805163e+00
  5.09394716e+01   5.07068007e+00
  4.99898788e+01   5.53411440e+00
  4.88731846e+01   5.96373370e+00
  4.75694480e+01   6.35767858e+00
  4.60661882e+01   6.71156042e+00
  4.43689465e+01   7.01849154e+00
  4.25147773e+01   7.27052505e+00
  4.07915756e+01   7.44409161e+00
  3.91315802e+01   7.56610460e+00
  3.75850979e+01   7.64559337e+00
  3.61984145e+01   7.69199378e+00
  3.50416546e+01   7.71425156e+00
  3.45155948e+01   7.71970547e+00
  3.38626869e+01   7.72257211e+00
  3.30847536e+01   7.72050961e+00
  3.19840617e+01   7.70775968e+00
  3.06494726e+01   7.67742150e+00
  2.91773428e+01   7.62574516e+00
  2.76251074e+01   7.55122279e+00
  2.60322879e+01   7.45386375e+00
  2.44283429e+01   7.33470869e+00
  2.28359869e+01   7.19547511e+00
  2.12728932e+01   7.03829382e+00
  1.97527263e+01   6.86551346e+00
  1.82858559e+01   6.67955692e+00
  1.68799039e+01   6.48281784e+00
  1.56808719e+01   6.29998445e+00
  1.44135231e+01   6.09076469e+00
  1.33403496e+01   5.89992453e+00
  1.23260570e+01   5.70718915e+00
  1.13700619e+01   5.51369387e+00
  1.04709682e+01   5.32037690e+00
  9.62704680e+00   5.12805245e+00
  8.83631788e+00   4.93741896e+00
  8.09662088e+00   4.74906816e+00
  7.40567348e+00   4.56349418e+00
  6.76112049e+00   4.38110266e+00
  6.16057413e+00   4.20221944e+00
  5.60164674e+00   4.02709884e+00
  5.08197711e+00   3.85593139e+00
  4.59925125e+00   3.68885090e+00
  4.15121845e+00   3.52594087e+00
  3.73570340e+00   3.36724031e+00
  3.35061497e+00   3.21274879e+00
  2.99395218e+00   3.06243084e+00
  2.66380788e+00   2.91621967e+00
  2.35837054e+00   2.77402022e+00
  2.07592444e+00   2.63571140e+00
  1.81484865e+00   2.50114759e+00
  1.57361484e+00   2.37015929e+00
  1.35078436e+00   2.24255268e+00
  1.14500440e+00   2.11810790e+00
  9.55003522e-01   1.99657561e+00
  7.79586386e-01   1.87767125e+00
  6.17627487e-01   1.76106564e+00
  4.68063520e-01   1.64637037e+00
  3.14838420e-01   1.52029347e+00
  2.01143641e-01   1.41981585e+00
  1.13671137e-01   1.33757781e+00
  5.41205851e-02   1.27867370e+00
  1.21647279e-02   1.23554256e+00
 -4.06122546e-02   1.17911613e+00
 -1.04077050e-01   1.10756735e+00
 -1.75178966e-01   1.02161508e+00
 -2.47008141e-01   9.26870259e-01
 -3.15916039e-01   8.25926877e-01
 -3.80010522e-01   7.19414753e-01
 -4.36272989e-01   6.10538725e-01
 -4.83746560e-01   4.99854859e-01
 -5.22690299e-01   3.84287244e-01
 -5.45914739e-01   2.91786324e-01
 -5.59571955e-01   2.16160745e-01
 -5.67279133e-01   1.52737414e-01
 -5.70991611e-01   1.01288124e-01
 -5.71974819e-01   7.60127195e-02
 -5.72320023e-01   5.92177071e-02
 -5.72129561e-01   1.84718286e-02
 -5.70232859e-01  -2.62552195e-02
 -5.65925867e-01  -7.69665358e-02
 -5.57905437e-01  -1.36546582e-01
 -5.45504736e-01  -2.01346584e-01
 -5.27589220e-01  -2.71870240e-01
 -5.02265961e-01  -3.50015057e-01
 -4.65720241e-01  -4.40262194e-01
 -4.21473610e-01  -5.29947162e-01
 -3.67564771e-01  -6.22105802e-01
 -3.02464383e-01  -7.17556336e-01
 -2.26230458e-01  -8.14714311e-01
 -1.54380306e-01  -8.96120465e-01
 -8.53111665e-02  -9.67413944e-01
 -3.33307585e-02  -1.01744611e+00
  2.38881194e-02  -1.06949990e+00
  8.04044520e-02  -1.11822553e+00
  1.56639033e-01  -1.18030459e+00
  2.49449359e-01  -1.25105826e+00
  3.59882181e-01  -1.32945852e+00
  4.77690740e-01  -1.40729914e+00
  6.02562125e-01  -1.48432253e+00
  7.35126815e-01  -1.56085565e+00
  8.75971389e-01  -1.63711753e+00
  1.02569782e+00  -1.71327347e+00
  1.18492459e+00  -1.78944538e+00
  1.35428995e+00  -1.86572007e+00
  1.53445403e+00  -1.94215497e+00
  1.72610028e+00  -2.01878202e+00
  1.92993623e+00  -2.09561031e+00
  2.14669360e+00  -2.17262787e+00
  2.37712780e+00  -2.24980276e+00
  2.62201682e+00  -2.32708374e+00
  2.88215930e+00  -2.40440050e+00
  3.15837188e+00  -2.48166374e+00
  3.45148559e+00  -2.55876498e+00
  3.76234120e+00  -2.63557623e+00
  4.09178334e+00  -2.71194966e+00
  4.44065320e+00  -2.78771712e+00
  4.80977953e+00  -2.86268978e+00
  5.19996775e+00  -2.93665781e+00
  5.61198669e+00  -3.00939015e+00
  6.04655266e+00  -3.08063451e+00
  6.50431023e+00  -3.15011768e+00
  6.98580921e+00  -3.21754611e+00
  7.49147682e+00  -3.28260704e+00
  8.02158416e+00  -3.34497026e+00
  8.57620541e+00  -3.40429055e+00
  9.15516788e+00  -3.46021119e+00
  9.75798989e+00  -3.51236866e+00
  1.03838025e+01  -3.56039886e+00
  1.10312484e+01  -3.60394538e+00
  1.16983470e+01  -3.64267022e+00
  1.23823078e+01  -3.67626782e+00
  1.30792583e+01  -3.70448369e+00
  1.37838173e+01  -3.72713927e+00
  1.44883659e+01  -3.74416647e+00
  1.51816235e+01  -3.75565872e+00
  1.58452710e+01  -3.76195492e+00
  1.61541041e+01  -3.76336014e+00
  1.66934931e+01  -3.76354709e+00
  1.72139686e+01  -3.76104882e+00
  1.78877126e+01  -3.75400025e+00
  1.86709403e+01  -3.74052875e+00
  1.95514836e+01  -3.71878319e+00
  2.05249370e+01  -3.68681803e+00
  2.15904499e+01  -3.64251390e+00
  2.27490053e+01  -3.58351855e+00
  2.40025739e+01  -3.50719279e+00
  2.53535902e+01  -3.41055601e+00
  2.68045445e+01  -3.29022887e+00
  2.83575889e+01  -3.14237211e+00
  3.00140908e+01  -2.96262221e+00
  3.17740734e+01  -2.74602729e+00
  3.36354767e+01  -2.48699170e+00
  3.55931661e+01  -2.17924593e+00
  3.76376674e+01  -1.81586382e+00
  3.96752346e+01  -1.40616263e+00
  4.16268284e+01  -9.62893483e-01
  4.34291529e+01  -5.01940982e-01
  4.45059042e+01  -1.99108759e-01
  4.57638472e+01   1.84744110e-01
  4.69135295e+01   5.67962426e-01
  4.82126009e+01   1.04424326e+00
  4.95016144e+01   1.56951454e+00
  5.06031578e+01   2.06529838e+00
  5.15141071e+01   2.50914892e+00
  5.22879625e+01   2.90745938e+00
  5.29614781e+01   3.26388488e+00
  5.35502615e+01   3.57426799e+00
  5.40655457e+01   3.83476793e+00
  5.45278190e+01   4.04820857e+00
  5.49533514e+01   4.21484154e+00
  5.53612344e+01   4.33186077e+00
  5.54961129e+01   4.35784411e+00
  5.56508787e+01   4.37785516e+00
  5.58741392e+01   4.38476526e+00
  5.60658668e+01   4.36564321e+00
  5.63020491e+01   4.30266564e+00
  5.65564989e+01   4.17460153e+00
  5.67489544e+01   4.02793024e+00
  5.69174006e+01   3.85997155e+00
  5.70680595e+01   3.67727569e+00
  5.72055380e+01   3.48482554e+00
  5.73332278e+01   3.28652736e+00
  5.74536335e+01   3.08549208e+00
  5.75685959e+01   2.88423001e+00
  5.76794496e+01   2.68478555e+00
  5.77871394e+01   2.48883011e+00
  5.78923097e+01   2.29772644e+00
  5.79953738e+01   2.11257426e+00
  5.80965693e+01   1.93424432e+00
  5.81960035e+01   1.76340542e+00
  5.82936893e+01   1.60054759e+00
  5.83895753e+01   1.44600295e+00
  5.84835691e+01   1.29996525e+00
  5.85755566e+01   1.16250833e+00
  5.86654161e+01   1.03360361e+00
  5.87530294e+01   9.13136517e-01
  5.88382899e+01   8.00921761e-01
  5.89211083e+01   6.96717273e-01
  5.90014156e+01   6.00236824e-01
  5.90791655e+01   5.11161232e-01
  5.91543355e+01   4.29148203e-01
  5.92269264e+01   3.53840838e-01
  5.92969624e+01   2.84874897e-01
  5.93644906e+01   2.21884912e-01
  5.94295801e+01   1.64509257e-01
  5.94923227e+01   1.12394315e-01
  5.95458703e+01   7.04723466e-02
  5.95884152e+01   3.88945358e-02
  5.96160656e+01   1.92154740e-02
  5.96410495e+01   2.01897899e-03
  5.96659148e+01  -1.45338446e-02
  5.97020415e+01  -3.75604646e-02
  5.97448976e+01  -6.32561450e-02
  5.97908334e+01  -8.87665120e-02
  5.98378743e+01  -1.12604175e-01
  5.98779711e+01  -1.30998528e-01
  5.99155596e+01  -1.46544553e-01
  5.99508808e+01  -1.59572601e-01
  5.99841546e+01  -1.70365273e-01
  6.00155570e+01  -1.79156825e-01
  6.00452099e+01  -1.86141538e-01
  6.00731560e+01  -1.91481670e-01
  6.00992972e+01  -1.95317692e-01
  6.01232379e+01  -1.97786585e-01
  6.01437682e+01  -1.99060674e-01
  6.01558175e+01  -1.99427474e-01
  6.01744786e+01  -1.99412185e-01
  6.01937321e+01  -1.98615836e-01
  6.02178295e+01  -1.96427308e-01
  6.02446362e+01  -1.92307942e-01
  6.02718283e+01  -1.86134692e-01
  6.02976132e+01  -1.78215320e-01
  6.03216166e+01  -1.68817129e-01
  6.03442391e+01  -1.57945104e-01
  6.03660259e+01  -1.45380393e-01
  6.03875494e+01  -1.30658850e-01
  6.04095498e+01  -1.12855479e-01
  6.04291928e+01  -9.41856813e-02
  6.04470310e+01  -7.45270192e-02
  6.04635969e+01  -5.35004338e-02
  6.04792619e+01  -3.06296274e-02
  6.04945564e+01  -4.81536336e-03
  6.05074041e+01   2.02385590e-02
  6.05188633e+01   4.59303787e-02
  6.05302022e+01   7.54509361e-02
  6.05399056e+01   1.05130914e-01
  6.05481060e+01   1.34717352e-01
  6.05549999e+01   1.64260895e-01
  6.05607361e+01   1.93792942e-01
  6.05654262e+01   2.23299409e-01
  6.05691576e+01   2.52706499e-01
  6.05720043e+01   2.81865637e-01
  6.05740367e+01   3.10525370e-01
  6.05753308e+01   3.38270788e-01
  6.05759373e+01   3.61617277e-01
  6.05760908e+01   3.74346829e-01
  6.05760860e+01   3.94746494e-01
  6.05757709e+01   4.15703111e-01
  6.05749371e+01   4.42308926e-01
  6.05733997e+01   4.73006350e-01
  6.05709872e+01   5.07332740e-01
  6.05675282e+01   5.45131547e-01
  6.05628430e+01   5.86398314e-01
  6.05567369e+01   6.31219828e-01
  6.05489953e+01   6.79746921e-01
  6.05393776e+01   7.32181192e-01
  6.05276117e+01   7.88768505e-01
  6.05133871e+01   8.49796194e-01
  6.04963466e+01   9.15592588e-01
  6.04760764e+01   9.86528203e-01
  6.04520937e+01   1.06301840e+00
  6.04238303e+01   1.14552760e+00
  6.03906112e+01   1.23457559e+00
  6.03516242e+01   1.33074700e+00
  6.03062054e+01   1.43399027e+00
  6.02552644e+01   1.54091557e+00
  6.01983076e+01   1.65155567e+00
  6.01349311e+01   1.76562032e+00
  6.00647158e+01   1.88273579e+00
  5.99872396e+01   2.00241453e+00
  5.99020837e+01   2.12404226e+00
  5.98088398e+01   2.24686386e+00
  5.97071205e+01   2.36996982e+00
  5.95965710e+01   2.49228413e+00
  5.94768848e+01   2.61255471e+00
  5.93478243e+01   2.72934792e+00
  5.92092469e+01   2.84104931e+00
  5.90611419e+01   2.94587325e+00
  5.89036821e+01   3.04188566e+00
  5.87373026e+01   3.12704586e+00
  5.85628297e+01   3.19927783e+00
  5.83817143e+01   3.25659089e+00
  5.81965151e+01   3.29729264e+00
  5.80121160e+01   3.32040816e+00
  5.78998503e+01   3.32617212e+00
  5.77529453e+01   3.32438565e+00
  5.75743490e+01   3.30817576e+00
  5.73380639e+01   3.26340228e+00
  5.70414491e+01   3.17006419e+00
  5.66776456e+01   2.99963828e+00
  5.62912092e+01   2.75134747e+00
  5.58796741e+01   2.41104089e+00
  5.54657254e+01   1.99150819e+00
  5.50815929e+01   1.53796273e+00
  5.47337866e+01   1.08286610e+00
  5.44167069e+01   6.42557945e-01
  5.41577694e+01   2.74390357e-01
  5.38858870e+01  -1.11472399e-01
  5.36301329e+01  -4.66638035e-01
  5.32696970e+01  -9.44324475e-01
  5.28699123e+01  -1.43408326e+00
  5.24155120e+01  -1.93590423e+00
  5.18865500e+01  -2.45118901e+00
  5.12575297e+01  -2.98168755e+00
  5.04949160e+01  -3.52947880e+00
  4.95532610e+01  -4.09684746e+00
  4.83681529e+01  -4.68628625e+00
  4.69011696e+01  -5.27919157e+00
  4.51878609e+01  -5.83592532e+00
  4.32347754e+01  -6.34189482e+00
  4.10957610e+01  -6.77863220e+00
  3.91436134e+01  -7.09306977e+00
  3.72540856e+01  -7.33413677e+00
  3.54629644e+01  -7.51278991e+00
  3.37931449e+01  -7.64014195e+00
  3.22625824e+01  -7.72625805e+00
  3.08907057e+01  -7.78001725e+00
  2.97093653e+01  -7.80931301e+00
  2.88100047e+01  -7.82137437e+00
  2.83357409e+01  -7.82423128e+00
  2.74571862e+01  -7.82321074e+00
  2.64882606e+01  -7.81267128e+00
  2.53210631e+01  -7.78697993e+00
  2.40404999e+01  -7.74253246e+00
  2.26978287e+01  -7.67763065e+00
  2.13271074e+01  -7.59187040e+00
  1.99529015e+01  -7.48575649e+00
  1.85936388e+01  -7.36042424e+00
  1.72633250e+01  -7.21742823e+00
  1.59725631e+01  -7.05857995e+00
  1.47292354e+01  -6.88582331e+00
  1.35390058e+01  -6.70114041e+00
  1.24057144e+01  -6.50648151e+00
  1.14427537e+01  -6.32554991e+00
  1.04306570e+01  -6.11871754e+00
  9.57452614e+00  -5.92925996e+00
  8.76731213e+00  -5.73732503e+00
  8.00795634e+00  -5.54386702e+00
  7.29487983e+00  -5.34967421e+00
  6.62632990e+00  -5.15543384e+00
  6.00043125e+00  -4.96173692e+00
  5.41522922e+00  -4.76908364e+00
  4.86872544e+00  -4.57788880e+00
  4.35890699e+00  -4.38848716e+00
  3.88376992e+00  -4.20113819e+00
  3.44133783e+00  -4.01603039e+00
  3.02967637e+00  -3.83328458e+00
  2.64690398e+00  -3.65295615e+00
  2.29119962e+00  -3.47503588e+00
  1.96080754e+00  -3.29944882e+00
  1.65403957e+00  -3.12605068e+00
  1.36927488e+00  -2.95462057e+00
  1.07531054e+00  -2.76508364e+00
  8.32131290e-01  -2.59671088e+00
  5.82612691e-01  -2.41063113e+00
  3.82166496e-01  -2.24916458e+00
  2.27795736e-01  -2.11588994e+00
  1.13184372e-01  -2.01092069e+00
  2.83261475e-02  -1.92934665e+00
 -6.49913719e-02  -1.83527579e+00
 -1.68348349e-01  -1.72486751e+00
 -2.84329832e-01  -1.59155132e+00
 -4.02003008e-01  -1.44335386e+00
 -5.15546336e-01  -1.28376490e+00
 -6.22030319e-01  -1.11291323e+00
 -7.16571279e-01  -9.34650942e-01
 -7.96999743e-01  -7.49201575e-01
 -8.55508443e-01  -5.76313517e-01
 -8.91178595e-01  -4.36476671e-01
 -9.13195706e-01  -3.18140347e-01
