  0.00000000e+00   3.50000000e+01   0.00000000e+00   0.00000000e+00   2.37018411e-01    2.80888636e-02   -1.12795479e+00   -1.09986593e+00
  3.15805063e+00   3.49637327e+01   3.55404760e-01  -4.83718416e-02   2.36772569e-01    2.92005422e-02   -1.12906647e+00   -1.09986593e+00
  7.00423582e+00   3.46492908e+01   1.10033957e+00  -1.51050830e-01   2.34620593e-01    3.89315881e-02   -1.13879751e+00   -1.09986592e+00
  1.08236005e+01   3.38223831e+01   1.99270796e+00  -2.79895950e-01   2.28780257e-01    6.53410743e-02   -1.16520698e+00   -1.09986590e+00
  1.42045036e+01   3.26710972e+01   2.75545938e+00  -3.99945480e-01   2.20182714e-01    1.04218407e-01   -1.20408429e+00   -1.09986588e+00
  1.72123672e+01   3.12970216e+01   3.40265013e+00  -5.14365970e-01   2.09139292e-01    1.54155797e-01   -1.25402165e+00   -1.09986585e+00
  1.98338521e+01   2.98288904e+01   3.92823239e+00  -6.21349639e-01   1.96280805e-01    2.12300764e-01   -1.31216658e+00   -1.09986582e+00
  2.20730535e+01   2.83496894e+01   4.34621536e+00  -7.21153960e-01   1.82060336e-01    2.76604500e-01   -1.37647029e+00   -1.09986579e+00
  2.39969245e+01   2.68944425e+01   4.67732634e+00  -8.15406689e-01   1.66641163e-01    3.46328673e-01   -1.44619444e+00   -1.09986577e+00
  2.56560671e+01   2.54891361e+01   4.93681943e+00  -9.04909103e-01   1.50192283e-01    4.20709104e-01   -1.52057485e+00   -1.09986575e+00
  2.70904053e+01   2.41509937e+01   5.13723483e+00  -9.90135472e-01   1.32875938e-01    4.99012134e-01   -1.59887786e+00   -1.09986573e+00
  2.83319546e+01   2.28915700e+01   5.28901253e+00  -1.07131118e+00   1.14866133e-01    5.80450939e-01   -1.68031665e+00   -1.09986571e+00
  2.94065155e+01   2.17189518e+01   5.40093091e+00  -1.14844489e+00   9.63662014e-02    6.64106052e-01   -1.76397175e+00   -1.09986570e+00
  3.03347116e+01   2.06395737e+01   5.48044040e+00  -1.22132070e+00   7.76309185e-02    7.48825407e-01   -1.84869109e+00   -1.09986569e+00
  3.11325065e+01   1.96601240e+01   5.53393520e+00  -1.28943733e+00   5.90017522e-02    8.33064914e-01   -1.93293059e+00   -1.09986568e+00
  3.18111396e+01   1.87904681e+01   5.56699282e+00  -1.35183398e+00   4.09779192e-02    9.14567156e-01   -2.01443283e+00   -1.09986567e+00
  3.23763169e+01   1.80509774e+01   5.58461049e+00  -1.40654237e+00   2.44115931e-02    9.89478677e-01   -2.08934435e+00   -1.09986567e+00
  3.28326845e+01   1.75136241e+01   5.59142151e+00  -1.44736909e+00   1.15791989e-02    1.04750568e+00   -2.14737134e+00   -1.09986567e+00
  3.31914576e+01   1.72219911e+01   5.59301569e+00  -1.46993798e+00   4.31182421e-03    1.08036813e+00   -2.18023380e+00   -1.09986567e+00
  3.35952174e+01   1.66871143e+01   5.59210041e+00  -1.51214002e+00  -9.61187393e-03    1.14332991e+00   -2.24319558e+00   -1.09986567e+00
  3.40616684e+01   1.60665108e+01   5.58480598e+00  -1.56252287e+00  -2.68099710e-02    1.22109824e+00   -2.32096391e+00   -1.09986567e+00
  3.45506759e+01   1.53232758e+01   5.56722221e+00  -1.62507484e+00  -4.90435850e-02    1.32163676e+00   -2.42150242e+00   -1.09986566e+00
  3.50396455e+01   1.45114044e+01   5.53688804e+00  -1.69649480e+00  -7.56410191e-02    1.44190809e+00   -2.54177374e+00   -1.09986565e+00
  3.55151554e+01   1.36629841e+01   5.49256887e+00  -1.77504757e+00  -1.06413550e-01    1.58105886e+00   -2.68092449e+00   -1.09986563e+00
  3.59690146e+01   1.27991537e+01   5.43387103e+00  -1.85973973e+00  -1.41411030e-01    1.73931448e+00   -2.83918008e+00   -1.09986560e+00
  3.63963563e+01   1.19350072e+01   5.36100042e+00  -1.94994777e+00  -1.80814843e-01    1.91749516e+00   -3.01736073e+00   -1.09986557e+00
  3.67945548e+01   1.10817484e+01   5.27458767e+00  -2.04525553e+00  -2.24895489e-01    2.11682408e+00   -3.21668960e+00   -1.09986552e+00
  3.71625374e+01   1.02478028e+01   5.17555432e+00  -2.14537150e+00  -2.73994575e-01    2.33884596e+00   -3.43871141e+00   -1.09986546e+00
  3.75003133e+01   9.43948108e+00   5.06500853e+00  -2.25008085e+00  -3.28517460e-01    2.58539379e+00   -3.68525916e+00   -1.09986538e+00
  3.78086391e+01   8.66142145e+00   4.94416379e+00  -2.35921436e+00  -3.88931292e-01    2.85857997e+00   -3.95844526e+00   -1.09986529e+00
  3.80887743e+01   7.91691211e+00   4.81427604e+00  -2.47262622e+00  -4.55766177e-01    3.16080161e+00   -4.26066678e+00   -1.09986517e+00
  3.83423008e+01   7.20814128e+00   4.67659579e+00  -2.59017661e+00  -5.29618453e-01    3.49475528e+00   -4.59462032e+00   -1.09986504e+00
  3.85709893e+01   6.53639958e+00   4.53233246e+00  -2.71171667e+00  -6.11155587e-01    3.86345923e+00   -4.96332412e+00   -1.09986489e+00
  3.87774763e+01   5.96727949e+00   4.39862364e+00  -2.82369417e+00  -6.91223456e-01    4.22551931e+00   -5.32538409e+00   -1.09986479e+00
  3.89642816e+01   5.37134522e+00   4.24617988e+00  -2.95126215e+00  -7.88619127e-01    4.66593420e+00   -5.76579879e+00   -1.09986459e+00
  3.91324375e+01   4.86748653e+00   4.10633526e+00  -3.06863328e+00  -8.84479629e-01    5.09940722e+00   -6.19927168e+00   -1.09986446e+00
  3.92841292e+01   4.34049466e+00   3.94810611e+00  -3.20218289e+00  -1.00147882e+00    5.62846756e+00   -6.72833177e+00   -1.09986421e+00
  3.94203591e+01   3.89806460e+00   3.80472534e+00  -3.32405367e+00  -1.11631471e+00    6.14774565e+00   -7.24760970e+00   -1.09986405e+00
  3.95430405e+01   3.43601851e+00   3.64341206e+00  -3.46216961e+00  -1.25682273e+00    6.78311091e+00   -7.88297464e+00   -1.09986374e+00
  3.96530829e+01   3.05002595e+00   3.49841964e+00  -3.58709267e+00  -1.39458194e+00    7.40604631e+00   -8.50590984e+00   -1.09986353e+00
  3.97521212e+01   2.64771459e+00   3.33599249e+00  -3.72756474e+00  -1.56341760e+00    8.16950672e+00   -9.26936987e+00   -1.09986315e+00
  3.98409477e+01   2.31261820e+00   3.19064513e+00  -3.85322646e+00  -1.72905060e+00    8.91848507e+00   -1.00183480e+01   -1.09986290e+00
  3.99209393e+01   1.96426249e+00   3.02835368e+00  -3.99260629e+00  -1.93221609e+00    9.83718199e+00   -1.09370444e+01   -1.09986243e+00
  3.99927686e+01   1.67436151e+00   2.88323158e+00  -4.11533250e+00  -2.13204390e+00    1.07407864e+01   -1.18406485e+01   -1.09986214e+00
  4.00575888e+01   1.37404398e+00   2.72159525e+00  -4.24821684e+00  -2.37713092e+00    1.18490489e+01   -1.29489104e+01   -1.09986158e+00
  4.01159641e+01   1.12370428e+00   2.57653093e+00  -4.36212239e+00  -2.61946044e+00    1.29448424e+01   -1.40447036e+01   -1.09986122e+00
  4.01688669e+01   8.65634168e-01   2.41525685e+00  -4.47989691e+00  -2.91630971e+00    1.42871693e+01   -1.53870299e+01   -1.09986058e+00
  4.02166316e+01   6.25828249e-01   2.25250924e+00  -4.58524868e+00  -3.24796888e+00    1.57869036e+01   -1.68867635e+01   -1.09985986e+00
  4.02599631e+01   4.04689883e-01   2.08886701e+00  -4.67206073e+00  -3.61676743e+00    1.74545791e+01   -1.85544382e+01   -1.09985912e+00
  4.02951382e+01   2.48707807e-01   1.96380785e+00  -4.72122171e+00  -3.92399398e+00    1.88438316e+01   -1.99436905e+01   -1.09985893e+00
  4.03230703e+01   1.29826772e-01   1.86201336e+00  -4.74740766e+00  -4.19090877e+00    2.00507979e+01   -2.11506568e+01   -1.09985886e+00
  4.03463540e+01   7.27250033e-02   1.81081627e+00  -4.75509993e+00  -4.33094469e+00    2.06840286e+01   -2.17838875e+01   -1.09985886e+00
  4.03593978e+01   4.99980057e-03   1.74791673e+00  -4.75891376e+00  -4.50830383e+00    2.14860318e+01   -2.25858907e+01   -1.09985885e+00
  4.03796662e+01  -5.70639880e-02   1.68798688e+00  -4.75621620e+00  -4.68270477e+00    2.22746583e+01   -2.33745171e+01   -1.09985885e+00
  4.04030762e+01  -1.53304687e-01   1.59013072e+00  -4.73696928e+00  -4.97860816e+00    2.36127086e+01   -2.47125674e+01   -1.09985881e+00
  4.04274276e+01  -2.63653211e-01   1.46918145e+00  -4.68410640e+00  -5.36250675e+00    2.53486657e+01   -2.64485244e+01   -1.09985873e+00
  4.04518355e+01  -3.76568366e-01   1.33319822e+00  -4.57975033e+00  -5.81548939e+00    2.73970150e+01   -2.84968736e+01   -1.09985865e+00
  4.04761647e+01  -4.86364173e-01   1.18511319e+00  -4.40260158e+00  -6.32872093e+00    2.97178047e+01   -3.08176633e+01   -1.09985861e+00
  4.04999680e+01  -5.90322424e-01   1.02432323e+00  -4.12322194e+00  -6.89814943e+00    3.22927123e+01   -3.33925709e+01   -1.09985856e+00
  4.05232566e+01  -6.83895811e-01   8.53039036e-01  -3.71299030e+00  -7.49868408e+00    3.50082799e+01   -3.61081381e+01   -1.09985820e+00
  4.05461149e+01  -7.64071788e-01   6.71416263e-01  -3.14133306e+00  -8.09675511e+00    3.77127084e+01   -3.88125651e+01   -1.09985679e+00
  4.05653753e+01  -8.17026362e-01   5.16956756e-01  -2.54454319e+00  -8.54345192e+00    3.97326354e+01   -4.08324910e+01   -1.09985563e+00
  4.05806636e+01  -8.50233711e-01   3.89692613e-01  -1.98284011e+00  -8.84809199e+00    4.11101934e+01   -4.22100485e+01   -1.09985507e+00
  4.05933372e+01  -8.71398005e-01   2.79660537e-01  -1.45424155e+00  -9.05321129e+00    4.20377266e+01   -4.31375814e+01   -1.09985480e+00
  4.06041441e+01  -8.84151852e-01   1.83808216e-01  -9.68633344e-01  -9.18122994e+00    4.26166169e+01   -4.37164716e+01   -1.09985469e+00
  4.06133559e+01  -8.90838691e-01   1.02376942e-01  -5.43328768e-01  -9.24973283e+00    4.29263818e+01   -4.40262365e+01   -1.09985466e+00
  4.06209863e+01  -8.93289011e-01   4.40363150e-02  -2.34314653e-01  -9.27507869e+00    4.30409940e+01   -4.41408487e+01   -1.09985466e+00
  4.06274383e+01  -8.93734433e-01  -1.96546427e-02   1.04632352e-01  -9.27970033e+00    4.30618931e+01   -4.41617478e+01   -1.09985466e+00
  4.06359950e+01  -8.92033132e-01  -7.94813570e-02   4.22355293e-01  -9.26207173e+00    4.29821784e+01   -4.40820330e+01   -1.09985466e+00
  4.06459724e+01  -8.86635798e-01  -1.58522860e-01   8.37575734e-01  -9.20656412e+00    4.27311780e+01   -4.38310327e+01   -1.09985469e+00
  4.06573037e+01  -8.75926829e-01  -2.49876959e-01   1.30550720e+00  -9.09828058e+00    4.22415293e+01   -4.33413841e+01   -1.09985480e+00
  4.06702648e+01  -8.58262798e-01  -3.52036341e-01   1.80597081e+00  -8.92486181e+00    4.14573444e+01   -4.25571995e+01   -1.09985502e+00
  4.06855488e+01  -8.31413134e-01  -4.66134263e-01   2.32729539e+00  -8.67295909e+00    4.03182616e+01   -4.14181171e+01   -1.09985545e+00
  4.07035994e+01  -7.91639262e-01  -5.96079318e-01   2.86257859e+00  -8.32364011e+00    3.87386705e+01   -3.98385267e+01   -1.09985620e+00
  4.07230998e+01  -7.35104645e-01  -7.42278141e-01   3.38137490e+00  -7.87061212e+00    3.66901156e+01   -3.77899729e+01   -1.09985727e+00
  4.07448835e+01  -6.64745924e-01  -8.90854165e-01   3.81411317e+00  -7.36796632e+00    3.44171935e+01   -3.55170515e+01   -1.09985802e+00
  4.07692765e+01  -5.77608347e-01  -1.04536942e+00   4.16537928e+00  -6.82345407e+00    3.19549550e+01   -3.30548136e+01   -1.09985855e+00
  4.07936675e+01  -4.72533376e-01  -1.20482256e+00   4.43037364e+00  -6.25951561e+00    2.94048731e+01   -3.05047321e+01   -1.09985893e+00
  4.08168095e+01  -3.62277709e-01  -1.35121505e+00   4.59659062e+00  -5.75431959e+00    2.71204196e+01   -2.82202788e+01   -1.09985914e+00
  4.08394230e+01  -2.54723497e-01  -1.47936584e+00   4.68992096e+00  -5.32944663e+00    2.51991800e+01   -2.62990393e+01   -1.09985926e+00
  4.08610440e+01  -1.48051634e-01  -1.59564063e+00   4.73858154e+00  -4.96158587e+00    2.35357446e+01   -2.46356040e+01   -1.09985935e+00
  4.08803744e+01  -6.11788149e-02  -1.68392954e+00   4.75579757e+00  -4.69469913e+00    2.23289052e+01   -2.34287646e+01   -1.09985938e+00
  4.08982987e+01   3.07987271e-02  -1.77216951e+00   4.75821671e+00  -4.43922286e+00    2.11736629e+01   -2.22735223e+01   -1.09985941e+00
  4.09231883e+01   1.16022653e-01  -1.84978142e+00   4.74960171e+00  -4.22401028e+00    2.02004897e+01   -2.13003491e+01   -1.09985943e+00
  4.09539412e+01   2.33958770e-01  -1.95150456e+00   4.72510009e+00  -3.95544157e+00    1.89860444e+01   -2.00859039e+01   -1.09985950e+00
  4.09911246e+01   3.78624533e-01  -2.06857384e+00   4.68116623e+00  -3.66509237e+00    1.76731097e+01   -1.87729693e+01   -1.09985964e+00
  4.10319530e+01   5.51504288e-01  -2.19910873e+00   4.61599120e+00  -3.36429373e+00    1.63129235e+01   -1.74127834e+01   -1.09985990e+00
  4.10761427e+01   7.38366691e-01  -2.33059834e+00   4.53670140e+00  -3.08462534e+00    1.50482866e+01   -1.61481467e+01   -1.09986016e+00
  4.11241467e+01   9.36877799e-01  -2.46109668e+00   4.44757725e+00  -2.82883579e+00    1.38916277e+01   -1.49914881e+01   -1.09986041e+00
  4.11764035e+01   1.14805416e+00  -2.59109963e+00   4.35097714e+00  -2.59410330e+00    1.28301870e+01   -1.39300476e+01   -1.09986063e+00
  4.12333851e+01   1.37273535e+00  -2.72086174e+00   4.24880797e+00  -2.37829885e+00    1.18543373e+01   -1.29541981e+01   -1.09986084e+00
  4.12955993e+01   1.61178501e+00  -2.85056016e+00   4.14257973e+00  -2.17958882e+00    1.09557871e+01   -1.20556482e+01   -1.09986103e+00
  4.13635933e+01   1.86608097e+00  -2.98030187e+00   4.03350469e+00  -1.99638574e+00    1.01273581e+01   -1.12272193e+01   -1.09986121e+00
  4.14379583e+01   2.13651571e+00  -3.11013398e+00   3.92256415e+00  -1.82730036e+00    9.36276804e+00   -1.04626294e+01   -1.09986137e+00
  4.15193323e+01   2.42399464e+00  -3.24005020e+00   3.81055740e+00  -1.67110647e+00    8.65647227e+00   -9.75633379e+00   -1.09986152e+00
  4.16084034e+01   2.72943293e+00  -3.36999494e+00   3.69813840e+00  -1.52671403e+00    8.00354167e+00   -9.10340333e+00   -1.09986166e+00
  4.17059125e+01   3.05375087e+00  -3.49986590e+00   3.58584366e+00  -1.39314829e+00    7.39956843e+00   -8.49943022e+00   -1.09986179e+00
  4.18126556e+01   3.39786758e+00  -3.62951530e+00   3.47411401e+00  -1.26953323e+00    6.84059137e+00   -7.94045327e+00   -1.09986190e+00
  4.19294854e+01   3.76269293e+00  -3.75875039e+00   3.36331173e+00  -1.15507836e+00    6.32303590e+00   -7.42289791e+00   -1.09986201e+00
  4.20573116e+01   4.14911751e+00  -3.88733336e+00   3.25373432e+00  -1.04906786e+00    5.84366519e+00   -6.94352729e+00   -1.09986211e+00
  4.21971009e+01   4.55800045e+00  -4.01498082e+00   3.14562562e+00  -9.50851683e-01    5.39953974e+00   -6.49940193e+00   -1.09986219e+00
  4.23498746e+01   4.99015465e+00  -4.14136317e+00   3.03918508e+00  -8.59838088e-01    4.98798376e+00   -6.08784603e+00   -1.09986227e+00
  4.25167044e+01   5.44632921e+00  -4.26610392e+00   2.93457539e+00  -7.75487358e-01    4.60655669e+00   -5.70641904e+00   -1.09986235e+00
  4.26987060e+01   5.92718855e+00  -4.38877917e+00   2.83192901e+00  -6.97306467e-01    4.25302912e+00   -5.35289153e+00   -1.09986241e+00
  4.28970289e+01   6.43328780e+00  -4.50891743e+00   2.73135379e+00  -6.24844513e-01    3.92536209e+00   -5.02522457e+00   -1.09986247e+00
  4.31128415e+01   6.96504369e+00  -4.62600006e+00   2.63293792e+00  -5.57688796e-01    3.62168943e+00   -4.72155196e+00   -1.09986253e+00
  4.33473112e+01   7.52270046e+00  -4.73946245e+00   2.53675440e+00  -4.95461451e-01    3.34030246e+00   -4.44016504e+00   -1.09986258e+00
  4.36015763e+01   8.10628945e+00  -4.84869640e+00   2.44286523e+00  -4.37816551e-01    3.07963692e+00   -4.17949954e+00   -1.09986262e+00
  4.38767083e+01   8.71558145e+00  -4.95305391e+00   2.35132547e+00  -3.84437655e-01    2.83826189e+00   -3.93812455e+00   -1.09986266e+00
  4.41736617e+01   9.35002975e+00  -5.05185298e+00   2.26218745e+00  -3.35035752e-01    2.61487050e+00   -3.71473319e+00   -1.09986269e+00
  4.44932047e+01   1.00087014e+01  -5.14438580e+00   2.17550522e+00  -2.89347631e-01    2.40827251e+00   -3.50813524e+00   -1.09986272e+00
  4.48358267e+01   1.06901931e+01  -5.22993027e+00   2.09133987e+00  -2.47134688e-01    2.21738899e+00   -3.31725174e+00   -1.09986275e+00
  4.52016099e+01   1.13925246e+01  -5.30776548e+00   2.00976586e+00  -2.08182281e-01    2.04124935e+00   -3.14111212e+00   -1.09986277e+00
  4.55900486e+01   1.21130004e+01  -5.37719265e+00   1.93087962e+00  -1.72299802e-01    1.87899166e+00   -2.97885445e+00   -1.09986279e+00
  4.59997851e+01   1.28480206e+01  -5.43756307e+00   1.85481138e+00  -1.39321829e-01    1.72986791e+00   -2.82973072e+00   -1.09986281e+00
  4.64282024e+01   1.35928055e+01  -5.48831556e+00   1.78174329e+00  -1.09111052e-01    1.59325720e+00   -2.69312001e+00   -1.09986282e+00
  4.68707440e+01   1.43409618e+01  -5.52902746e+00   1.71193893e+00  -8.15644879e-02    1.46869383e+00   -2.56855666e+00   -1.09986283e+00
  4.73196271e+01   1.50837253e+01  -5.55948629e+00   1.64579651e+00  -5.66265276e-02    1.35592635e+00   -2.45578919e+00   -1.09986284e+00
  4.77608525e+01   1.58084340e+01  -5.57979620e+00   1.58395874e+00  -3.43185679e-02    1.25505153e+00   -2.35491437e+00   -1.09986284e+00
  4.81638561e+01   1.64947322e+01  -5.59055592e+00   1.52759108e+00  -1.48192315e-02    1.16687707e+00   -2.26673991e+00   -1.09986285e+00
  4.84961607e+01   1.68907956e+01  -5.59303492e+00   1.49594378e+00  -4.21659809e-03    1.11893279e+00   -2.21879564e+00   -1.09986285e+00
  4.88947698e+01   1.73814751e+01  -5.59232737e+00   1.45756060e+00   8.31276208e-03    1.06227601e+00   -2.16213886e+00   -1.09986285e+00
  4.94067762e+01   1.79536829e+01  -5.58621724e+00   1.41386652e+00   2.21391124e-02    9.99754337e-01   -2.09961718e+00   -1.09986285e+00
  5.00157934e+01   1.86639281e+01  -5.57068876e+00   1.36108389e+00   3.82271846e-02    9.27005333e-01   -2.02686818e+00   -1.09986285e+00
  5.07222791e+01   1.94748153e+01  -5.54210867e+00   1.30257326e+00   5.52837896e-02    8.49876695e-01   -1.94973955e+00   -1.09986285e+00
  5.15323033e+01   2.03725593e+01  -5.49675874e+00   1.23968773e+00   7.27144663e-02    7.71056529e-01   -1.87091939e+00   -1.09986286e+00
  5.24555335e+01   2.13494255e+01  -5.43063136e+00   1.17316771e+00   9.01477554e-02    6.92224544e-01   -1.79208741e+00   -1.09986287e+00
  5.35046077e+01   2.23998846e+01  -5.33927634e+00   1.10343620e+00   1.07326149e-01    6.14545169e-01   -1.71440804e+00   -1.09986288e+00
  5.46950649e+01   2.35187767e+01  -5.21767504e+00   1.03071794e+00   1.24058019e-01    5.38884933e-01   -1.63874782e+00   -1.09986289e+00
  5.60455547e+01   2.47001294e+01  -5.06011788e+00   9.55090668e-01   1.40192495e-01    4.65926060e-01   -1.56578896e+00   -1.09986290e+00
  5.75782428e+01   2.59361290e+01  -4.86007612e+00   8.76505107e-01   1.55603891e-01    3.96236887e-01   -1.49609980e+00   -1.09986291e+00
  5.93193983e+01   2.72160053e+01  -4.61006349e+00   7.94786406e-01   1.70180315e-01    3.30323385e-01   -1.43018631e+00   -1.09986292e+00
  6.13001849e+01   2.85246554e+01  -4.30148590e+00   7.09620537e-01   1.83813663e-01    2.68674385e-01   -1.36853732e+00   -1.09986294e+00
  6.35577103e+01   2.98408130e+01  -3.92448145e+00   6.20524456e-01   1.96388999e-01    2.11809620e-01   -1.31167257e+00   -1.09986295e+00
  6.60089308e+01   3.11344943e+01  -3.46775926e+00   5.26794243e-01   2.07771112e-01    1.60340505e-01   -1.26020347e+00   -1.09986297e+00
  6.86546550e+01   3.23085019e+01  -2.94619854e+00   4.32173795e-01   2.17353759e-01    1.17008423e-01   -1.21687141e+00   -1.09986298e+00
  7.14891411e+01   3.33237967e+01  -2.36033197e+00   3.36235772e-01   2.25124890e-01    8.18678554e-02   -1.18173085e+00   -1.09986299e+00
  7.44881144e+01   3.41373741e+01  -1.71330332e+00   2.38545275e-01   2.31035454e-01    5.51406146e-02   -1.15500362e+00   -1.09986300e+00
  7.75666202e+01   3.47027288e+01  -1.01395600e+00   1.38990627e-01   2.34987681e-01    3.72688023e-02   -1.13713181e+00   -1.09986301e+00
  8.04402297e+01   3.49616626e+01  -3.65836489e-01   4.97962596e-02   2.36757243e-01    2.92668298e-02   -1.12912984e+00   -1.09986301e+00
