  0.00000000e+00  -1.00000000e+00   0.00000000e+00   0.00000000e+00  -1.24020069e-03    3.12840500e+01   -6.24020069e+01   -3.11179569e+01
  6.00000000e+00  -9.99998274e-01  -1.86029996e-03   2.30102075e-06  -1.24019855e-03    3.12840497e+01   -6.24020066e+01   -3.11179569e+01
  3.00000000e+01  -9.99956856e-01  -9.30137141e-03   1.15049436e-05  -1.24014718e-03    3.12840428e+01   -6.24019997e+01   -3.11179569e+01
  9.31715385e+01  -9.99239034e-01  -3.90564118e-02   4.83091083e-05  -1.23925694e-03    3.12839236e+01   -6.24018805e+01   -3.11179569e+01
  1.71723192e+02  -9.93133478e-01  -1.17142848e-01   1.44892335e-04  -1.23168498e-03    3.12829095e+01   -6.24008664e+01   -3.11179569e+01
  2.60182883e+02  -9.77073810e-01  -2.13187278e-01   2.63677071e-04  -1.21176935e-03    3.12802424e+01   -6.23981993e+01   -3.11179569e+01
  3.56135371e+02  -9.47938665e-01  -3.18887816e-01   3.94380421e-04  -1.17564313e-03    3.12754043e+01   -6.23933613e+01   -3.11179570e+01
  4.58291882e+02  -9.03503127e-01  -4.29180419e-01   5.30720641e-04  -1.12055592e-03    3.12680270e+01   -6.23859841e+01   -3.11179571e+01
  5.65933274e+02  -8.42215219e-01  -5.39919999e-01   6.67551366e-04  -1.04459802e-03    3.12578549e+01   -6.23758121e+01   -3.11179572e+01
  6.78701469e+02  -7.63108567e-01  -6.47245470e-01   8.00079085e-04  -9.46592857e-04    3.12447304e+01   -6.23626877e+01   -3.11179573e+01
  7.96522661e+02  -6.65762264e-01  -7.47355703e-01   9.23589168e-04  -8.26047187e-04    3.12285875e+01   -6.23465450e+01   -3.11179575e+01
  9.10994354e+02  -5.50273320e-01  -8.36417705e-01   1.03333552e-03  -6.83116066e-04    3.12094472e+01   -6.23274050e+01   -3.11179578e+01
  1.01785686e+03  -4.26880106e-01  -9.05994681e-01   1.11892601e-03  -5.30499432e-04    3.11890102e+01   -6.23069682e+01   -3.11179580e+01
  1.11577255e+03  -3.03940574e-01  -9.54635317e-01   1.17861338e-03  -3.78543444e-04    3.11686619e+01   -6.22866200e+01   -3.11179582e+01
  1.20461528e+03  -1.99014678e-01  -9.82171686e-01   1.21227247e-03  -2.48931211e-04    3.11513056e+01   -6.22692638e+01   -3.11179582e+01
  1.28255692e+03  -1.06984724e-01  -9.96651035e-01   1.22984343e-03  -1.35308454e-04    3.11360904e+01   -6.22540487e+01   -3.11179582e+01
  1.34833309e+03  -4.64933177e-02  -1.00145902e+00   1.23557792e-03  -6.06543136e-05    3.11260935e+01   -6.22440517e+01   -3.11179582e+01
  1.41030070e+03   3.48421033e-02  -1.00214864e+00   1.23616185e-03   3.96862280e-05    3.11126568e+01   -6.22306151e+01   -3.11179582e+01
  1.48842228e+03   1.11267842e-01  -9.96766419e-01   1.22927347e-03   1.33930402e-04    3.11000364e+01   -6.22179947e+01   -3.11179583e+01
  1.57676992e+03   2.06636504e-01  -9.81699740e-01   1.21038601e-03   2.51480396e-04    3.10842951e+01   -6.22022533e+01   -3.11179583e+01
  1.67280253e+03   3.12136428e-01  -9.53712387e-01   1.17555001e-03   3.81448762e-04    3.10668906e+01   -6.21848490e+01   -3.11179583e+01
  1.77517210e+03   4.22582697e-01  -9.10500060e-01   1.12195767e-03   5.17432776e-04    3.10486806e+01   -6.21666390e+01   -3.11179584e+01
  1.88312180e+03   5.33780198e-01  -8.50446595e-01   1.04764830e-03   6.54261300e-04    3.10303575e+01   -6.21483160e+01   -3.11179585e+01
  1.99626292e+03   6.41836393e-01  -7.72531132e-01   9.51393286e-04   7.87147205e-04    3.10125623e+01   -6.21305210e+01   -3.11179587e+01
  2.11449151e+03   7.42922687e-01  -6.76287415e-01   8.32643456e-04   9.11392764e-04    3.09959244e+01   -6.21138833e+01   -3.11179589e+01
  2.23036007e+03   8.33179026e-01  -5.61777703e-01   6.91493999e-04   1.02227098e-03    3.09810767e+01   -6.20990359e+01   -3.11179591e+01
  2.33866474e+03   9.04591444e-01  -4.38038557e-01   5.39081083e-04   1.10996224e-03    3.09693344e+01   -6.20872937e+01   -3.11179594e+01
  2.43795764e+03   9.54801124e-01  -3.14303790e-01   3.86752908e-04   1.17159763e-03    3.09610814e+01   -6.20790409e+01   -3.11179595e+01
  2.52818204e+03   9.83477497e-01  -2.08224611e-01   2.56202290e-04   1.20679225e-03    3.09563691e+01   -6.20743286e+01   -3.11179596e+01
  2.60763483e+03   9.98781593e-01  -1.14466942e-01   1.40835883e-04   1.22557283e-03    3.09538547e+01   -6.20718142e+01   -3.11179596e+01
  2.67425056e+03   1.00417257e+00  -4.83077787e-02   5.94352107e-05   1.23218807e-03    3.09529691e+01   -6.20709287e+01   -3.11179596e+01
  2.73614734e+03   1.00476556e+00   3.38454395e-02  -4.16416123e-05   1.23291572e-03    3.09528720e+01   -6.20708316e+01   -3.11179596e+01
  2.81442740e+03   9.99286124e-01   1.09987569e-01  -1.35324597e-04   1.22619196e-03    3.09537726e+01   -6.20717322e+01   -3.11179596e+01
  2.90301179e+03   9.84090132e-01   2.05317591e-01  -2.52625201e-04   1.20754411e-03    3.09562699e+01   -6.20742295e+01   -3.11179596e+01
  2.99929763e+03   9.55930771e-01   3.10860715e-01  -3.82515202e-04   1.17298420e-03    3.09608980e+01   -6.20788577e+01   -3.11179597e+01
  3.10190106e+03   9.12500513e-01   4.21365010e-01  -5.18550740e-04   1.11967224e-03    3.09680372e+01   -6.20859969e+01   -3.11179597e+01
  3.21004002e+03   8.52188174e-01   5.32595842e-01  -6.55541099e-04   1.04561668e-03    3.09779541e+01   -6.20959139e+01   -3.11179598e+01
  3.32330641e+03   7.73985280e-01   6.40633692e-01  -7.88681927e-04   9.49558648e-04    3.09908174e+01   -6.21087774e+01   -3.11179600e+01
  3.44158111e+03   6.77443889e-01   7.41632168e-01  -9.13254366e-04   8.30920198e-04    3.10067046e+01   -6.21246648e+01   -3.11179602e+01
  3.55745003e+03   5.62648315e-01   8.31722117e-01  -1.02450380e-03   6.89770393e-04    3.10256066e+01   -6.21435670e+01   -3.11179604e+01
  3.66560545e+03   4.38628060e-01   9.02927146e-01  -1.11257890e-03   5.37181599e-04    3.10460406e+01   -6.21640012e+01   -3.11179606e+01
  3.76468422e+03   3.14766182e-01   9.52854931e-01  -1.17448519e-03   3.84687489e-04    3.10664621e+01   -6.21844228e+01   -3.11179608e+01
  3.85466844e+03   2.08710365e-01   9.81266436e-01  -1.20984540e-03   2.54035913e-04    3.10839584e+01   -6.22019193e+01   -3.11179608e+01
  3.93389978e+03   1.14961630e-01   9.96356910e-01  -1.22875669e-03   1.38484368e-04    3.10994326e+01   -6.22173934e+01   -3.11179608e+01
  4.00042384e+03   4.89618497e-02   1.00159557e+00  -1.23543363e-03   5.71007675e-05    3.11103311e+01   -6.22282919e+01   -3.11179608e+01
  4.06185001e+03  -3.32967541e-02   1.00201958e+00  -1.23622653e-03  -4.43713323e-05    3.11239196e+01   -6.22418804e+01   -3.11179609e+01
  4.13963438e+03  -1.09065123e-01   9.96419797e-01  -1.22956519e-03  -1.37876461e-04    3.11364411e+01   -6.22544020e+01   -3.11179609e+01
  4.22767363e+03  -2.04056887e-01   9.81122642e-01  -1.21099420e-03  -2.55158195e-04    3.11521466e+01   -6.22701074e+01   -3.11179609e+01
  4.32335677e+03  -3.09257398e-01   9.52911142e-01  -1.17650160e-03  -3.85113257e-04    3.11695490e+01   -6.22875099e+01   -3.11179609e+01
  4.42529939e+03  -4.19408928e-01   9.09499108e-01  -1.12323208e-03  -5.21262227e-04    3.11877807e+01   -6.23057417e+01   -3.11179610e+01
  4.53272295e+03  -5.30287160e-01   8.49292058e-01  -1.04918546e-03  -6.58389937e-04    3.12061435e+01   -6.23241046e+01   -3.11179611e+01
  4.64522598e+03  -6.37992658e-01   7.71293014e-01  -9.53101047e-04  -7.91671218e-04    3.12239911e+01   -6.23419524e+01   -3.11179612e+01
  4.76269848e+03  -7.38706113e-01   6.75058739e-01  -8.34405998e-04  -9.16369213e-04    3.12406894e+01   -6.23586508e+01   -3.11179614e+01
  4.87773812e+03  -8.28590182e-01   5.60669790e-01  -6.93181280e-04  -1.02771528e-03    3.12555999e+01   -6.23735616e+01   -3.11179617e+01
  4.98513568e+03  -8.99677488e-01   4.37166085e-01  -5.40590295e-04  -1.11581412e-03    3.12673975e+01   -6.23853595e+01   -3.11179619e+01
  5.08356244e+03  -9.49622232e-01   3.13823947e-01  -3.88119582e-04  -1.17773082e-03    3.12756893e+01   -6.23936513e+01   -3.11179621e+01
  5.17299283e+03  -9.78161470e-01   2.08125098e-01  -2.57416809e-04  -1.21311841e-03    3.12804284e+01   -6.23983905e+01   -3.11179621e+01
  5.25176654e+03  -9.93422889e-01   1.14654426e-01  -1.41814586e-04  -1.23204421e-03    3.12829629e+01   -6.24009251e+01   -3.11179621e+01
