  0.00000000e+00 0   1.00000000e+00
  0.00000000e+00 1   0.00000000e+00
  0.00000000e+00 2   0.00000000e+00
  0.00000000e+00 3   0.00000000e+00
  0.00000000e+00 4   0.00000000e+00
  0.00000000e+00 5   0.00000000e+00
  0.00000000e+00 6   0.00000000e+00
  0.00000000e+00 7   0.00000000e+00
  0.00000000e+00 8   0.00000000e+00
  0.00000000e+00 9   0.00000000e+00
  0.00000000e+00 10   0.00000000e+00
  0.00000000e+00 11   0.00000000e+00
  0.00000000e+00 12   0.00000000e+00
  0.00000000e+00 13   0.00000000e+00
  0.00000000e+00 14   0.00000000e+00
  0.00000000e+00 15   0.00000000e+00
  0.00000000e+00 16   0.00000000e+00
  0.00000000e+00 17   0.00000000e+00
  0.00000000e+00 18   0.00000000e+00
  0.00000000e+00 19   0.00000000e+00
  0.00000000e+00 20   0.00000000e+00
  0.00000000e+00 21   0.00000000e+00
  0.00000000e+00 22   0.00000000e+00
  0.00000000e+00 23   0.00000000e+00
  0.00000000e+00 24   0.00000000e+00
  0.00000000e+00 25   0.00000000e+00
  0.00000000e+00 26   0.00000000e+00
  0.00000000e+00 27   0.00000000e+00
  0.00000000e+00 28   0.00000000e+00
  0.00000000e+00 29   0.00000000e+00
  0.00000000e+00 30   0.00000000e+00
  0.00000000e+00 31   0.00000000e+00
  0.00000000e+00 32   0.00000000e+00
  0.00000000e+00 33   0.00000000e+00
  0.00000000e+00 34   0.00000000e+00
  0.00000000e+00 35   0.00000000e+00
  0.00000000e+00 36   0.00000000e+00
  0.00000000e+00 37   0.00000000e+00
  0.00000000e+00 38   0.00000000e+00
  0.00000000e+00 39   0.00000000e+00
  0.00000000e+00 40   0.00000000e+00
  0.00000000e+00 41   0.00000000e+00
  0.00000000e+00 42   0.00000000e+00
  0.00000000e+00 43   0.00000000e+00
  0.00000000e+00 44   0.00000000e+00
  0.00000000e+00 45   0.00000000e+00
  0.00000000e+00 46   0.00000000e+00
  0.00000000e+00 47   0.00000000e+00
  0.00000000e+00 48   0.00000000e+00
  0.00000000e+00 49   0.00000000e+00
  0.00000000e+00 50   0.00000000e+00
  0.00000000e+00 51   0.00000000e+00
  0.00000000e+00 52   0.00000000e+00
  0.00000000e+00 53   0.00000000e+00
  0.00000000e+00 54   0.00000000e+00
  0.00000000e+00 55   0.00000000e+00
  0.00000000e+00 56   0.00000000e+00
  0.00000000e+00 57   0.00000000e+00
  0.00000000e+00 58   0.00000000e+00
  0.00000000e+00 59   0.00000000e+00

  5.00000000e-09 0   1.00000000e+00
  5.00000000e-09 1   5.63925137e-01
  5.00000000e-09 2   4.04050711e-02
  5.00000000e-09 3   6.93241422e-03
  5.00000000e-09 4   1.18941424e-03
  5.00000000e-09 5   2.04071221e-04
  5.00000000e-09 6   3.50130861e-05
  5.00000000e-09 7   6.00729586e-06
  5.00000000e-09 8   1.03068902e-06
  5.00000000e-09 9   1.76838279e-07
  5.00000000e-09 10   3.03406520e-08
  5.00000000e-09 11   5.20563290e-09
  5.00000000e-09 12   8.93145405e-10
  5.00000000e-09 13   1.53239525e-10
  5.00000000e-09 14   2.62917459e-11
  5.00000000e-09 15   4.51095044e-12
  5.00000000e-09 16   7.73956738e-13
  5.00000000e-09 17   1.32789983e-13
  5.00000000e-09 18   2.27831592e-14
  5.00000000e-09 19   3.90897213e-15
  5.00000000e-09 20   6.70673587e-16
  5.00000000e-09 21   1.15069396e-16
  5.00000000e-09 22   1.97427871e-17
  5.00000000e-09 23   3.38732674e-18
  5.00000000e-09 24   5.81173389e-19
  5.00000000e-09 25   9.97135893e-20
  5.00000000e-09 26   1.71081472e-20
  5.00000000e-09 27   2.93529401e-21
  5.00000000e-09 28   5.03616833e-22
  5.00000000e-09 29   8.64069880e-23
  5.00000000e-09 30   1.48250954e-23
  5.00000000e-09 31   2.54358424e-24
  5.00000000e-09 32   4.36410061e-25
  5.00000000e-09 33   7.48761290e-26
  5.00000000e-09 34   1.28467127e-26
  5.00000000e-09 35   2.20414744e-27
  5.00000000e-09 36   3.78171914e-28
  5.00000000e-09 37   6.48840427e-29
  5.00000000e-09 38   1.11323418e-29
  5.00000000e-09 39   1.91000788e-30
  5.00000000e-09 40   3.27705544e-31
  5.00000000e-09 41   5.62253825e-32
  5.00000000e-09 42   9.64675054e-33
  5.00000000e-09 43   1.65512073e-33
  5.00000000e-09 44   2.83973822e-34
  5.00000000e-09 45   4.87222051e-35
  5.00000000e-09 46   8.35940882e-36
  5.00000000e-09 47   1.43424781e-36
  5.00000000e-09 48   2.46078020e-37
  5.00000000e-09 49   4.22203134e-38
  5.00000000e-09 50   7.24386057e-39
  5.00000000e-09 51   1.24284999e-39
  5.00000000e-09 52   2.13239346e-40
  5.00000000e-09 53   3.65860877e-41
  5.00000000e-09 54   6.27718025e-42
  5.00000000e-09 55   1.07699384e-42
  5.00000000e-09 56   1.84782795e-43
  5.00000000e-09 57   3.17029305e-44
  5.00000000e-09 58   6.00091185e-45
  5.00000000e-09 59   0.00000000e+00

  2.50500000e-06 0   1.00000000e+00
  2.50500000e-06 1   1.53553985e+00
  2.50500000e-06 2   1.34627357e+00
  2.50500000e-06 3   1.29476453e+00
  2.50500000e-06 4   1.24357248e+00
  2.50500000e-06 5   1.19279699e+00
  2.50500000e-06 6   1.14253514e+00
  2.50500000e-06 7   1.09288103e+00
  2.50500000e-06 8   1.04392515e+00
  2.50500000e-06 9   9.95754001e-01
  2.50500000e-06 10   9.48449549e-01
  2.50500000e-06 11   9.02088870e-01
  2.50500000e-06 12   8.56743763e-01
  2.50500000e-06 13   8.12480439e-01
  2.50500000e-06 14   7.69359258e-01
  2.50500000e-06 15   7.27434515e-01
  2.50500000e-06 16   6.86754279e-01
  2.50500000e-06 17   6.47360291e-01
  2.50500000e-06 18   6.09287908e-01
  2.50500000e-06 19   5.72566103e-01
  2.50500000e-06 20   5.37217510e-01
  2.50500000e-06 21   5.03258523e-01
  2.50500000e-06 22   4.70699436e-01
  2.50500000e-06 23   4.39544622e-01
  2.50500000e-06 24   4.09792757e-01
  2.50500000e-06 25   3.81437074e-01
  2.50500000e-06 26   3.54465643e-01
  2.50500000e-06 27   3.28861689e-01
  2.50500000e-06 28   3.04603917e-01
  2.50500000e-06 29   2.81666865e-01
  2.50500000e-06 30   2.60021261e-01
  2.50500000e-06 31   2.39634397e-01
  2.50500000e-06 32   2.20470500e-01
  2.50500000e-06 33   2.02491104e-01
  2.50500000e-06 34   1.85655419e-01
  2.50500000e-06 35   1.69920692e-01
  2.50500000e-06 36   1.55242558e-01
  2.50500000e-06 37   1.41575373e-01
  2.50500000e-06 38   1.28872533e-01
  2.50500000e-06 39   1.17086777e-01
  2.50500000e-06 40   1.06170457e-01
  2.50500000e-06 41   9.60758032e-02
  2.50500000e-06 42   8.67551463e-02
  2.50500000e-06 43   7.81611271e-02
  2.50500000e-06 44   7.02468756e-02
  2.50500000e-06 45   6.29661640e-02
  2.50500000e-06 46   5.62735341e-02
  2.50500000e-06 47   5.01243988e-02
  2.50500000e-06 48   4.44751180e-02
  2.50500000e-06 49   3.92830493e-02
  2.50500000e-06 50   3.45065762e-02
  2.50500000e-06 51   3.01051119e-02
  2.50500000e-06 52   2.60390840e-02
  2.50500000e-06 53   2.22698974e-02
  2.50500000e-06 54   1.87598802e-02
  2.50500000e-06 55   1.54722127e-02
  2.50500000e-06 56   1.23708417e-02
  2.50500000e-06 57   9.42038185e-03
  2.50500000e-06 58   7.27204823e-03
  2.50500000e-06 59   0.00000000e+00

  5.00500000e-06 0   1.00000000e+00
  5.00500000e-06 1   1.55167935e+00
  5.00500000e-06 2   1.37779374e+00
  5.00500000e-06 3   1.34118150e+00
  5.00500000e-06 4   1.30467993e+00
  5.00500000e-06 5   1.26832425e+00
  5.00500000e-06 6   1.23214924e+00
  5.00500000e-06 7   1.19618908e+00
  5.00500000e-06 8   1.16047728e+00
  5.00500000e-06 9   1.12504654e+00
  5.00500000e-06 10   1.08992866e+00
  5.00500000e-06 11   1.05515448e+00
  5.00500000e-06 12   1.02075373e+00
  5.00500000e-06 13   9.86754948e-01
  5.00500000e-06 14   9.53185450e-01
  5.00500000e-06 15   9.20071192e-01
  5.00500000e-06 16   8.87436725e-01
  5.00500000e-06 17   8.55305122e-01
  5.00500000e-06 18   8.23697919e-01
  5.00500000e-06 19   7.92635057e-01
  5.00500000e-06 20   7.62134835e-01
  5.00500000e-06 21   7.32213865e-01
  5.00500000e-06 22   7.02887042e-01
  5.00500000e-06 23   6.74167505e-01
  5.00500000e-06 24   6.46066622e-01
  5.00500000e-06 25   6.18593967e-01
  5.00500000e-06 26   5.91757314e-01
  5.00500000e-06 27   5.65562627e-01
  5.00500000e-06 28   5.40014062e-01
  5.00500000e-06 29   5.15113977e-01
  5.00500000e-06 30   4.90862940e-01
  5.00500000e-06 31   4.67259748e-01
  5.00500000e-06 32   4.44301448e-01
  5.00500000e-06 33   4.21983366e-01
  5.00500000e-06 34   4.00299137e-01
  5.00500000e-06 35   3.79240740e-01
  5.00500000e-06 36   3.58798537e-01
  5.00500000e-06 37   3.38961321e-01
  5.00500000e-06 38   3.19716354e-01
  5.00500000e-06 39   3.01049422e-01
  5.00500000e-06 40   2.82944887e-01
  5.00500000e-06 41   2.65385738e-01
  5.00500000e-06 42   2.48353650e-01
  5.00500000e-06 43   2.31829042e-01
  5.00500000e-06 44   2.15791135e-01
  5.00500000e-06 45   2.00218016e-01
  5.00500000e-06 46   1.85086699e-01
  5.00500000e-06 47   1.70373189e-01
  5.00500000e-06 48   1.56052544e-01
  5.00500000e-06 49   1.42098945e-01
  5.00500000e-06 50   1.28485753e-01
  5.00500000e-06 51   1.15185585e-01
  5.00500000e-06 52   1.02170368e-01
  5.00500000e-06 53   8.94114159e-02
  5.00500000e-06 54   7.68794878e-02
  5.00500000e-06 55   6.45448574e-02
  5.00500000e-06 56   5.23773781e-02
  5.00500000e-06 57   4.03465488e-02
  5.00500000e-06 58   3.13821609e-02
  5.00500000e-06 59   0.00000000e+00

  7.50500000e-06 0   1.00000000e+00
  7.50500000e-06 1   1.55842516e+00
  7.50500000e-06 2   1.39097835e+00
  7.50500000e-06 3   1.36062242e+00
  7.50500000e-06 4   1.33031971e+00
  7.50500000e-06 5   1.30008720e+00
  7.50500000e-06 6   1.26994170e+00
  7.50500000e-06 7   1.23989974e+00
  7.50500000e-06 8   1.20997760e+00
  7.50500000e-06 9   1.18019121e+00
  7.50500000e-06 10   1.15055612e+00
  7.50500000e-06 11   1.12108747e+00
  7.50500000e-06 12   1.09179995e+00
  7.50500000e-06 13   1.06270773e+00
  7.50500000e-06 14   1.03382445e+00
  7.50500000e-06 15   1.00516318e+00
  7.50500000e-06 16   9.76736380e-01
  7.50500000e-06 17   9.48555851e-01
  7.50500000e-06 18   9.20632731e-01
  7.50500000e-06 19   8.92977445e-01
  7.50500000e-06 20   8.65599689e-01
  7.50500000e-06 21   8.38508395e-01
  7.50500000e-06 22   8.11711713e-01
  7.50500000e-06 23   7.85216988e-01
  7.50500000e-06 24   7.59030743e-01
  7.50500000e-06 25   7.33158659e-01
  7.50500000e-06 26   7.07605563e-01
  7.50500000e-06 27   6.82375416e-01
  7.50500000e-06 28   6.57471301e-01
  7.50500000e-06 29   6.32895419e-01
  7.50500000e-06 30   6.08649084e-01
  7.50500000e-06 31   5.84732717e-01
  7.50500000e-06 32   5.61145852e-01
  7.50500000e-06 33   5.37887134e-01
  7.50500000e-06 34   5.14954325e-01
  7.50500000e-06 35   4.92344311e-01
  7.50500000e-06 36   4.70053114e-01
  7.50500000e-06 37   4.48075902e-01
  7.50500000e-06 38   4.26407001e-01
  7.50500000e-06 39   4.05039916e-01
  7.50500000e-06 40   3.83967347e-01
  7.50500000e-06 41   3.63181206e-01
  7.50500000e-06 42   3.42672648e-01
  7.50500000e-06 43   3.22432086e-01
  7.50500000e-06 44   3.02449226e-01
  7.50500000e-06 45   2.82713087e-01
  7.50500000e-06 46   2.63212038e-01
  7.50500000e-06 47   2.43933824e-01
  7.50500000e-06 48   2.24865603e-01
  7.50500000e-06 49   2.05993978e-01
  7.50500000e-06 50   1.87305033e-01
  7.50500000e-06 51   1.68784372e-01
  7.50500000e-06 52   1.50417156e-01
  7.50500000e-06 53   1.32188140e-01
  7.50500000e-06 54   1.14081719e-01
  7.50500000e-06 55   9.60819637e-02
  7.50500000e-06 56   7.81726656e-02
  7.50500000e-06 57   6.03373786e-02
  7.50500000e-06 58   4.69927396e-02
  7.50500000e-06 59   0.00000000e+00

  1.00050000e-05 0   1.00000000e+00
  1.00050000e-05 1   1.56176662e+00
  1.00050000e-05 2   1.39750995e+00
  1.00050000e-05 3   1.37025522e+00
  1.00050000e-05 4   1.34302739e+00
  1.00050000e-05 5   1.31583506e+00
  1.00050000e-05 6   1.28868671e+00
  1.00050000e-05 7   1.26159073e+00
  1.00050000e-05 8   1.23455535e+00
  1.00050000e-05 9   1.20758863e+00
  1.00050000e-05 10   1.18069846e+00
  1.00050000e-05 11   1.15389252e+00
  1.00050000e-05 12   1.12717825e+00
  1.00050000e-05 13   1.10056285e+00
  1.00050000e-05 14   1.07405326e+00
  1.00050000e-05 15   1.04765611e+00
  1.00050000e-05 16   1.02137777e+00
  1.00050000e-05 17   9.95224237e-01
  1.00050000e-05 18   9.69201205e-01
  1.00050000e-05 19   9.43314003e-01
  1.00050000e-05 20   9.17567594e-01
  1.00050000e-05 21   8.91966563e-01
  1.00050000e-05 22   8.66515098e-01
  1.00050000e-05 23   8.41216988e-01
  1.00050000e-05 24   8.16075604e-01
  1.00050000e-05 25   7.91093895e-01
  1.00050000e-05 26   7.66274378e-01
  1.00050000e-05 27   7.41619135e-01
  1.00050000e-05 28   7.17129800e-01
  1.00050000e-05 29   6.92807564e-01
  1.00050000e-05 30   6.68653163e-01
  1.00050000e-05 31   6.44666884e-01
  1.00050000e-05 32   6.20848558e-01
  1.00050000e-05 33   5.97197563e-01
  1.00050000e-05 34   5.73712829e-01
  1.00050000e-05 35   5.50392833e-01
  1.00050000e-05 36   5.27235612e-01
  1.00050000e-05 37   5.04238763e-01
  1.00050000e-05 38   4.81399451e-01
  1.00050000e-05 39   4.58714416e-01
  1.00050000e-05 40   4.36179984e-01
  1.00050000e-05 41   4.13792073e-01
  1.00050000e-05 42   3.91546210e-01
  1.00050000e-05 43   3.69437537e-01
  1.00050000e-05 44   3.47460827e-01
  1.00050000e-05 45   3.25610500e-01
  1.00050000e-05 46   3.03880633e-01
  1.00050000e-05 47   2.82264982e-01
  1.00050000e-05 48   2.60756992e-01
  1.00050000e-05 49   2.39349822e-01
  1.00050000e-05 50   2.18036359e-01
  1.00050000e-05 51   1.96809236e-01
  1.00050000e-05 52   1.75660857e-01
  1.00050000e-05 53   1.54583412e-01
  1.00050000e-05 54   1.33568901e-01
  1.00050000e-05 55   1.12609156e-01
  1.00050000e-05 56   9.16958592e-02
  1.00050000e-05 57   7.08205704e-02
  1.00050000e-05 58   5.51804489e-02
  1.00050000e-05 59   0.00000000e+00

  1.25050000e-05 0   1.00000000e+00
  1.25050000e-05 1   1.56346277e+00
  1.25050000e-05 2   1.40082549e+00
  1.25050000e-05 3   1.37514509e+00
  1.25050000e-05 4   1.34947839e+00
  1.25050000e-05 5   1.32382976e+00
  1.25050000e-05 6   1.29820352e+00
  1.25050000e-05 7   1.27260394e+00
  1.25050000e-05 8   1.24703520e+00
  1.25050000e-05 9   1.22150141e+00
  1.25050000e-05 10   1.19600659e+00
  1.25050000e-05 11   1.17055465e+00
  1.25050000e-05 12   1.14514938e+00
  1.25050000e-05 13   1.11979444e+00
  1.25050000e-05 14   1.09449337e+00
  1.25050000e-05 15   1.06924956e+00
  1.25050000e-05 16   1.04406623e+00
  1.25050000e-05 17   1.01894645e+00
  1.25050000e-05 18   9.93893120e-01
  1.25050000e-05 19   9.68908958e-01
  1.25050000e-05 20   9.43996494e-01
  1.25050000e-05 21   9.19158066e-01
  1.25050000e-05 22   8.94395811e-01
  1.25050000e-05 23   8.69711661e-01
  1.25050000e-05 24   8.45107338e-01
  1.25050000e-05 25   8.20584348e-01
  1.25050000e-05 26   7.96143979e-01
  1.25050000e-05 27   7.71787294e-01
  1.25050000e-05 28   7.47515130e-01
  1.25050000e-05 29   7.23328100e-01
  1.25050000e-05 30   6.99226583e-01
  1.25050000e-05 31   6.75210729e-01
  1.25050000e-05 32   6.51280457e-01
  1.25050000e-05 33   6.27435456e-01
  1.25050000e-05 34   6.03675183e-01
  1.25050000e-05 35   5.79998870e-01
  1.25050000e-05 36   5.56405517e-01
  1.25050000e-05 37   5.32893906e-01
  1.25050000e-05 38   5.09462596e-01
  1.25050000e-05 39   4.86109929e-01
  1.25050000e-05 40   4.62834035e-01
  1.25050000e-05 41   4.39632839e-01
  1.25050000e-05 42   4.16504062e-01
  1.25050000e-05 43   3.93445232e-01
  1.25050000e-05 44   3.70453686e-01
  1.25050000e-05 45   3.47526582e-01
  1.25050000e-05 46   3.24660902e-01
  1.25050000e-05 47   3.01853464e-01
  1.25050000e-05 48   2.79100929e-01
  1.25050000e-05 49   2.56399809e-01
  1.25050000e-05 50   2.33746477e-01
  1.25050000e-05 51   2.11137180e-01
  1.25050000e-05 52   1.88568044e-01
  1.25050000e-05 53   1.66035085e-01
  1.25050000e-05 54   1.43534225e-01
  1.25050000e-05 55   1.21061299e-01
  1.25050000e-05 56   9.86120636e-02
  1.25050000e-05 57   7.61822149e-02
  1.25050000e-05 58   5.93681655e-02
  1.25050000e-05 59   0.00000000e+00

  1.50050000e-05 0   1.00000000e+00
  1.50050000e-05 1   1.56432658e+00
  1.50050000e-05 2   1.40251403e+00
  1.50050000e-05 3   1.37763542e+00
  1.50050000e-05 4   1.35276380e+00
  1.50050000e-05 5   1.32790138e+00
  1.50050000e-05 6   1.30305037e+00
  1.50050000e-05 7   1.27821293e+00
  1.50050000e-05 8   1.25339122e+00
  1.50050000e-05 9   1.22858731e+00
  1.50050000e-05 10   1.20380325e+00
  1.50050000e-05 11   1.17904104e+00
  1.50050000e-05 12   1.15430260e+00
  1.50050000e-05 13   1.12958981e+00
  1.50050000e-05 14   1.10490446e+00
  1.50050000e-05 15   1.08024829e+00
  1.50050000e-05 16   1.05562293e+00
  1.50050000e-05 17   1.03102995e+00
  1.50050000e-05 18   1.00647082e+00
  1.50050000e-05 19   9.81946936e-01
  1.50050000e-05 20   9.57459581e-01
  1.50050000e-05 21   9.33009947e-01
  1.50050000e-05 22   9.08599124e-01
  1.50050000e-05 23   8.84228096e-01
  1.50050000e-05 24   8.59897740e-01
  1.50050000e-05 25   8.35608826e-01
  1.50050000e-05 26   8.11362007e-01
  1.50050000e-05 27   7.87157828e-01
  1.50050000e-05 28   7.62996714e-01
  1.50050000e-05 29   7.38878978e-01
  1.50050000e-05 30   7.14804815e-01
  1.50050000e-05 31   6.90774299e-01
  1.50050000e-05 32   6.66787391e-01
  1.50050000e-05 33   6.42843933e-01
  1.50050000e-05 34   6.18943647e-01
  1.50050000e-05 35   5.95086143e-01
  1.50050000e-05 36   5.71270913e-01
  1.50050000e-05 37   5.47497334e-01
  1.50050000e-05 38   5.23764673e-01
  1.50050000e-05 39   5.00072087e-01
  1.50050000e-05 40   4.76418622e-01
  1.50050000e-05 41   4.52803220e-01
  1.50050000e-05 42   4.29224722e-01
  1.50050000e-05 43   4.05681866e-01
  1.50050000e-05 44   3.82173298e-01
  1.50050000e-05 45   3.58697568e-01
  1.50050000e-05 46   3.35253139e-01
  1.50050000e-05 47   3.11838390e-01
  1.50050000e-05 48   2.88451619e-01
  1.50050000e-05 49   2.65091049e-01
  1.50050000e-05 50   2.41754831e-01
  1.50050000e-05 51   2.18441053e-01
  1.50050000e-05 52   1.95147742e-01
  1.50050000e-05 53   1.71872866e-01
  1.50050000e-05 54   1.48614348e-01
  1.50050000e-05 55   1.25370065e-01
  1.50050000e-05 56   1.02137856e-01
  1.50050000e-05 57   7.89155256e-02
  1.50050000e-05 58   6.15030267e-02
  1.50050000e-05 59   0.00000000e+00

  1.75050000e-05 0   1.00000000e+00
  1.75050000e-05 1   1.56476670e+00
  1.75050000e-05 2   1.40337434e+00
  1.75050000e-05 3   1.37890426e+00
  1.75050000e-05 4   1.35443773e+00
  1.75050000e-05 5   1.32997588e+00
  1.75050000e-05 6   1.30551986e+00
  1.75050000e-05 7   1.28107075e+00
  1.75050000e-05 8   1.25662965e+00
  1.75050000e-05 9   1.23219762e+00
  1.75050000e-05 10   1.20777570e+00
  1.75050000e-05 11   1.18336492e+00
  1.75050000e-05 12   1.15896625e+00
  1.75050000e-05 13   1.13458065e+00
  1.75050000e-05 14   1.11020904e+00
  1.75050000e-05 15   1.08585228e+00
  1.75050000e-05 16   1.06151123e+00
  1.75050000e-05 17   1.03718668e+00
  1.75050000e-05 18   1.01287937e+00
  1.75050000e-05 19   9.88590027e-01
  1.75050000e-05 20   9.64319293e-01
  1.75050000e-05 21   9.40067779e-01
  1.75050000e-05 22   9.15836040e-01
  1.75050000e-05 23   8.91624579e-01
  1.75050000e-05 24   8.67433841e-01
  1.75050000e-05 25   8.43264219e-01
  1.75050000e-05 26   8.19116047e-01
  1.75050000e-05 27   7.94989600e-01
  1.75050000e-05 28   7.70885097e-01
  1.75050000e-05 29   7.46802697e-01
  1.75050000e-05 30   7.22742498e-01
  1.75050000e-05 31   6.98704539e-01
  1.75050000e-05 32   6.74688801e-01
  1.75050000e-05 33   6.50695201e-01
  1.75050000e-05 34   6.26723600e-01
  1.75050000e-05 35   6.02773797e-01
  1.75050000e-05 36   5.78845535e-01
  1.75050000e-05 37   5.54938496e-01
  1.75050000e-05 38   5.31052306e-01
  1.75050000e-05 39   5.07186535e-01
  1.75050000e-05 40   4.83340699e-01
  1.75050000e-05 41   4.59514257e-01
  1.75050000e-05 42   4.35706620e-01
  1.75050000e-05 43   4.11917144e-01
  1.75050000e-05 44   3.88145138e-01
  1.75050000e-05 45   3.64389866e-01
  1.75050000e-05 46   3.40650542e-01
  1.75050000e-05 47   3.16926342e-01
  1.75050000e-05 48   2.93216397e-01
  1.75050000e-05 49   2.69519803e-01
  1.75050000e-05 50   2.45835618e-01
  1.75050000e-05 51   2.22162867e-01
  1.75050000e-05 52   1.98500545e-01
  1.75050000e-05 53   1.74847616e-01
  1.75050000e-05 54   1.51203023e-01
  1.75050000e-05 55   1.27565683e-01
  1.75050000e-05 56   1.03934494e-01
  1.75050000e-05 57   8.03083402e-02
  1.75050000e-05 58   6.25908894e-02
  1.75050000e-05 59   0.00000000e+00

  2.00050000e-05 0   1.00000000e+00
  2.00050000e-05 1   1.56499095e+00
  2.00050000e-05 2   1.40381270e+00
  2.00050000e-05 3   1.37955077e+00
  2.00050000e-05 4   1.35529065e+00
  2.00050000e-05 5   1.33103291e+00
  2.00050000e-05 6   1.30677814e+00
  2.00050000e-05 7   1.28252690e+00
  2.00050000e-05 8   1.25827973e+00
  2.00050000e-05 9   1.23403719e+00
  2.00050000e-05 10   1.20979980e+00
  2.00050000e-05 11   1.18556809e+00
  2.00050000e-05 12   1.16134254e+00
  2.00050000e-05 13   1.13712366e+00
  2.00050000e-05 14   1.11291190e+00
  2.00050000e-05 15   1.08870771e+00
  2.00050000e-05 16   1.06451152e+00
  2.00050000e-05 17   1.04032374e+00
  2.00050000e-05 18   1.01614475e+00
  2.00050000e-05 19   9.91974912e-01
  2.00050000e-05 20   9.67814555e-01
  2.00050000e-05 21   9.43663992e-01
  2.00050000e-05 22   9.19523505e-01
  2.00050000e-05 23   8.95393349e-01
  2.00050000e-05 24   8.71273754e-01
  2.00050000e-05 25   8.47164917e-01
  2.00050000e-05 26   8.23067010e-01
  2.00050000e-05 27   7.98980173e-01
  2.00050000e-05 28   7.74904517e-01
  2.00050000e-05 29   7.50840123e-01
  2.00050000e-05 30   7.26787042e-01
  2.00050000e-05 31   7.02745293e-01
  2.00050000e-05 32   6.78714865e-01
  2.00050000e-05 33   6.54695719e-01
  2.00050000e-05 34   6.30687781e-01
  2.00050000e-05 35   6.06690951e-01
  2.00050000e-05 36   5.82705096e-01
  2.00050000e-05 37   5.58730055e-01
  2.00050000e-05 38   5.34765638e-01
  2.00050000e-05 39   5.10811625e-01
  2.00050000e-05 40   4.86867769e-01
  2.00050000e-05 41   4.62933796e-01
  2.00050000e-05 42   4.39009404e-01
  2.00050000e-05 43   4.15094266e-01
  2.00050000e-05 44   3.91188030e-01
  2.00050000e-05 45   3.67290320e-01
  2.00050000e-05 46   3.43400737e-01
  2.00050000e-05 47   3.19518859e-01
  2.00050000e-05 48   2.95644246e-01
  2.00050000e-05 49   2.71776435e-01
  2.00050000e-05 50   2.47914947e-01
  2.00050000e-05 51   2.24059285e-01
  2.00050000e-05 52   2.00208936e-01
  2.00050000e-05 53   1.76363374e-01
  2.00050000e-05 54   1.52522060e-01
  2.00050000e-05 55   1.28684441e-01
  2.00050000e-05 56   1.04849956e-01
  2.00050000e-05 57   8.10180371e-02
  2.00050000e-05 58   6.31452007e-02
  2.00050000e-05 59   0.00000000e+00

  2.25050000e-05 0   1.00000000e+00
  2.25050000e-05 1   1.56510522e+00
  2.25050000e-05 2   1.40403606e+00
  2.25050000e-05 3   1.37988019e+00
  2.25050000e-05 4   1.35572524e+00
  2.25050000e-05 5   1.33157151e+00
  2.25050000e-05 6   1.30741929e+00
  2.25050000e-05 7   1.28326886e+00
  2.25050000e-05 8   1.25912051e+00
  2.25050000e-05 9   1.23497452e+00
  2.25050000e-05 10   1.21083115e+00
  2.25050000e-05 11   1.18669068e+00
  2.25050000e-05 12   1.16255335e+00
  2.25050000e-05 13   1.13841941e+00
  2.25050000e-05 14   1.11428910e+00
  2.25050000e-05 15   1.09016265e+00
  2.25050000e-05 16   1.06604028e+00
  2.25050000e-05 17   1.04192219e+00
  2.25050000e-05 18   1.01780858e+00
  2.25050000e-05 19   9.93699636e-01
  2.25050000e-05 20   9.69595520e-01
  2.25050000e-05 21   9.45496395e-01
  2.25050000e-05 22   9.21402404e-01
  2.25050000e-05 23   8.97313677e-01
  2.25050000e-05 24   8.73230331e-01
  2.25050000e-05 25   8.49152467e-01
  2.25050000e-05 26   8.25080172e-01
  2.25050000e-05 27   8.01013517e-01
  2.25050000e-05 28   7.76952560e-01
  2.25050000e-05 29   7.52897342e-01
  2.25050000e-05 30   7.28847887e-01
  2.25050000e-05 31   7.04804207e-01
  2.25050000e-05 32   6.80766295e-01
  2.25050000e-05 33   6.56734131e-01
  2.25050000e-05 34   6.32707679e-01
  2.25050000e-05 35   6.08686887e-01
  2.25050000e-05 36   5.84671686e-01
  2.25050000e-05 37   5.60661996e-01
  2.25050000e-05 38   5.36657719e-01
  2.25050000e-05 39   5.12658744e-01
  2.25050000e-05 40   4.88664944e-01
  2.25050000e-05 41   4.64676179e-01
  2.25050000e-05 42   4.40692297e-01
  2.25050000e-05 43   4.16713129e-01
  2.25050000e-05 44   3.92738498e-01
  2.25050000e-05 45   3.68768211e-01
  2.25050000e-05 46   3.44802064e-01
  2.25050000e-05 47   3.20839844e-01
  2.25050000e-05 48   2.96881326e-01
  2.25050000e-05 49   2.72926273e-01
  2.25050000e-05 50   2.48974443e-01
  2.25050000e-05 51   2.25025580e-01
  2.25050000e-05 52   2.01079426e-01
  2.25050000e-05 53   1.77135710e-01
  2.25050000e-05 54   1.53194158e-01
  2.25050000e-05 55   1.29254490e-01
  2.25050000e-05 56   1.05316419e-01
  2.25050000e-05 57   8.13796544e-02
  2.25050000e-05 58   6.34276432e-02
  2.25050000e-05 59   0.00000000e+00

  2.50050000e-05 0   1.00000000e+00
  2.50050000e-05 1   1.56516344e+00
  2.50050000e-05 2   1.40414987e+00
  2.50050000e-05 3   1.38004804e+00
  2.50050000e-05 4   1.35594668e+00
  2.50050000e-05 5   1.33184594e+00
  2.50050000e-05 6   1.30774597e+00
  2.50050000e-05 7   1.28364692e+00
  2.50050000e-05 8   1.25954892e+00
  2.50050000e-05 9   1.23545212e+00
  2.50050000e-05 10   1.21135667e+00
  2.50050000e-05 11   1.18726268e+00
  2.50050000e-05 12   1.16317030e+00
  2.50050000e-05 13   1.13907964e+00
  2.50050000e-05 14   1.11499084e+00
  2.50050000e-05 15   1.09090400e+00
  2.50050000e-05 16   1.06681924e+00
  2.50050000e-05 17   1.04273666e+00
  2.50050000e-05 18   1.01865637e+00
  2.50050000e-05 19   9.94578446e-01
  2.50050000e-05 20   9.70502988e-01
  2.50050000e-05 21   9.46430072e-01
  2.50050000e-05 22   9.22359772e-01
  2.50050000e-05 23   8.98292155e-01
  2.50050000e-05 24   8.74227279e-01
  2.50050000e-05 25   8.50165197e-01
  2.50050000e-05 26   8.26105953e-01
  2.50050000e-05 27   8.02049582e-01
  2.50050000e-05 28   7.77996114e-01
  2.50050000e-05 29   7.53945571e-01
  2.50050000e-05 30   7.29897964e-01
  2.50050000e-05 31   7.05853300e-01
  2.50050000e-05 32   6.81811575e-01
  2.50050000e-05 33   6.57772778e-01
  2.50050000e-05 34   6.33736892e-01
  2.50050000e-05 35   6.09703890e-01
  2.50050000e-05 36   5.85673737e-01
  2.50050000e-05 37   5.61646392e-01
  2.50050000e-05 38   5.37621805e-01
  2.50050000e-05 39   5.13599919e-01
  2.50050000e-05 40   4.89580671e-01
  2.50050000e-05 41   4.65563988e-01
  2.50050000e-05 42   4.41549793e-01
  2.50050000e-05 43   4.17538000e-01
  2.50050000e-05 44   3.93528519e-01
  2.50050000e-05 45   3.69521251e-01
  2.50050000e-05 46   3.45516093e-01
  2.50050000e-05 47   3.21512935e-01
  2.50050000e-05 48   2.97511664e-01
  2.50050000e-05 49   2.73512159e-01
  2.50050000e-05 50   2.49514295e-01
  2.50050000e-05 51   2.25517944e-01
  2.50050000e-05 52   2.01522973e-01
  2.50050000e-05 53   1.77529244e-01
  2.50050000e-05 54   1.53536618e-01
  2.50050000e-05 55   1.29544951e-01
  2.50050000e-05 56   1.05554099e-01
  2.50050000e-05 57   8.15639118e-02
  2.50050000e-05 58   6.35715582e-02
  2.50050000e-05 59   0.00000000e+00

  2.75050000e-05 0   1.00000000e+00
  2.75050000e-05 1   1.56519311e+00
  2.75050000e-05 2   1.40420786e+00
  2.75050000e-05 3   1.38013357e+00
  2.75050000e-05 4   1.35605951e+00
  2.75050000e-05 5   1.33198578e+00
  2.75050000e-05 6   1.30791243e+00
  2.75050000e-05 7   1.28383955e+00
  2.75050000e-05 8   1.25976721e+00
  2.75050000e-05 9   1.23569548e+00
  2.75050000e-05 10   1.21162443e+00
  2.75050000e-05 11   1.18755414e+00
  2.75050000e-05 12   1.16348466e+00
  2.75050000e-05 13   1.13941606e+00
  2.75050000e-05 14   1.11534840e+00
  2.75050000e-05 15   1.09128175e+00
  2.75050000e-05 16   1.06721615e+00
  2.75050000e-05 17   1.04315167e+00
  2.75050000e-05 18   1.01908834e+00
  2.75050000e-05 19   9.95026233e-01
  2.75050000e-05 20   9.70965376e-01
  2.75050000e-05 21   9.46905815e-01
  2.75050000e-05 22   9.22847587e-01
  2.75050000e-05 23   8.98790726e-01
  2.75050000e-05 24   8.74735262e-01
  2.75050000e-05 25   8.50681221e-01
  2.75050000e-05 26   8.26628626e-01
  2.75050000e-05 27   8.02577495e-01
  2.75050000e-05 28   7.78527844e-01
  2.75050000e-05 29   7.54479682e-01
  2.75050000e-05 30   7.30433017e-01
  2.75050000e-05 31   7.06387851e-01
  2.75050000e-05 32   6.82344183e-01
  2.75050000e-05 33   6.58302007e-01
  2.75050000e-05 34   6.34261314e-01
  2.75050000e-05 35   6.10222091e-01
  2.75050000e-05 36   5.86184319e-01
  2.75050000e-05 37   5.62147978e-01
  2.75050000e-05 38   5.38113043e-01
  2.75050000e-05 39   5.14079483e-01
  2.75050000e-05 40   4.90047268e-01
  2.75050000e-05 41   4.66016360e-01
  2.75050000e-05 42   4.41986719e-01
  2.75050000e-05 43   4.17958302e-01
  2.75050000e-05 44   3.93931064e-01
  2.75050000e-05 45   3.69904953e-01
  2.75050000e-05 46   3.45879917e-01
  2.75050000e-05 47   3.21855900e-01
  2.75050000e-05 48   2.97832845e-01
  2.75050000e-05 49   2.73810689e-01
  2.75050000e-05 50   2.49789370e-01
  2.75050000e-05 51   2.25768822e-01
  2.75050000e-05 52   2.01748976e-01
  2.75050000e-05 53   1.77729764e-01
  2.75050000e-05 54   1.53711114e-01
  2.75050000e-05 55   1.29692952e-01
  2.75050000e-05 56   1.05675205e-01
  2.75050000e-05 57   8.16577979e-02
  2.75050000e-05 58   6.36448882e-02
  2.75050000e-05 59   0.00000000e+00

  3.00050000e-05 0   1.00000000e+00
  3.00050000e-05 1   1.56520822e+00
  3.00050000e-05 2   1.40423741e+00
  3.00050000e-05 3   1.38017715e+00
  3.00050000e-05 4   1.35611701e+00
  3.00050000e-05 5   1.33205703e+00
  3.00050000e-05 6   1.30799725e+00
  3.00050000e-05 7   1.28393770e+00
  3.00050000e-05 8   1.25987844e+00
  3.00050000e-05 9   1.23581948e+00
  3.00050000e-05 10   1.21176087e+00
  3.00050000e-05 11   1.18770264e+00
  3.00050000e-05 12   1.16364483e+00
  3.00050000e-05 13   1.13958747e+00
  3.00050000e-05 14   1.11553059e+00
  3.00050000e-05 15   1.09147422e+00
  3.00050000e-05 16   1.06741839e+00
  3.00050000e-05 17   1.04336312e+00
  3.00050000e-05 18   1.01930845e+00
  3.00050000e-05 19   9.95254397e-01
  3.00050000e-05 20   9.71200980e-01
  3.00050000e-05 21   9.47148224e-01
  3.00050000e-05 22   9.23096147e-01
  3.00050000e-05 23   8.99044766e-01
  3.00050000e-05 24   8.74994098e-01
  3.00050000e-05 25   8.50944154e-01
  3.00050000e-05 26   8.26894947e-01
  3.00050000e-05 27   8.02846487e-01
  3.00050000e-05 28   7.78798780e-01
  3.00050000e-05 29   7.54751832e-01
  3.00050000e-05 30   7.30705647e-01
  3.00050000e-05 31   7.06660225e-01
  3.00050000e-05 32   6.82615567e-01
  3.00050000e-05 33   6.58571669e-01
  3.00050000e-05 34   6.34528527e-01
  3.00050000e-05 35   6.10486134e-01
  3.00050000e-05 36   5.86444480e-01
  3.00050000e-05 37   5.62403555e-01
  3.00050000e-05 38   5.38363346e-01
  3.00050000e-05 39   5.14323839e-01
  3.00050000e-05 40   4.90285016e-01
  3.00050000e-05 41   4.66246860e-01
  3.00050000e-05 42   4.42209349e-01
  3.00050000e-05 43   4.18172462e-01
  3.00050000e-05 44   3.94136175e-01
  3.00050000e-05 45   3.70100463e-01
  3.00050000e-05 46   3.46065299e-01
  3.00050000e-05 47   3.22030654e-01
  3.00050000e-05 48   2.97996498e-01
  3.00050000e-05 49   2.73962802e-01
  3.00050000e-05 50   2.49929531e-01
  3.00050000e-05 51   2.25896653e-01
  3.00050000e-05 52   2.01864133e-01
  3.00050000e-05 53   1.77831936e-01
  3.00050000e-05 54   1.53800026e-01
  3.00050000e-05 55   1.29768364e-01
  3.00050000e-05 56   1.05736914e-01
  3.00050000e-05 57   8.17056363e-02
  3.00050000e-05 58   6.36822526e-02
  3.00050000e-05 59   0.00000000e+00

  3.25050000e-05 0   1.00000000e+00
  3.25050000e-05 1   1.56521592e+00
  3.25050000e-05 2   1.40425247e+00
  3.25050000e-05 3   1.38019935e+00
  3.25050000e-05 4   1.35614630e+00
  3.25050000e-05 5   1.33209333e+00
  3.25050000e-05 6   1.30804046e+00
  3.25050000e-05 7   1.28398772e+00
  3.25050000e-05 8   1.25993511e+00
  3.25050000e-05 9   1.23588266e+00
  3.25050000e-05 10   1.21183039e+00
  3.25050000e-05 11   1.18777832e+00
  3.25050000e-05 12   1.16372645e+00
  3.25050000e-05 13   1.13967482e+00
  3.25050000e-05 14   1.11562342e+00
  3.25050000e-05 15   1.09157229e+00
  3.25050000e-05 16   1.06752144e+00
  3.25050000e-05 17   1.04347087e+00
  3.25050000e-05 18   1.01942061e+00
  3.25050000e-05 19   9.95370654e-01
  3.25050000e-05 20   9.71321029e-01
  3.25050000e-05 21   9.47271740e-01
  3.25050000e-05 22   9.23222797e-01
  3.25050000e-05 23   8.99174209e-01
  3.25050000e-05 24   8.75125984e-01
  3.25050000e-05 25   8.51078128e-01
  3.25050000e-05 26   8.27030648e-01
  3.25050000e-05 27   8.02983548e-01
  3.25050000e-05 28   7.78936832e-01
  3.25050000e-05 29   7.54890502e-01
  3.25050000e-05 30   7.30844562e-01
  3.25050000e-05 31   7.06799010e-01
  3.25050000e-05 32   6.82753847e-01
  3.25050000e-05 33   6.58709072e-01
  3.25050000e-05 34   6.34664682e-01
  3.25050000e-05 35   6.10620673e-01
  3.25050000e-05 36   5.86577041e-01
  3.25050000e-05 37   5.62533781e-01
  3.25050000e-05 38   5.38490885e-01
  3.25050000e-05 39   5.14448347e-01
  3.25050000e-05 40   4.90406158e-01
  3.25050000e-05 41   4.66364308e-01
  3.25050000e-05 42   4.42322787e-01
  3.25050000e-05 43   4.18281584e-01
  3.25050000e-05 44   3.94240687e-01
  3.25050000e-05 45   3.70200083e-01
  3.25050000e-05 46   3.46159758e-01
  3.25050000e-05 47   3.22119697e-01
  3.25050000e-05 48   2.98079886e-01
  3.25050000e-05 49   2.74040308e-01
  3.25050000e-05 50   2.50000948e-01
  3.25050000e-05 51   2.25961788e-01
  3.25050000e-05 52   2.01922810e-01
  3.25050000e-05 53   1.77883997e-01
  3.25050000e-05 54   1.53845330e-01
  3.25050000e-05 55   1.29806789e-01
  3.25050000e-05 56   1.05768356e-01
  3.25050000e-05 57   8.17300117e-02
  3.25050000e-05 58   6.37012911e-02
  3.25050000e-05 59   0.00000000e+00

  3.50050000e-05 0   1.00000000e+00
  3.50050000e-05 1   1.56521985e+00
  3.50050000e-05 2   1.40426014e+00
  3.50050000e-05 3   1.38021067e+00
  3.50050000e-05 4   1.35616123e+00
  3.50050000e-05 5   1.33211183e+00
  3.50050000e-05 6   1.30806248e+00
  3.50050000e-05 7   1.28401320e+00
  3.50050000e-05 8   1.25996399e+00
  3.50050000e-05 9   1.23591486e+00
  3.50050000e-05 10   1.21186581e+00
  3.50050000e-05 11   1.18781687e+00
  3.50050000e-05 12   1.16376804e+00
  3.50050000e-05 13   1.13971932e+00
  3.50050000e-05 14   1.11567073e+00
  3.50050000e-05 15   1.09162227e+00
  3.50050000e-05 16   1.06757395e+00
  3.50050000e-05 17   1.04352577e+00
  3.50050000e-05 18   1.01947775e+00
  3.50050000e-05 19   9.95429892e-01
  3.50050000e-05 20   9.71382199e-01
  3.50050000e-05 21   9.47334676e-01
  3.50050000e-05 22   9.23287331e-01
  3.50050000e-05 23   8.99240165e-01
  3.50050000e-05 24   8.75193185e-01
  3.50050000e-05 25   8.51146393e-01
  3.50050000e-05 26   8.27099793e-01
  3.50050000e-05 27   8.03053386e-01
  3.50050000e-05 28   7.79007174e-01
  3.50050000e-05 29   7.54961160e-01
  3.50050000e-05 30   7.30915344e-01
  3.50050000e-05 31   7.06869726e-01
  3.50050000e-05 32   6.82824306e-01
  3.50050000e-05 33   6.58779084e-01
  3.50050000e-05 34   6.34734058e-01
  3.50050000e-05 35   6.10689226e-01
  3.50050000e-05 36   5.86644586e-01
  3.50050000e-05 37   5.62600136e-01
  3.50050000e-05 38   5.38555871e-01
  3.50050000e-05 39   5.14511789e-01
  3.50050000e-05 40   4.90467884e-01
  3.50050000e-05 41   4.66424152e-01
  3.50050000e-05 42   4.42380588e-01
  3.50050000e-05 43   4.18337186e-01
  3.50050000e-05 44   3.94293940e-01
  3.50050000e-05 45   3.70250843e-01
  3.50050000e-05 46   3.46207888e-01
  3.50050000e-05 47   3.22165068e-01
  3.50050000e-05 48   2.98122375e-01
  3.50050000e-05 49   2.74079801e-01
  3.50050000e-05 50   2.50037338e-01
  3.50050000e-05 51   2.25994977e-01
  3.50050000e-05 52   2.01952708e-01
  3.50050000e-05 53   1.77910524e-01
  3.50050000e-05 54   1.53868414e-01
  3.50050000e-05 55   1.29826368e-01
  3.50050000e-05 56   1.05784378e-01
  3.50050000e-05 57   8.17424319e-02
  3.50050000e-05 58   6.37109919e-02
  3.50050000e-05 59   0.00000000e+00

  3.75050000e-05 0   1.00000000e+00
  3.75050000e-05 1   1.56522185e+00
  3.75050000e-05 2   1.40426405e+00
  3.75050000e-05 3   1.38021643e+00
  3.75050000e-05 4   1.35616883e+00
  3.75050000e-05 5   1.33212126e+00
  3.75050000e-05 6   1.30807371e+00
  3.75050000e-05 7   1.28402619e+00
  3.75050000e-05 8   1.25997870e+00
  3.75050000e-05 9   1.23593126e+00
  3.75050000e-05 10   1.21188386e+00
  3.75050000e-05 11   1.18783652e+00
  3.75050000e-05 12   1.16378923e+00
  3.75050000e-05 13   1.13974200e+00
  3.75050000e-05 14   1.11569483e+00
  3.75050000e-05 15   1.09164773e+00
  3.75050000e-05 16   1.06760070e+00
  3.75050000e-05 17   1.04355375e+00
  3.75050000e-05 18   1.01950687e+00
  3.75050000e-05 19   9.95460076e-01
  3.75050000e-05 20   9.71413367e-01
  3.75050000e-05 21   9.47366745e-01
  3.75050000e-05 22   9.23320213e-01
  3.75050000e-05 23   8.99273772e-01
  3.75050000e-05 24   8.75227427e-01
  3.75050000e-05 25   8.51181177e-01
  3.75050000e-05 26   8.27135024e-01
  3.75050000e-05 27   8.03088970e-01
  3.75050000e-05 28   7.79043016e-01
  3.75050000e-05 29   7.54997163e-01
  3.75050000e-05 30   7.30951410e-01
  3.75050000e-05 31   7.06905758e-01
  3.75050000e-05 32   6.82860208e-01
  3.75050000e-05 33   6.58814757e-01
  3.75050000e-05 34   6.34769407e-01
  3.75050000e-05 35   6.10724156e-01
  3.75050000e-05 36   5.86679003e-01
  3.75050000e-05 37   5.62633946e-01
  3.75050000e-05 38   5.38588984e-01
  3.75050000e-05 39   5.14544115e-01
  3.75050000e-05 40   4.90499336e-01
  3.75050000e-05 41   4.66454645e-01
  3.75050000e-05 42   4.42410040e-01
  3.75050000e-05 43   4.18365517e-01
  3.75050000e-05 44   3.94321074e-01
  3.75050000e-05 45   3.70276707e-01
  3.75050000e-05 46   3.46232412e-01
  3.75050000e-05 47   3.22188186e-01
  3.75050000e-05 48   2.98144025e-01
  3.75050000e-05 49   2.74099924e-01
  3.75050000e-05 50   2.50055880e-01
  3.75050000e-05 51   2.26011887e-01
  3.75050000e-05 52   2.01967943e-01
  3.75050000e-05 53   1.77924040e-01
  3.75050000e-05 54   1.53880176e-01
  3.75050000e-05 55   1.29836345e-01
  3.75050000e-05 56   1.05792541e-01
  3.75050000e-05 57   8.17487605e-02
  3.75050000e-05 58   6.37159349e-02
  3.75050000e-05 59   0.00000000e+00

  4.00050000e-05 0   1.00000000e+00
  4.00050000e-05 1   1.56522287e+00
  4.00050000e-05 2   1.40426604e+00
  4.00050000e-05 3   1.38021937e+00
  4.00050000e-05 4   1.35617271e+00
  4.00050000e-05 5   1.33212606e+00
  4.00050000e-05 6   1.30807942e+00
  4.00050000e-05 7   1.28403280e+00
  4.00050000e-05 8   1.25998620e+00
  4.00050000e-05 9   1.23593962e+00
  4.00050000e-05 10   1.21189306e+00
  4.00050000e-05 11   1.18784653e+00
  4.00050000e-05 12   1.16380002e+00
  4.00050000e-05 13   1.13975355e+00
  4.00050000e-05 14   1.11570711e+00
  4.00050000e-05 15   1.09166070e+00
  4.00050000e-05 16   1.06761433e+00
  4.00050000e-05 17   1.04356800e+00
  4.00050000e-05 18   1.01952171e+00
  4.00050000e-05 19   9.95475456e-01
  4.00050000e-05 20   9.71429248e-01
  4.00050000e-05 21   9.47383085e-01
  4.00050000e-05 22   9.23336967e-01
  4.00050000e-05 23   8.99290897e-01
  4.00050000e-05 24   8.75244874e-01
  4.00050000e-05 25   8.51198900e-01
  4.00050000e-05 26   8.27152976e-01
  4.00050000e-05 27   8.03107102e-01
  4.00050000e-05 28   7.79061279e-01
  4.00050000e-05 29   7.55015508e-01
  4.00050000e-05 30   7.30969787e-01
  4.00050000e-05 31   7.06924118e-01
  4.00050000e-05 32   6.82878501e-01
  4.00050000e-05 33   6.58832935e-01
  4.00050000e-05 34   6.34787419e-01
  4.00050000e-05 35   6.10741954e-01
  4.00050000e-05 36   5.86696539e-01
  4.00050000e-05 37   5.62651174e-01
  4.00050000e-05 38   5.38605856e-01
  4.00050000e-05 39   5.14560586e-01
  4.00050000e-05 40   4.90515362e-01
  4.00050000e-05 41   4.66470183e-01
  4.00050000e-05 42   4.42425047e-01
  4.00050000e-05 43   4.18379953e-01
  4.00050000e-05 44   3.94334900e-01
  4.00050000e-05 45   3.70289886e-01
  4.00050000e-05 46   3.46244908e-01
  4.00050000e-05 47   3.22199966e-01
  4.00050000e-05 48   2.98155056e-01
  4.00050000e-05 49   2.74110177e-01
  4.00050000e-05 50   2.50065328e-01
  4.00050000e-05 51   2.26020504e-01
  4.00050000e-05 52   2.01975705e-01
  4.00050000e-05 53   1.77930927e-01
  4.00050000e-05 54   1.53886169e-01
  4.00050000e-05 55   1.29841428e-01
  4.00050000e-05 56   1.05796701e-01
  4.00050000e-05 57   8.17519851e-02
  4.00050000e-05 58   6.37184535e-02
  4.00050000e-05 59   0.00000000e+00

  4.25050000e-05 0   1.00000000e+00
  4.25050000e-05 1   1.56522339e+00
  4.25050000e-05 2   1.40426706e+00
  4.25050000e-05 3   1.38022087e+00
  4.25050000e-05 4   1.35617468e+00
  4.25050000e-05 5   1.33212851e+00
  4.25050000e-05 6   1.30808234e+00
  4.25050000e-05 7   1.28403617e+00
  4.25050000e-05 8   1.25999002e+00
  4.25050000e-05 9   1.23594388e+00
  4.25050000e-05 10   1.21189775e+00
  4.25050000e-05 11   1.18785163e+00
  4.25050000e-05 12   1.16380553e+00
  4.25050000e-05 13   1.13975944e+00
  4.25050000e-05 14   1.11571337e+00
  4.25050000e-05 15   1.09166731e+00
  4.25050000e-05 16   1.06762128e+00
  4.25050000e-05 17   1.04357526e+00
  4.25050000e-05 18   1.01952927e+00
  4.25050000e-05 19   9.95483292e-01
  4.25050000e-05 20   9.71437340e-01
  4.25050000e-05 21   9.47391410e-01
  4.25050000e-05 22   9.23345504e-01
  4.25050000e-05 23   8.99299622e-01
  4.25050000e-05 24   8.75253764e-01
  4.25050000e-05 25   8.51207931e-01
  4.25050000e-05 26   8.27162123e-01
  4.25050000e-05 27   8.03116341e-01
  4.25050000e-05 28   7.79070585e-01
  4.25050000e-05 29   7.55024855e-01
  4.25050000e-05 30   7.30979151e-01
  4.25050000e-05 31   7.06933473e-01
  4.25050000e-05 32   6.82887822e-01
  4.25050000e-05 33   6.58842196e-01
  4.25050000e-05 34   6.34796597e-01
  4.25050000e-05 35   6.10751023e-01
  4.25050000e-05 36   5.86705475e-01
  4.25050000e-05 37   5.62659952e-01
  4.25050000e-05 38   5.38614453e-01
  4.25050000e-05 39   5.14568979e-01
  4.25050000e-05 40   4.90523527e-01
  4.25050000e-05 41   4.66478099e-01
  4.25050000e-05 42   4.42432693e-01
  4.25050000e-05 43   4.18387309e-01
  4.25050000e-05 44   3.94341945e-01
  4.25050000e-05 45   3.70296601e-01
  4.25050000e-05 46   3.46251275e-01
  4.25050000e-05 47   3.22205968e-01
  4.25050000e-05 48   2.98160677e-01
  4.25050000e-05 49   2.74115402e-01
  4.25050000e-05 50   2.50070142e-01
  4.25050000e-05 51   2.26024895e-01
  4.25050000e-05 52   2.01979660e-01
  4.25050000e-05 53   1.77934437e-01
  4.25050000e-05 54   1.53889223e-01
  4.25050000e-05 55   1.29844018e-01
  4.25050000e-05 56   1.05798820e-01
  4.25050000e-05 57   8.17536282e-02
  4.25050000e-05 58   6.37197368e-02
  4.25050000e-05 59   0.00000000e+00

  4.50050000e-05 0   1.00000000e+00
  4.50050000e-05 1   1.56522365e+00
  4.50050000e-05 2   1.40426757e+00
  4.50050000e-05 3   1.38022163e+00
  4.50050000e-05 4   1.35617569e+00
  4.50050000e-05 5   1.33212975e+00
  4.50050000e-05 6   1.30808382e+00
  4.50050000e-05 7   1.28403789e+00
  4.50050000e-05 8   1.25999197e+00
  4.50050000e-05 9   1.23594605e+00
  4.50050000e-05 10   1.21190013e+00
  4.50050000e-05 11   1.18785423e+00
  4.50050000e-05 12   1.16380833e+00
  4.50050000e-05 13   1.13976244e+00
  4.50050000e-05 14   1.11571656e+00
  4.50050000e-05 15   1.09167068e+00
  4.50050000e-05 16   1.06762482e+00
  4.50050000e-05 17   1.04357896e+00
  4.50050000e-05 18   1.01953312e+00
  4.50050000e-05 19   9.95487285e-01
  4.50050000e-05 20   9.71441463e-01
  4.50050000e-05 21   9.47395653e-01
  4.50050000e-05 22   9.23349854e-01
  4.50050000e-05 23   8.99304068e-01
  4.50050000e-05 24   8.75258294e-01
  4.50050000e-05 25   8.51212532e-01
  4.50050000e-05 26   8.27166784e-01
  4.50050000e-05 27   8.03121049e-01
  4.50050000e-05 28   7.79075327e-01
  4.50050000e-05 29   7.55029618e-01
  4.50050000e-05 30   7.30983922e-01
  4.50050000e-05 31   7.06938240e-01
  4.50050000e-05 32   6.82892571e-01
  4.50050000e-05 33   6.58846916e-01
  4.50050000e-05 34   6.34801273e-01
  4.50050000e-05 35   6.10755644e-01
  4.50050000e-05 36   5.86710028e-01
  4.50050000e-05 37   5.62664425e-01
  4.50050000e-05 38   5.38618834e-01
  4.50050000e-05 39   5.14573255e-01
  4.50050000e-05 40   4.90527688e-01
  4.50050000e-05 41   4.66482133e-01
  4.50050000e-05 42   4.42436590e-01
  4.50050000e-05 43   4.18391057e-01
  4.50050000e-05 44   3.94345534e-01
  4.50050000e-05 45   3.70300022e-01
  4.50050000e-05 46   3.46254520e-01
  4.50050000e-05 47   3.22209026e-01
  4.50050000e-05 48   2.98163541e-01
  4.50050000e-05 49   2.74118064e-01
  4.50050000e-05 50   2.50072594e-01
  4.50050000e-05 51   2.26027132e-01
  4.50050000e-05 52   2.01981675e-01
  4.50050000e-05 53   1.77936225e-01
  4.50050000e-05 54   1.53890779e-01
  4.50050000e-05 55   1.29845338e-01
  4.50050000e-05 56   1.05799900e-01
  4.50050000e-05 57   8.17544654e-02
  4.50050000e-05 58   6.37203907e-02
  4.50050000e-05 59   0.00000000e+00

  4.75050000e-05 0   1.00000000e+00
  4.75050000e-05 1   1.56522379e+00
  4.75050000e-05 2   1.40426784e+00
  4.75050000e-05 3   1.38022202e+00
  4.75050000e-05 4   1.35617620e+00
  4.75050000e-05 5   1.33213039e+00
  4.75050000e-05 6   1.30808458e+00
  4.75050000e-05 7   1.28403877e+00
  4.75050000e-05 8   1.25999296e+00
  4.75050000e-05 9   1.23594715e+00
  4.75050000e-05 10   1.21190135e+00
  4.75050000e-05 11   1.18785555e+00
  4.75050000e-05 12   1.16380976e+00
  4.75050000e-05 13   1.13976397e+00
  4.75050000e-05 14   1.11571818e+00
  4.75050000e-05 15   1.09167240e+00
  4.75050000e-05 16   1.06762662e+00
  4.75050000e-05 17   1.04358085e+00
  4.75050000e-05 18   1.01953508e+00
  4.75050000e-05 19   9.95489320e-01
  4.75050000e-05 20   9.71443564e-01
  4.75050000e-05 21   9.47397814e-01
  4.75050000e-05 22   9.23352071e-01
  4.75050000e-05 23   8.99306333e-01
  4.75050000e-05 24   8.75260602e-01
  4.75050000e-05 25   8.51214877e-01
  4.75050000e-05 26   8.27169159e-01
  4.75050000e-05 27   8.03123447e-01
  4.75050000e-05 28   7.79077743e-01
  4.75050000e-05 29   7.55032044e-01
  4.75050000e-05 30   7.30986353e-01
  4.75050000e-05 31   7.06940669e-01
  4.75050000e-05 32   6.82894991e-01
  4.75050000e-05 33   6.58849320e-01
  4.75050000e-05 34   6.34803656e-01
  4.75050000e-05 35   6.10757999e-01
  4.75050000e-05 36   5.86712348e-01
  4.75050000e-05 37   5.62666704e-01
  4.75050000e-05 38   5.38621066e-01
  4.75050000e-05 39   5.14575434e-01
  4.75050000e-05 40   4.90529808e-01
  4.75050000e-05 41   4.66484189e-01
  4.75050000e-05 42   4.42438575e-01
  4.75050000e-05 43   4.18392966e-01
  4.75050000e-05 44   3.94347363e-01
  4.75050000e-05 45   3.70301766e-01
  4.75050000e-05 46   3.46256173e-01
  4.75050000e-05 47   3.22210584e-01
  4.75050000e-05 48   2.98165000e-01
  4.75050000e-05 49   2.74119420e-01
  4.75050000e-05 50   2.50073844e-01
  4.75050000e-05 51   2.26028272e-01
  4.75050000e-05 52   2.01982702e-01
  4.75050000e-05 53   1.77937136e-01
  4.75050000e-05 54   1.53891572e-01
  4.75050000e-05 55   1.29846010e-01
  4.75050000e-05 56   1.05800450e-01
  4.75050000e-05 57   8.17548920e-02
  4.75050000e-05 58   6.37207239e-02
  4.75050000e-05 59   0.00000000e+00

