  0.00000000e+00 0   1.00000000e+00
  0.00000000e+00 1   0.00000000e+00
  0.00000000e+00 2   0.00000000e+00
  0.00000000e+00 3   0.00000000e+00
  0.00000000e+00 4   0.00000000e+00
  0.00000000e+00 5   0.00000000e+00
  0.00000000e+00 6   0.00000000e+00
  0.00000000e+00 7   0.00000000e+00
  0.00000000e+00 8   0.00000000e+00
  0.00000000e+00 9   0.00000000e+00
  0.00000000e+00 10   0.00000000e+00
  0.00000000e+00 11   0.00000000e+00
  0.00000000e+00 12   0.00000000e+00
  0.00000000e+00 13   0.00000000e+00
  0.00000000e+00 14   0.00000000e+00
  0.00000000e+00 15   0.00000000e+00
  0.00000000e+00 16   0.00000000e+00
  0.00000000e+00 17   0.00000000e+00
  0.00000000e+00 18   0.00000000e+00
  0.00000000e+00 19   0.00000000e+00
  0.00000000e+00 20   0.00000000e+00
  0.00000000e+00 21   0.00000000e+00
  0.00000000e+00 22   0.00000000e+00
  0.00000000e+00 23   0.00000000e+00
  0.00000000e+00 24   0.00000000e+00
  0.00000000e+00 25   0.00000000e+00
  0.00000000e+00 26   0.00000000e+00
  0.00000000e+00 27   0.00000000e+00
  0.00000000e+00 28   0.00000000e+00
  0.00000000e+00 29   0.00000000e+00
  0.00000000e+00 30   0.00000000e+00
  0.00000000e+00 31   0.00000000e+00
  0.00000000e+00 32   0.00000000e+00
  0.00000000e+00 33   0.00000000e+00
  0.00000000e+00 34   0.00000000e+00
  0.00000000e+00 35   0.00000000e+00
  0.00000000e+00 36   0.00000000e+00
  0.00000000e+00 37   0.00000000e+00
  0.00000000e+00 38   0.00000000e+00
  0.00000000e+00 39   0.00000000e+00
  0.00000000e+00 40   0.00000000e+00
  0.00000000e+00 41   0.00000000e+00
  0.00000000e+00 42   0.00000000e+00
  0.00000000e+00 43   0.00000000e+00
  0.00000000e+00 44   0.00000000e+00
  0.00000000e+00 45   0.00000000e+00
  0.00000000e+00 46   0.00000000e+00
  0.00000000e+00 47   0.00000000e+00
  0.00000000e+00 48   0.00000000e+00
  0.00000000e+00 49   0.00000000e+00
  0.00000000e+00 50   0.00000000e+00
  0.00000000e+00 51   0.00000000e+00
  0.00000000e+00 52   0.00000000e+00
  0.00000000e+00 53   0.00000000e+00
  0.00000000e+00 54   0.00000000e+00
  0.00000000e+00 55   0.00000000e+00
  0.00000000e+00 56   0.00000000e+00
  0.00000000e+00 57   0.00000000e+00
  0.00000000e+00 58   0.00000000e+00
  0.00000000e+00 59   0.00000000e+00

  2.50000000e-09 0   1.00000000e+00
  2.50000000e-09 1   1.17749006e-01
  2.50000000e-09 2   2.02025355e-02
  2.50000000e-09 3   3.46620711e-03
  2.50000000e-09 4   5.94707120e-04
  2.50000000e-09 5   1.02035610e-04
  2.50000000e-09 6   1.75065431e-05
  2.50000000e-09 7   3.00364793e-06
  2.50000000e-09 8   5.15344512e-07
  2.50000000e-09 9   8.84191396e-08
  2.50000000e-09 10   1.51703260e-08
  2.50000000e-09 11   2.60281645e-09
  2.50000000e-09 12   4.46572702e-10
  2.50000000e-09 13   7.66197626e-11
  2.50000000e-09 14   1.31458730e-11
  2.50000000e-09 15   2.25547522e-12
  2.50000000e-09 16   3.86978369e-13
  2.50000000e-09 17   6.63949914e-14
  2.50000000e-09 18   1.13915796e-14
  2.50000000e-09 19   1.95448606e-15
  2.50000000e-09 20   3.35336793e-16
  2.50000000e-09 21   5.75346978e-17
  2.50000000e-09 22   9.87139353e-18
  2.50000000e-09 23   1.69366337e-18
  2.50000000e-09 24   2.90586694e-19
  2.50000000e-09 25   4.98567946e-20
  2.50000000e-09 26   8.55407361e-21
  2.50000000e-09 27   1.46764700e-21
  2.50000000e-09 28   2.51808416e-22
  2.50000000e-09 29   4.32034940e-23
  2.50000000e-09 30   7.41254769e-24
  2.50000000e-09 31   1.27179212e-24
  2.50000000e-09 32   2.18205031e-25
  2.50000000e-09 33   3.74380645e-26
  2.50000000e-09 34   6.42335637e-27
  2.50000000e-09 35   1.10207372e-27
  2.50000000e-09 36   1.89085957e-28
  2.50000000e-09 37   3.24420213e-29
  2.50000000e-09 38   5.56617088e-30
  2.50000000e-09 39   9.55003942e-31
  2.50000000e-09 40   1.63852772e-31
  2.50000000e-09 41   2.81126912e-32
  2.50000000e-09 42   4.82337527e-33
  2.50000000e-09 43   8.27560363e-34
  2.50000000e-09 44   1.41986911e-34
  2.50000000e-09 45   2.43611026e-35
  2.50000000e-09 46   4.17970441e-36
  2.50000000e-09 47   7.17123904e-37
  2.50000000e-09 48   1.23039010e-37
  2.50000000e-09 49   2.11101567e-38
  2.50000000e-09 50   3.62193029e-39
  2.50000000e-09 51   6.21424993e-40
  2.50000000e-09 52   1.06619673e-40
  2.50000000e-09 53   1.82930438e-41
  2.50000000e-09 54   3.13859012e-42
  2.50000000e-09 55   5.38496920e-43
  2.50000000e-09 56   9.23913976e-44
  2.50000000e-09 57   1.58514653e-44
  2.50000000e-09 58   2.71739405e-45
  2.50000000e-09 59   2.71739405e-45

  1.25250000e-06 0   1.00000000e+00
  1.25250000e-06 1   7.51638561e-01
  1.25250000e-06 2   7.11530436e-01
  1.25250000e-06 3   6.71773963e-01
  1.25250000e-06 4   6.32523518e-01
  1.25250000e-06 5   5.93927475e-01
  1.25250000e-06 6   5.56126524e-01
  1.25250000e-06 7   5.19252142e-01
  1.25250000e-06 8   4.83425235e-01
  1.25250000e-06 9   4.48754993e-01
  1.25250000e-06 10   4.15337949e-01
  1.25250000e-06 11   3.83257281e-01
  1.25250000e-06 12   3.52582344e-01
  1.25250000e-06 13   3.23368437e-01
  1.25250000e-06 14   2.95656803e-01
  1.25250000e-06 15   2.69474848e-01
  1.25250000e-06 16   2.44836568e-01
  1.25250000e-06 17   2.21743151e-01
  1.25250000e-06 18   2.00183757e-01
  1.25250000e-06 19   1.80136421e-01
  1.25250000e-06 20   1.61569078e-01
  1.25250000e-06 21   1.44440663e-01
  1.25250000e-06 22   1.28702275e-01
  1.25250000e-06 23   1.14298362e-01
  1.25250000e-06 24   1.01167920e-01
  1.25250000e-06 25   8.92456650e-02
  1.25250000e-06 26   7.84631683e-02
  1.25250000e-06 27   6.87499353e-02
  1.25250000e-06 28   6.00344094e-02
  1.25250000e-06 29   5.22448924e-02
  1.25250000e-06 30   4.53103711e-02
  1.25250000e-06 31   3.91612448e-02
  1.25250000e-06 32   3.37299511e-02
  1.25250000e-06 33   2.89514885e-02
  1.25250000e-06 34   2.47638404e-02
  1.25250000e-06 35   2.11083016e-02
  1.25250000e-06 36   1.79297155e-02
  1.25250000e-06 37   1.51766278e-02
  1.25250000e-06 38   1.28013648e-02
  1.25250000e-06 39   1.07600452e-02
  1.25250000e-06 40   9.01253499e-03
  1.25250000e-06 41   7.52235260e-03
  1.25250000e-06 42   6.25653487e-03
  1.25250000e-06 43   5.18547132e-03
  1.25250000e-06 44   4.28271464e-03
  1.25250000e-06 45   3.52477473e-03
  1.25250000e-06 46   2.89090251e-03
  1.25250000e-06 47   2.36286908e-03
  1.25250000e-06 48   1.92474517e-03
  1.25250000e-06 49   1.56268466e-03
  1.25250000e-06 50   1.26471557e-03
  1.25250000e-06 51   1.02054077e-03
  1.25250000e-06 52   8.21350458e-04
  1.25250000e-06 53   6.59647511e-04
  1.25250000e-06 54   5.29086344e-04
  1.25250000e-06 55   4.24325629e-04
  1.25250000e-06 56   3.40894601e-04
  1.25250000e-06 57   2.75072513e-04
  1.25250000e-06 58   2.23780424e-04
  1.25250000e-06 59   2.23780424e-04

  2.50250000e-06 0   1.00000000e+00
  2.50250000e-06 1   7.65774089e-01
  2.50250000e-06 2   7.37320884e-01
  2.50250000e-06 3   7.08992643e-01
  2.50250000e-06 4   6.80845196e-01
  2.50250000e-06 5   6.52933296e-01
  2.50250000e-06 6   6.25310296e-01
  2.50250000e-06 7   5.98027846e-01
  2.50250000e-06 8   5.71135601e-01
  2.50250000e-06 9   5.44680956e-01
  2.50250000e-06 10   5.18708796e-01
  2.50250000e-06 11   4.93261269e-01
  2.50250000e-06 12   4.68377594e-01
  2.50250000e-06 13   4.44093887e-01
  2.50250000e-06 14   4.20443018e-01
  2.50250000e-06 15   3.97454500e-01
  2.50250000e-06 16   3.75154405e-01
  2.50250000e-06 17   3.53565308e-01
  2.50250000e-06 18   3.32706265e-01
  2.50250000e-06 19   3.12592812e-01
  2.50250000e-06 20   2.93237002e-01
  2.50250000e-06 21   2.74647458e-01
  2.50250000e-06 22   2.56829456e-01
  2.50250000e-06 23   2.39785030e-01
  2.50250000e-06 24   2.23513099e-01
  2.50250000e-06 25   2.08009610e-01
  2.50250000e-06 26   1.93267701e-01
  2.50250000e-06 27   1.79277874e-01
  2.50250000e-06 28   1.66028185e-01
  2.50250000e-06 29   1.53504438e-01
  2.50250000e-06 30   1.41690389e-01
  2.50250000e-06 31   1.30567954e-01
  2.50250000e-06 32   1.20117418e-01
  2.50250000e-06 33   1.10317645e-01
  2.50250000e-06 34   1.01146284e-01
  2.50250000e-06 35   9.25799763e-02
  2.50250000e-06 36   8.45945475e-02
  2.50250000e-06 37   7.71652006e-02
  2.50250000e-06 38   7.02666953e-02
  2.50250000e-06 39   6.38735184e-02
  2.50250000e-06 40   5.79600429e-02
  2.50250000e-06 41   5.25006749e-02
  2.50250000e-06 42   4.74699866e-02
  2.50250000e-06 43   4.28428373e-02
  2.50250000e-06 44   3.85944798e-02
  2.50250000e-06 45   3.47006529e-02
  2.50250000e-06 46   3.11376597e-02
  2.50250000e-06 47   2.78824331e-02
  2.50250000e-06 48   2.49125863e-02
  2.50250000e-06 49   2.22064508e-02
  2.50250000e-06 50   1.97431016e-02
  2.50250000e-06 51   1.75023699e-02
  2.50250000e-06 52   1.54648441e-02
  2.50250000e-06 53   1.36118599e-02
  2.50250000e-06 54   1.19254799e-02
  2.50250000e-06 55   1.03884637e-02
  2.50250000e-06 56   8.98422917e-03
  2.50250000e-06 57   7.69680578e-03
  2.50250000e-06 58   6.51078035e-03
  2.50250000e-06 59   6.51078035e-03

  3.75250000e-06 0   1.00000000e+00
  3.75250000e-06 1   7.72046207e-01
  3.75250000e-06 2   7.48788608e-01
  3.75250000e-06 3   7.25599113e-01
  3.75250000e-06 4   7.02508323e-01
  3.75250000e-06 5   6.79546445e-01
  3.75250000e-06 6   6.56743171e-01
  3.75250000e-06 7   6.34127563e-01
  3.75250000e-06 8   6.11727943e-01
  3.75250000e-06 9   5.89571783e-01
  3.75250000e-06 10   5.67685604e-01
  3.75250000e-06 11   5.46094883e-01
  3.75250000e-06 12   5.24823962e-01
  3.75250000e-06 13   5.03895966e-01
  3.75250000e-06 14   4.83332730e-01
  3.75250000e-06 15   4.63154733e-01
  3.75250000e-06 16   4.43381036e-01
  3.75250000e-06 17   4.24029237e-01
  3.75250000e-06 18   4.05115427e-01
  3.75250000e-06 19   3.86654158e-01
  3.75250000e-06 20   3.68658417e-01
  3.75250000e-06 21   3.51139613e-01
  3.75250000e-06 22   3.34107565e-01
  3.75250000e-06 23   3.17570508e-01
  3.75250000e-06 24   3.01535100e-01
  3.75250000e-06 25   2.86006433e-01
  3.75250000e-06 26   2.70988063e-01
  3.75250000e-06 27   2.56482038e-01
  3.75250000e-06 28   2.42488929e-01
  3.75250000e-06 29   2.29007878e-01
  3.75250000e-06 30   2.16036645e-01
  3.75250000e-06 31   2.03571652e-01
  3.75250000e-06 32   1.91608050e-01
  3.75250000e-06 33   1.80139766e-01
  3.75250000e-06 34   1.69159575e-01
  3.75250000e-06 35   1.58659158e-01
  3.75250000e-06 36   1.48629170e-01
  3.75250000e-06 37   1.39059305e-01
  3.75250000e-06 38   1.29938366e-01
  3.75250000e-06 39   1.21254329e-01
  3.75250000e-06 40   1.12994411e-01
  3.75250000e-06 41   1.05145135e-01
  3.75250000e-06 42   9.76923932e-02
  3.75250000e-06 43   9.06215094e-02
  3.75250000e-06 44   8.39172980e-02
  3.75250000e-06 45   7.75641204e-02
  3.75250000e-06 46   7.15459386e-02
  3.75250000e-06 47   6.58463656e-02
  3.75250000e-06 48   6.04487119e-02
  3.75250000e-06 49   5.53360287e-02
  3.75250000e-06 50   5.04911477e-02
  3.75250000e-06 51   4.58967161e-02
  3.75250000e-06 52   4.15352288e-02
  3.75250000e-06 53   3.73890562e-02
  3.75250000e-06 54   3.34404690e-02
  3.75250000e-06 55   2.96716584e-02
  3.75250000e-06 56   2.60647538e-02
  3.75250000e-06 57   2.26018369e-02
  3.75250000e-06 58   1.92649529e-02
  3.75250000e-06 59   1.92649529e-02

  5.00250000e-06 0   1.00000000e+00
  5.00250000e-06 1   7.75777618e-01
  5.00250000e-06 2   7.55616319e-01
  5.00250000e-06 3   7.35498983e-01
  5.00250000e-06 4   7.15445413e-01
  5.00250000e-06 5   6.95475217e-01
  5.00250000e-06 6   6.75607743e-01
  5.00250000e-06 7   6.55862021e-01
  5.00250000e-06 8   6.36256708e-01
  5.00250000e-06 9   6.16810025e-01
  5.00250000e-06 10   5.97539711e-01
  5.00250000e-06 11   5.78462966e-01
  5.00250000e-06 12   5.59596402e-01
  5.00250000e-06 13   5.40955998e-01
  5.00250000e-06 14   5.22557056e-01
  5.00250000e-06 15   5.04414157e-01
  5.00250000e-06 16   4.86541126e-01
  5.00250000e-06 17   4.68950994e-01
  5.00250000e-06 18   4.51655971e-01
  5.00250000e-06 19   4.34667414e-01
  5.00250000e-06 20   4.17995803e-01
  5.00250000e-06 21   4.01650722e-01
  5.00250000e-06 22   3.85640837e-01
  5.00250000e-06 23   3.69973887e-01
  5.00250000e-06 24   3.54656668e-01
  5.00250000e-06 25   3.39695031e-01
  5.00250000e-06 26   3.25093871e-01
  5.00250000e-06 27   3.10857133e-01
  5.00250000e-06 28   2.96987810e-01
  5.00250000e-06 29   2.83487950e-01
  5.00250000e-06 30   2.70358663e-01
  5.00250000e-06 31   2.57600131e-01
  5.00250000e-06 32   2.45211624e-01
  5.00250000e-06 33   2.33191516e-01
  5.00250000e-06 34   2.21537298e-01
  5.00250000e-06 35   2.10245605e-01
  5.00250000e-06 36   1.99312231e-01
  5.00250000e-06 37   1.88732159e-01
  5.00250000e-06 38   1.78499580e-01
  5.00250000e-06 39   1.68607925e-01
  5.00250000e-06 40   1.59049889e-01
  5.00250000e-06 41   1.49817460e-01
  5.00250000e-06 42   1.40901949e-01
  5.00250000e-06 43   1.32294019e-01
  5.00250000e-06 44   1.23983715e-01
  5.00250000e-06 45   1.15960497e-01
  5.00250000e-06 46   1.08213267e-01
  5.00250000e-06 47   1.00730403e-01
  5.00250000e-06 48   9.34997881e-02
  5.00250000e-06 49   8.65088403e-02
  5.00250000e-06 50   7.97445453e-02
  5.00250000e-06 51   7.31934842e-02
  5.00250000e-06 52   6.68418644e-02
  5.00250000e-06 53   6.06755479e-02
  5.00250000e-06 54   5.46800807e-02
  5.00250000e-06 55   4.88407205e-02
  5.00250000e-06 56   4.31424647e-02
  5.00250000e-06 57   3.75700779e-02
  5.00250000e-06 58   3.21081183e-02
  5.00250000e-06 59   3.21081183e-02

  6.25250000e-06 0   1.00000000e+00
  6.25250000e-06 1   7.78287557e-01
  6.25250000e-06 2   7.60210613e-01
  6.25250000e-06 3   7.42164348e-01
  6.25250000e-06 4   7.24162600e-01
  6.25250000e-06 5   7.06219086e-01
  6.25250000e-06 6   6.88347366e-01
  6.25250000e-06 7   6.70560807e-01
  6.25250000e-06 8   6.52872547e-01
  6.25250000e-06 9   6.35295458e-01
  6.25250000e-06 10   6.17842117e-01
  6.25250000e-06 11   6.00524769e-01
  6.25250000e-06 12   5.83355294e-01
  6.25250000e-06 13   5.66345181e-01
  6.25250000e-06 14   5.49505497e-01
  6.25250000e-06 15   5.32846855e-01
  6.25250000e-06 16   5.16379393e-01
  6.25250000e-06 17   5.00112748e-01
  6.25250000e-06 18   4.84056031e-01
  6.25250000e-06 19   4.68217804e-01
  6.25250000e-06 20   4.52606066e-01
  6.25250000e-06 21   4.37228229e-01
  6.25250000e-06 22   4.22091106e-01
  6.25250000e-06 23   4.07200891e-01
  6.25250000e-06 24   3.92563155e-01
  6.25250000e-06 25   3.78182825e-01
  6.25250000e-06 26   3.64064185e-01
  6.25250000e-06 27   3.50210860e-01
  6.25250000e-06 28   3.36625818e-01
  6.25250000e-06 29   3.23311362e-01
  6.25250000e-06 30   3.10269130e-01
  6.25250000e-06 31   2.97500095e-01
  6.25250000e-06 32   2.85004567e-01
  6.25250000e-06 33   2.72782195e-01
  6.25250000e-06 34   2.60831973e-01
  6.25250000e-06 35   2.49152249e-01
  6.25250000e-06 36   2.37740728e-01
  6.25250000e-06 37   2.26594486e-01
  6.25250000e-06 38   2.15709978e-01
  6.25250000e-06 39   2.05083053e-01
  6.25250000e-06 40   1.94708965e-01
  6.25250000e-06 41   1.84582388e-01
  6.25250000e-06 42   1.74697435e-01
  6.25250000e-06 43   1.65047670e-01
  6.25250000e-06 44   1.55626129e-01
  6.25250000e-06 45   1.46425338e-01
  6.25250000e-06 46   1.37437333e-01
  6.25250000e-06 47   1.28653678e-01
  6.25250000e-06 48   1.20065490e-01
  6.25250000e-06 49   1.11663459e-01
  6.25250000e-06 50   1.03437870e-01
  6.25250000e-06 51   9.53786254e-02
  6.25250000e-06 52   8.74752700e-02
  6.25250000e-06 53   7.97170145e-02
  6.25250000e-06 54   7.20927596e-02
  6.25250000e-06 55   6.45911207e-02
  6.25250000e-06 56   5.72004534e-02
  6.25250000e-06 57   4.99088782e-02
  6.25250000e-06 58   4.27043066e-02
  6.25250000e-06 59   4.27043066e-02

  7.50250000e-06 0   1.00000000e+00
  7.50250000e-06 1   7.80072080e-01
  7.50250000e-06 2   7.63477587e-01
  7.50250000e-06 3   7.46905259e-01
  7.50250000e-06 4   7.30365098e-01
  7.50250000e-06 5   7.13867026e-01
  7.50250000e-06 6   6.97420856e-01
  7.50250000e-06 7   6.81036274e-01
  7.50250000e-06 8   6.64722808e-01
  7.50250000e-06 9   6.48489807e-01
  7.50250000e-06 10   6.32346418e-01
  7.50250000e-06 11   6.16301564e-01
  7.50250000e-06 12   6.00363917e-01
  7.50250000e-06 13   5.84541884e-01
  7.50250000e-06 14   5.68843580e-01
  7.50250000e-06 15   5.53276812e-01
  7.50250000e-06 16   5.37849055e-01
  7.50250000e-06 17   5.22567443e-01
  7.50250000e-06 18   5.07438741e-01
  7.50250000e-06 19   4.92469336e-01
  7.50250000e-06 20   4.77665221e-01
  7.50250000e-06 21   4.63031978e-01
  7.50250000e-06 22   4.48574768e-01
  7.50250000e-06 23   4.34298317e-01
  7.50250000e-06 24   4.20206907e-01
  7.50250000e-06 25   4.06304366e-01
  7.50250000e-06 26   3.92594059e-01
  7.50250000e-06 27   3.79078881e-01
  7.50250000e-06 28   3.65761253e-01
  7.50250000e-06 29   3.52643113e-01
  7.50250000e-06 30   3.39725919e-01
  7.50250000e-06 31   3.27010640e-01
  7.50250000e-06 32   3.14497757e-01
  7.50250000e-06 33   3.02187267e-01
  7.50250000e-06 34   2.90078680e-01
  7.50250000e-06 35   2.78171020e-01
  7.50250000e-06 36   2.66462834e-01
  7.50250000e-06 37   2.54952194e-01
  7.50250000e-06 38   2.43636701e-01
  7.50250000e-06 39   2.32513493e-01
  7.50250000e-06 40   2.21579256e-01
  7.50250000e-06 41   2.10830227e-01
  7.50250000e-06 42   2.00262212e-01
  7.50250000e-06 43   1.89870587e-01
  7.50250000e-06 44   1.79650319e-01
  7.50250000e-06 45   1.69595971e-01
  7.50250000e-06 46   1.59701724e-01
  7.50250000e-06 47   1.49961382e-01
  7.50250000e-06 48   1.40368394e-01
  7.50250000e-06 49   1.30915869e-01
  7.50250000e-06 50   1.21596588e-01
  7.50250000e-06 51   1.12403026e-01
  7.50250000e-06 52   1.03327370e-01
  7.50250000e-06 53   9.43615337e-02
  7.50250000e-06 54   8.54971784e-02
  7.50250000e-06 55   7.67257335e-02
  7.50250000e-06 56   6.80384152e-02
  7.50250000e-06 57   5.94262470e-02
  7.50250000e-06 58   5.08800806e-02
  7.50250000e-06 59   5.08800806e-02

  8.75250000e-06 0   1.00000000e+00
  8.75250000e-06 1   7.81371662e-01
  8.75250000e-06 2   7.65856922e-01
  8.75250000e-06 3   7.50358433e-01
  8.75250000e-06 4   7.34883529e-01
  8.75250000e-06 5   7.19439488e-01
  8.75250000e-06 6   7.04033510e-01
  8.75250000e-06 7   6.88672703e-01
  8.75250000e-06 8   6.73364065e-01
  8.75250000e-06 9   6.58114466e-01
  8.75250000e-06 10   6.42930630e-01
  8.75250000e-06 11   6.27819121e-01
  8.75250000e-06 12   6.12786326e-01
  8.75250000e-06 13   5.97838440e-01
  8.75250000e-06 14   5.82981450e-01
  8.75250000e-06 15   5.68221119e-01
  8.75250000e-06 16   5.53562978e-01
  8.75250000e-06 17   5.39012306e-01
  8.75250000e-06 18   5.24574120e-01
  8.75250000e-06 19   5.10253165e-01
  8.75250000e-06 20   4.96053897e-01
  8.75250000e-06 21   4.81980481e-01
  8.75250000e-06 22   4.68036771e-01
  8.75250000e-06 23   4.54226310e-01
  8.75250000e-06 24   4.40552315e-01
  8.75250000e-06 25   4.27017675e-01
  8.75250000e-06 26   4.13624940e-01
  8.75250000e-06 27   4.00376316e-01
  8.75250000e-06 28   3.87273662e-01
  8.75250000e-06 29   3.74318484e-01
  8.75250000e-06 30   3.61511933e-01
  8.75250000e-06 31   3.48854801e-01
  8.75250000e-06 32   3.36347521e-01
  8.75250000e-06 33   3.23990165e-01
  8.75250000e-06 34   3.11782447e-01
  8.75250000e-06 35   2.99723719e-01
  8.75250000e-06 36   2.87812978e-01
  8.75250000e-06 37   2.76048866e-01
  8.75250000e-06 38   2.64429674e-01
  8.75250000e-06 39   2.52953347e-01
  8.75250000e-06 40   2.41617489e-01
  8.75250000e-06 41   2.30419368e-01
  8.75250000e-06 42   2.19355927e-01
  8.75250000e-06 43   2.08423784e-01
  8.75250000e-06 44   1.97619248e-01
  8.75250000e-06 45   1.86938324e-01
  8.75250000e-06 46   1.76376723e-01
  8.75250000e-06 47   1.65929873e-01
  8.75250000e-06 48   1.55592931e-01
  8.75250000e-06 49   1.45360793e-01
  8.75250000e-06 50   1.35228106e-01
  8.75250000e-06 51   1.25189285e-01
  8.75250000e-06 52   1.15238519e-01
  8.75250000e-06 53   1.05369792e-01
  8.75250000e-06 54   9.55768938e-02
  8.75250000e-06 55   8.58534344e-02
  8.75250000e-06 56   7.61928608e-02
  8.75250000e-06 57   6.65884715e-02
  8.75250000e-06 58   5.70334325e-02
  8.75250000e-06 59   5.70334325e-02

  1.00025000e-05 0   1.00000000e+00
  1.00025000e-05 1   7.82327603e-01
  1.00025000e-05 2   7.67607152e-01
  1.00025000e-05 3   7.52898687e-01
  1.00025000e-05 4   7.38207619e-01
  1.00025000e-05 5   7.23539317e-01
  1.00025000e-05 6   7.08899094e-01
  1.00025000e-05 7   6.94292195e-01
  1.00025000e-05 8   6.79723784e-01
  1.00025000e-05 9   6.65198934e-01
  1.00025000e-05 10   6.50722610e-01
  1.00025000e-05 11   6.36299661e-01
  1.00025000e-05 12   6.21934806e-01
  1.00025000e-05 13   6.07632623e-01
  1.00025000e-05 14   5.93397540e-01
  1.00025000e-05 15   5.79233821e-01
  1.00025000e-05 16   5.65145559e-01
  1.00025000e-05 17   5.51136663e-01
  1.00025000e-05 18   5.37210851e-01
  1.00025000e-05 19   5.23371641e-01
  1.00025000e-05 20   5.09622341e-01
  1.00025000e-05 21   4.95966041e-01
  1.00025000e-05 22   4.82405608e-01
  1.00025000e-05 23   4.68943677e-01
  1.00025000e-05 24   4.55582646e-01
  1.00025000e-05 25   4.42324670e-01
  1.00025000e-05 26   4.29171653e-01
  1.00025000e-05 27   4.16125249e-01
  1.00025000e-05 28   4.03186855e-01
  1.00025000e-05 29   3.90357606e-01
  1.00025000e-05 30   3.77638377e-01
  1.00025000e-05 31   3.65029777e-01
  1.00025000e-05 32   3.52532148e-01
  1.00025000e-05 33   3.40145567e-01
  1.00025000e-05 34   3.27869844e-01
  1.00025000e-05 35   3.15704521e-01
  1.00025000e-05 36   3.03648878e-01
  1.00025000e-05 37   2.91701930e-01
  1.00025000e-05 38   2.79862431e-01
  1.00025000e-05 39   2.68128879e-01
  1.00025000e-05 40   2.56499516e-01
  1.00025000e-05 41   2.44972336e-01
  1.00025000e-05 42   2.33545087e-01
  1.00025000e-05 43   2.22215280e-01
  1.00025000e-05 44   2.10980191e-01
  1.00025000e-05 45   1.99836870e-01
  1.00025000e-05 46   1.88782148e-01
  1.00025000e-05 47   1.77812643e-01
  1.00025000e-05 48   1.66924770e-01
  1.00025000e-05 49   1.56114749e-01
  1.00025000e-05 50   1.45378615e-01
  1.00025000e-05 51   1.34712226e-01
  1.00025000e-05 52   1.24111272e-01
  1.00025000e-05 53   1.13571290e-01
  1.00025000e-05 54   1.03087668e-01
  1.00025000e-05 55   9.26556630e-02
  1.00025000e-05 56   8.22704058e-02
  1.00025000e-05 57   7.19269178e-02
  1.00025000e-05 58   6.16201199e-02
  1.00025000e-05 59   6.16201199e-02

  1.12525000e-05 0   1.00000000e+00
  1.12525000e-05 1   7.83033653e-01
  1.12525000e-05 2   7.68899871e-01
  1.12525000e-05 3   7.54774952e-01
  1.12525000e-05 4   7.40662897e-01
  1.12525000e-05 5   7.26567675e-01
  1.12525000e-05 6   7.12493216e-01
  1.12525000e-05 7   6.98443400e-01
  1.12525000e-05 8   6.84422045e-01
  1.12525000e-05 9   6.70432904e-01
  1.12525000e-05 10   6.56479649e-01
  1.12525000e-05 11   6.42565868e-01
  1.12525000e-05 12   6.28695052e-01
  1.12525000e-05 13   6.14870591e-01
  1.12525000e-05 14   6.01095761e-01
  1.12525000e-05 15   5.87373719e-01
  1.12525000e-05 16   5.73707496e-01
  1.12525000e-05 17   5.60099986e-01
  1.12525000e-05 18   5.46553944e-01
  1.12525000e-05 19   5.33071976e-01
  1.12525000e-05 20   5.19656535e-01
  1.12525000e-05 21   5.06309911e-01
  1.12525000e-05 22   4.93034231e-01
  1.12525000e-05 23   4.79831451e-01
  1.12525000e-05 24   4.66703349e-01
  1.12525000e-05 25   4.53651527e-01
  1.12525000e-05 26   4.40677401e-01
  1.12525000e-05 27   4.27782202e-01
  1.12525000e-05 28   4.14966968e-01
  1.12525000e-05 29   4.02232549e-01
  1.12525000e-05 30   3.89579597e-01
  1.12525000e-05 31   3.77008570e-01
  1.12525000e-05 32   3.64519729e-01
  1.12525000e-05 33   3.52113137e-01
  1.12525000e-05 34   3.39788661e-01
  1.12525000e-05 35   3.27545967e-01
  1.12525000e-05 36   3.15384530e-01
  1.12525000e-05 37   3.03303625e-01
  1.12525000e-05 38   2.91302336e-01
  1.12525000e-05 39   2.79379556e-01
  1.12525000e-05 40   2.67533989e-01
  1.12525000e-05 41   2.55764153e-01
  1.12525000e-05 42   2.44068385e-01
  1.12525000e-05 43   2.32444845e-01
  1.12525000e-05 44   2.20891520e-01
  1.12525000e-05 45   2.09406226e-01
  1.12525000e-05 46   1.97986619e-01
  1.12525000e-05 47   1.86630195e-01
  1.12525000e-05 48   1.75334300e-01
  1.12525000e-05 49   1.64096135e-01
  1.12525000e-05 50   1.52912761e-01
  1.12525000e-05 51   1.41781111e-01
  1.12525000e-05 52   1.30697990e-01
  1.12525000e-05 53   1.19660089e-01
  1.12525000e-05 54   1.08663992e-01
  1.12525000e-05 55   9.77061786e-02
  1.12525000e-05 56   8.67830408e-02
  1.12525000e-05 57   7.58908859e-02
  1.12525000e-05 58   6.50259468e-02
  1.12525000e-05 59   6.50259468e-02

  1.25025000e-05 0   1.00000000e+00
  1.25025000e-05 1   7.83556001e-01
  1.25025000e-05 2   7.69856251e-01
  1.25025000e-05 3   7.56163061e-01
  1.25025000e-05 4   7.42479392e-01
  1.25025000e-05 5   7.28808183e-01
  1.25025000e-05 6   7.15152342e-01
  1.25025000e-05 7   7.01514740e-01
  1.25025000e-05 8   6.87898204e-01
  1.25025000e-05 9   6.74305513e-01
  1.25025000e-05 10   6.60739385e-01
  1.25025000e-05 11   6.47202476e-01
  1.25025000e-05 12   6.33697371e-01
  1.25025000e-05 13   6.20226579e-01
  1.25025000e-05 14   6.06792526e-01
  1.25025000e-05 15   5.93397550e-01
  1.25025000e-05 16   5.80043896e-01
  1.25025000e-05 17   5.66733707e-01
  1.25025000e-05 18   5.53469024e-01
  1.25025000e-05 19   5.40251778e-01
  1.25025000e-05 20   5.27083784e-01
  1.25025000e-05 21   5.13966741e-01
  1.25025000e-05 22   5.00902225e-01
  1.25025000e-05 23   4.87891685e-01
  1.25025000e-05 24   4.74936440e-01
  1.25025000e-05 25   4.62037677e-01
  1.25025000e-05 26   4.49196446e-01
  1.25025000e-05 27   4.36413662e-01
  1.25025000e-05 28   4.23690095e-01
  1.25025000e-05 29   4.11026375e-01
  1.25025000e-05 30   3.98422988e-01
  1.25025000e-05 31   3.85880275e-01
  1.25025000e-05 32   3.73398432e-01
  1.25025000e-05 33   3.60977507e-01
  1.25025000e-05 34   3.48617403e-01
  1.25025000e-05 35   3.36317876e-01
  1.25025000e-05 36   3.24078537e-01
  1.25025000e-05 37   3.11898853e-01
  1.25025000e-05 38   2.99778146e-01
  1.25025000e-05 39   2.87715598e-01
  1.25025000e-05 40   2.75710251e-01
  1.25025000e-05 41   2.63761010e-01
  1.25025000e-05 42   2.51866643e-01
  1.25025000e-05 43   2.40025788e-01
  1.25025000e-05 44   2.28236956e-01
  1.25025000e-05 45   2.16498530e-01
  1.25025000e-05 46   2.04808775e-01
  1.25025000e-05 47   1.93165836e-01
  1.25025000e-05 48   1.81567748e-01
  1.25025000e-05 49   1.70012438e-01
  1.25025000e-05 50   1.58497730e-01
  1.25025000e-05 51   1.47021349e-01
  1.25025000e-05 52   1.35580932e-01
  1.25025000e-05 53   1.24174025e-01
  1.25025000e-05 54   1.12798097e-01
  1.25025000e-05 55   1.01450541e-01
  1.25025000e-05 56   9.01286822e-02
  1.25025000e-05 57   7.88297847e-02
  1.25025000e-05 58   6.75510570e-02
  1.25025000e-05 59   6.75510570e-02

  1.37525000e-05 0   1.00000000e+00
  1.37525000e-05 1   7.83942701e-01
  1.37525000e-05 2   7.70564272e-01
  1.37525000e-05 3   7.57190699e-01
  1.37525000e-05 4   7.43824177e-01
  1.37525000e-05 5   7.30466881e-01
  1.37525000e-05 6   7.17120963e-01
  1.37525000e-05 7   7.03788551e-01
  1.37525000e-05 8   6.90471738e-01
  1.37525000e-05 9   6.77172581e-01
  1.37525000e-05 10   6.63893092e-01
  1.37525000e-05 11   6.50635240e-01
  1.37525000e-05 12   6.37400937e-01
  1.37525000e-05 13   6.24192043e-01
  1.37525000e-05 14   6.11010353e-01
  1.37525000e-05 15   5.97857600e-01
  1.37525000e-05 16   5.84735446e-01
  1.37525000e-05 17   5.71645477e-01
  1.37525000e-05 18   5.58589207e-01
  1.37525000e-05 19   5.45568064e-01
  1.37525000e-05 20   5.32583394e-01
  1.37525000e-05 21   5.19636455e-01
  1.37525000e-05 22   5.06728415e-01
  1.37525000e-05 23   4.93860346e-01
  1.37525000e-05 24   4.81033228e-01
  1.37525000e-05 25   4.68247938e-01
  1.37525000e-05 26   4.55505256e-01
  1.37525000e-05 27   4.42805858e-01
  1.37525000e-05 28   4.30150317e-01
  1.37525000e-05 29   4.17539099e-01
  1.37525000e-05 30   4.04972565e-01
  1.37525000e-05 31   3.92450968e-01
  1.37525000e-05 32   3.79974453e-01
  1.37525000e-05 33   3.67543057e-01
  1.37525000e-05 34   3.55156709e-01
  1.37525000e-05 35   3.42815229e-01
  1.37525000e-05 36   3.30518328e-01
  1.37525000e-05 37   3.18265613e-01
  1.37525000e-05 38   3.06056582e-01
  1.37525000e-05 39   2.93890631e-01
  1.37525000e-05 40   2.81767048e-01
  1.37525000e-05 41   2.69685025e-01
  1.37525000e-05 42   2.57643649e-01
  1.37525000e-05 43   2.45641912e-01
  1.37525000e-05 44   2.33678710e-01
  1.37525000e-05 45   2.21752848e-01
  1.37525000e-05 46   2.09863038e-01
  1.37525000e-05 47   1.98007910e-01
  1.37525000e-05 48   1.86186006e-01
  1.37525000e-05 49   1.74395792e-01
  1.37525000e-05 50   1.62635655e-01
  1.37525000e-05 51   1.50903911e-01
  1.37525000e-05 52   1.39198809e-01
  1.37525000e-05 53   1.27518532e-01
  1.37525000e-05 54   1.15861205e-01
  1.37525000e-05 55   1.04224896e-01
  1.37525000e-05 56   9.26076246e-02
  1.37525000e-05 57   8.10073633e-02
  1.37525000e-05 58   6.94220443e-02
  1.37525000e-05 59   6.94220443e-02

  1.50025000e-05 0   1.00000000e+00
  1.50025000e-05 1   7.84229057e-01
  1.50025000e-05 2   7.71088570e-01
  1.50025000e-05 3   7.57951679e-01
  1.50025000e-05 4   7.44820009e-01
  1.50025000e-05 5   7.31695172e-01
  1.50025000e-05 6   7.18578762e-01
  1.50025000e-05 7   7.05472353e-01
  1.50025000e-05 8   6.92377497e-01
  1.50025000e-05 9   6.79295715e-01
  1.50025000e-05 10   6.66228501e-01
  1.50025000e-05 11   6.53177309e-01
  1.50025000e-05 12   6.40143557e-01
  1.50025000e-05 13   6.27128623e-01
  1.50025000e-05 14   6.14133836e-01
  1.50025000e-05 15   6.01160479e-01
  1.50025000e-05 16   5.88209782e-01
  1.50025000e-05 17   5.75282923e-01
  1.50025000e-05 18   5.62381019e-01
  1.50025000e-05 19   5.49505131e-01
  1.50025000e-05 20   5.36656255e-01
  1.50025000e-05 21   5.23835323e-01
  1.50025000e-05 22   5.11043199e-01
  1.50025000e-05 23   4.98280679e-01
  1.50025000e-05 24   4.85548486e-01
  1.50025000e-05 25   4.72847273e-01
  1.50025000e-05 26   4.60177616e-01
  1.50025000e-05 27   4.47540016e-01
  1.50025000e-05 28   4.34934897e-01
  1.50025000e-05 29   4.22362606e-01
  1.50025000e-05 30   4.09823409e-01
  1.50025000e-05 31   3.97317495e-01
  1.50025000e-05 32   3.84844970e-01
  1.50025000e-05 33   3.72405863e-01
  1.50025000e-05 34   3.60000120e-01
  1.50025000e-05 35   3.47627608e-01
  1.50025000e-05 36   3.35288115e-01
  1.50025000e-05 37   3.22981349e-01
  1.50025000e-05 38   3.10706938e-01
  1.50025000e-05 39   2.98464435e-01
  1.50025000e-05 40   2.86253313e-01
  1.50025000e-05 41   2.74072973e-01
  1.50025000e-05 42   2.61922740e-01
  1.50025000e-05 43   2.49801867e-01
  1.50025000e-05 44   2.37709537e-01
  1.50025000e-05 45   2.25644863e-01
  1.50025000e-05 46   2.13606894e-01
  1.50025000e-05 47   2.01594613e-01
  1.50025000e-05 48   1.89606942e-01
  1.50025000e-05 49   1.77642743e-01
  1.50025000e-05 50   1.65700822e-01
  1.50025000e-05 51   1.53779933e-01
  1.50025000e-05 52   1.41878777e-01
  1.50025000e-05 53   1.29996010e-01
  1.50025000e-05 54   1.18130241e-01
  1.50025000e-05 55   1.06280042e-01
  1.50025000e-05 56   9.44439435e-02
  1.50025000e-05 57   8.26204450e-02
  1.50025000e-05 58   7.08080145e-02
  1.50025000e-05 59   7.08080145e-02

  1.62525000e-05 0   1.00000000e+00
  1.62525000e-05 1   7.84441130e-01
  1.62525000e-05 2   7.71476861e-01
  1.62525000e-05 3   7.58515255e-01
  1.62525000e-05 4   7.45557516e-01
  1.62525000e-05 5   7.32604837e-01
  1.62525000e-05 6   7.19658399e-01
  1.62525000e-05 7   7.06719369e-01
  1.62525000e-05 8   6.93788894e-01
  1.62525000e-05 9   6.80868103e-01
  1.62525000e-05 10   6.67958100e-01
  1.62525000e-05 11   6.55059964e-01
  1.62525000e-05 12   6.42174745e-01
  1.62525000e-05 13   6.29303462e-01
  1.62525000e-05 14   6.16447101e-01
  1.62525000e-05 15   6.03606611e-01
  1.62525000e-05 16   5.90782904e-01
  1.62525000e-05 17   5.77976851e-01
  1.62525000e-05 18   5.65189282e-01
  1.62525000e-05 19   5.52420980e-01
  1.62525000e-05 20   5.39672684e-01
  1.62525000e-05 21   5.26945083e-01
  1.62525000e-05 22   5.14238819e-01
  1.62525000e-05 23   5.01554481e-01
  1.62525000e-05 24   4.88892604e-01
  1.62525000e-05 25   4.76253671e-01
  1.62525000e-05 26   4.63638110e-01
  1.62525000e-05 27   4.51046292e-01
  1.62525000e-05 28   4.38478531e-01
  1.62525000e-05 29   4.25935083e-01
  1.62525000e-05 30   4.13416146e-01
  1.62525000e-05 31   4.00921860e-01
  1.62525000e-05 32   3.88452303e-01
  1.62525000e-05 33   3.76007497e-01
  1.62525000e-05 34   3.63587402e-01
  1.62525000e-05 35   3.51191920e-01
  1.62525000e-05 36   3.38820893e-01
  1.62525000e-05 37   3.26474106e-01
  1.62525000e-05 38   3.14151282e-01
  1.62525000e-05 39   3.01852091e-01
  1.62525000e-05 40   2.89576143e-01
  1.62525000e-05 41   2.77322994e-01
  1.62525000e-05 42   2.65092144e-01
  1.62525000e-05 43   2.52883040e-01
  1.62525000e-05 44   2.40695076e-01
  1.62525000e-05 45   2.28527597e-01
  1.62525000e-05 46   2.16379896e-01
  1.62525000e-05 47   2.04251222e-01
  1.62525000e-05 48   1.92140776e-01
  1.62525000e-05 49   1.80047714e-01
  1.62525000e-05 50   1.67971154e-01
  1.62525000e-05 51   1.55910171e-01
  1.62525000e-05 52   1.43863804e-01
  1.62525000e-05 53   1.31831057e-01
  1.62525000e-05 54   1.19810901e-01
  1.62525000e-05 55   1.07802276e-01
  1.62525000e-05 56   9.58040952e-02
  1.62525000e-05 57   8.38152470e-02
  1.62525000e-05 58   7.18345967e-02
  1.62525000e-05 59   7.18345967e-02

  1.75025000e-05 0   1.00000000e+00
  1.75025000e-05 1   7.84598197e-01
  1.75025000e-05 2   7.71764438e-01
  1.75025000e-05 3   7.58932653e-01
  1.75025000e-05 4   7.46103731e-01
  1.75025000e-05 5   7.33278557e-01
  1.75025000e-05 6   7.20458006e-01
  1.75025000e-05 7   7.07642940e-01
  1.75025000e-05 8   6.94834212e-01
  1.75025000e-05 9   6.82032655e-01
  1.75025000e-05 10   6.69239089e-01
  1.75025000e-05 11   6.56454311e-01
  1.75025000e-05 12   6.43679100e-01
  1.75025000e-05 13   6.30914211e-01
  1.75025000e-05 14   6.18160373e-01
  1.75025000e-05 15   6.05418290e-01
  1.75025000e-05 16   5.92688637e-01
  1.75025000e-05 17   5.79972060e-01
  1.75025000e-05 18   5.67269172e-01
  1.75025000e-05 19   5.54580554e-01
  1.75025000e-05 20   5.41906753e-01
  1.75025000e-05 21   5.29248281e-01
  1.75025000e-05 22   5.16605611e-01
  1.75025000e-05 23   5.03979180e-01
  1.75025000e-05 24   4.91369384e-01
  1.75025000e-05 25   4.78776583e-01
  1.75025000e-05 26   4.66201091e-01
  1.75025000e-05 27   4.53643184e-01
  1.75025000e-05 28   4.41103095e-01
  1.75025000e-05 29   4.28581014e-01
  1.75025000e-05 30   4.16077086e-01
  1.75025000e-05 31   4.03591416e-01
  1.75025000e-05 32   3.91124061e-01
  1.75025000e-05 33   3.78675038e-01
  1.75025000e-05 34   3.66244317e-01
  1.75025000e-05 35   3.53831826e-01
  1.75025000e-05 36   3.41437448e-01
  1.75025000e-05 37   3.29061022e-01
  1.75025000e-05 38   3.16702345e-01
  1.75025000e-05 39   3.04361171e-01
  1.75025000e-05 40   2.92037213e-01
  1.75025000e-05 41   2.79730140e-01
  1.75025000e-05 42   2.67439584e-01
  1.75025000e-05 43   2.55165133e-01
  1.75025000e-05 44   2.42906340e-01
  1.75025000e-05 45   2.30662719e-01
  1.75025000e-05 46   2.18433748e-01
  1.75025000e-05 47   2.06218868e-01
  1.75025000e-05 48   1.94017489e-01
  1.75025000e-05 49   1.81828986e-01
  1.75025000e-05 50   1.69652705e-01
  1.75025000e-05 51   1.57487961e-01
  1.75025000e-05 52   1.45334042e-01
  1.75025000e-05 53   1.33190212e-01
  1.75025000e-05 54   1.21055706e-01
  1.75025000e-05 55   1.08929742e-01
  1.75025000e-05 56   9.68115128e-02
  1.75025000e-05 57   8.47001961e-02
  1.75025000e-05 58   7.25949512e-02
  1.75025000e-05 59   7.25949512e-02

  1.87525000e-05 0   1.00000000e+00
  1.87525000e-05 1   7.84714526e-01
  1.87525000e-05 2   7.71977429e-01
  1.87525000e-05 3   7.59241793e-01
  1.87525000e-05 4   7.46508279e-01
  1.87525000e-05 5   7.33777540e-01
  1.87525000e-05 6   7.21050225e-01
  1.87525000e-05 7   7.08326972e-01
  1.87525000e-05 8   6.95608414e-01
  1.87525000e-05 9   6.82895167e-01
  1.87525000e-05 10   6.70187838e-01
  1.87525000e-05 11   6.57487018e-01
  1.87525000e-05 12   6.44793284e-01
  1.87525000e-05 13   6.32107194e-01
  1.87525000e-05 14   6.19429290e-01
  1.87525000e-05 15   6.06760091e-01
  1.87525000e-05 16   5.94100099e-01
  1.87525000e-05 17   5.81449792e-01
  1.87525000e-05 18   5.68809623e-01
  1.87525000e-05 19   5.56180023e-01
  1.87525000e-05 20   5.43561398e-01
  1.87525000e-05 21   5.30954125e-01
  1.87525000e-05 22   5.18358556e-01
  1.87525000e-05 23   5.05775014e-01
  1.87525000e-05 24   4.93203794e-01
  1.87525000e-05 25   4.80645160e-01
  1.87525000e-05 26   4.68099347e-01
  1.87525000e-05 27   4.55566557e-01
  1.87525000e-05 28   4.43046964e-01
  1.87525000e-05 29   4.30540709e-01
  1.87525000e-05 30   4.18047899e-01
  1.87525000e-05 31   4.05568611e-01
  1.87525000e-05 32   3.93102888e-01
  1.87525000e-05 33   3.80650743e-01
  1.87525000e-05 34   3.68212154e-01
  1.87525000e-05 35   3.55787066e-01
  1.87525000e-05 36   3.43375393e-01
  1.87525000e-05 37   3.30977016e-01
  1.87525000e-05 38   3.18591786e-01
  1.87525000e-05 39   3.06219519e-01
  1.87525000e-05 40   2.93860003e-01
  1.87525000e-05 41   2.81512993e-01
  1.87525000e-05 42   2.69178215e-01
  1.87525000e-05 43   2.56855367e-01
  1.87525000e-05 44   2.44544115e-01
  1.87525000e-05 45   2.32244101e-01
  1.87525000e-05 46   2.19954936e-01
  1.87525000e-05 47   2.07676209e-01
  1.87525000e-05 48   1.95407481e-01
  1.87525000e-05 49   1.83148289e-01
  1.87525000e-05 50   1.70898150e-01
  1.87525000e-05 51   1.58656555e-01
  1.87525000e-05 52   1.46422979e-01
  1.87525000e-05 53   1.34196874e-01
  1.87525000e-05 54   1.21977676e-01
  1.87525000e-05 55   1.09764804e-01
  1.87525000e-05 56   9.75576606e-02
  1.87525000e-05 57   8.53556372e-02
  1.87525000e-05 58   7.31581108e-02
  1.87525000e-05 59   7.31581108e-02

  2.00025000e-05 0   1.00000000e+00
  2.00025000e-05 1   7.84800684e-01
  2.00025000e-05 2   7.72135179e-01
  2.00025000e-05 3   7.59470756e-01
  2.00025000e-05 4   7.46807904e-01
  2.00025000e-05 5   7.34147108e-01
  2.00025000e-05 6   7.21488847e-01
  2.00025000e-05 7   7.08833596e-01
  2.00025000e-05 8   6.96181821e-01
  2.00025000e-05 9   6.83533980e-01
  2.00025000e-05 10   6.70890522e-01
  2.00025000e-05 11   6.58251885e-01
  2.00025000e-05 12   6.45618496e-01
  2.00025000e-05 13   6.32990769e-01
  2.00025000e-05 14   6.20369104e-01
  2.00025000e-05 15   6.07753888e-01
  2.00025000e-05 16   5.95145490e-01
  2.00025000e-05 17   5.82544264e-01
  2.00025000e-05 18   5.69950548e-01
  2.00025000e-05 19   5.57364660e-01
  2.00025000e-05 20   5.44786900e-01
  2.00025000e-05 21   5.32217548e-01
  2.00025000e-05 22   5.19656865e-01
  2.00025000e-05 23   5.07105090e-01
  2.00025000e-05 24   4.94562440e-01
  2.00025000e-05 25   4.82029112e-01
  2.00025000e-05 26   4.69505280e-01
  2.00025000e-05 27   4.56991094e-01
  2.00025000e-05 28   4.44486682e-01
  2.00025000e-05 29   4.31992148e-01
  2.00025000e-05 30   4.19507573e-01
  2.00025000e-05 31   4.07033012e-01
  2.00025000e-05 32   3.94568499e-01
  2.00025000e-05 33   3.82114042e-01
  2.00025000e-05 34   3.69669625e-01
  2.00025000e-05 35   3.57235207e-01
  2.00025000e-05 36   3.44810726e-01
  2.00025000e-05 37   3.32396092e-01
  2.00025000e-05 38   3.19991195e-01
  2.00025000e-05 39   3.07595900e-01
  2.00025000e-05 40   2.95210048e-01
  2.00025000e-05 41   2.82833458e-01
  2.00025000e-05 42   2.70465929e-01
  2.00025000e-05 43   2.58107235e-01
  2.00025000e-05 44   2.45757130e-01
  2.00025000e-05 45   2.33415348e-01
  2.00025000e-05 46   2.21081602e-01
  2.00025000e-05 47   2.08755586e-01
  2.00025000e-05 48   1.96436976e-01
  2.00025000e-05 49   1.84125429e-01
  2.00025000e-05 50   1.71820587e-01
  2.00025000e-05 51   1.59522074e-01
  2.00025000e-05 52   1.47229499e-01
  2.00025000e-05 53   1.34942458e-01
  2.00025000e-05 54   1.22660532e-01
  2.00025000e-05 55   1.10383291e-01
  2.00025000e-05 56   9.81102944e-02
  2.00025000e-05 57   8.58410891e-02
  2.00025000e-05 58   7.35752146e-02
  2.00025000e-05 59   7.35752146e-02

  2.12525000e-05 0   1.00000000e+00
  2.12525000e-05 1   7.84864497e-01
  2.12525000e-05 2   7.72252016e-01
  2.12525000e-05 3   7.59640336e-01
  2.12525000e-05 4   7.47029820e-01
  2.12525000e-05 5   7.34420826e-01
  2.12525000e-05 6   7.21813710e-01
  2.12525000e-05 7   7.09208824e-01
  2.12525000e-05 8   6.96606512e-01
  2.12525000e-05 9   6.84007113e-01
  2.12525000e-05 10   6.71410961e-01
  2.12525000e-05 11   6.58818380e-01
  2.12525000e-05 12   6.46229685e-01
  2.12525000e-05 13   6.33645184e-01
  2.12525000e-05 14   6.21065173e-01
  2.12525000e-05 15   6.08489938e-01
  2.12525000e-05 16   5.95919753e-01
  2.12525000e-05 17   5.83354880e-01
  2.12525000e-05 18   5.70795569e-01
  2.12525000e-05 19   5.58242056e-01
  2.12525000e-05 20   5.45694563e-01
  2.12525000e-05 21   5.33153297e-01
  2.12525000e-05 22   5.20618452e-01
  2.12525000e-05 23   5.08090204e-01
  2.12525000e-05 24   4.95568715e-01
  2.12525000e-05 25   4.83054130e-01
  2.12525000e-05 26   4.70546578e-01
  2.12525000e-05 27   4.58046171e-01
  2.12525000e-05 28   4.45553003e-01
  2.12525000e-05 29   4.33067151e-01
  2.12525000e-05 30   4.20588674e-01
  2.12525000e-05 31   4.08117615e-01
  2.12525000e-05 32   3.95653998e-01
  2.12525000e-05 33   3.83197828e-01
  2.12525000e-05 34   3.70749095e-01
  2.12525000e-05 35   3.58307768e-01
  2.12525000e-05 36   3.45873800e-01
  2.12525000e-05 37   3.33447125e-01
  2.12525000e-05 38   3.21027662e-01
  2.12525000e-05 39   3.08615311e-01
  2.12525000e-05 40   2.96209954e-01
  2.12525000e-05 41   2.83811457e-01
  2.12525000e-05 42   2.71419670e-01
  2.12525000e-05 43   2.59034427e-01
  2.12525000e-05 44   2.46655546e-01
  2.12525000e-05 45   2.34282829e-01
  2.12525000e-05 46   2.21916063e-01
  2.12525000e-05 47   2.09555024e-01
  2.12525000e-05 48   1.97199469e-01
  2.12525000e-05 49   1.84849145e-01
  2.12525000e-05 50   1.72503788e-01
  2.12525000e-05 51   1.60163117e-01
  2.12525000e-05 52   1.47826846e-01
  2.12525000e-05 53   1.35494672e-01
  2.12525000e-05 54   1.23166287e-01
  2.12525000e-05 55   1.10841373e-01
  2.12525000e-05 56   9.85196011e-02
  2.12525000e-05 57   8.62006378e-02
  2.12525000e-05 58   7.38841414e-02
  2.12525000e-05 59   7.38841414e-02

  2.25025000e-05 0   1.00000000e+00
  2.25025000e-05 1   7.84911760e-01
  2.25025000e-05 2   7.72338550e-01
  2.25025000e-05 3   7.59765934e-01
  2.25025000e-05 4   7.47194181e-01
  2.25025000e-05 5   7.34623554e-01
  2.25025000e-05 6   7.22054319e-01
  2.25025000e-05 7   7.09486735e-01
  2.25025000e-05 8   6.96921057e-01
  2.25025000e-05 9   6.84357537e-01
  2.25025000e-05 10   6.71796422e-01
  2.25025000e-05 11   6.59237952e-01
  2.25025000e-05 12   6.46682360e-01
  2.25025000e-05 13   6.34129874e-01
  2.25025000e-05 14   6.21580714e-01
  2.25025000e-05 15   6.09035090e-01
  2.25025000e-05 16   5.96493208e-01
  2.25025000e-05 17   5.83955259e-01
  2.25025000e-05 18   5.71421430e-01
  2.25025000e-05 19   5.58891895e-01
  2.25025000e-05 20   5.46366819e-01
  2.25025000e-05 21   5.33846355e-01
  2.25025000e-05 22   5.21330647e-01
  2.25025000e-05 23   5.08819824e-01
  2.25025000e-05 24   4.96314008e-01
  2.25025000e-05 25   4.83813306e-01
  2.25025000e-05 26   4.71317812e-01
  2.25025000e-05 27   4.58827610e-01
  2.25025000e-05 28   4.46342769e-01
  2.25025000e-05 29   4.33863347e-01
  2.25025000e-05 30   4.21389388e-01
  2.25025000e-05 31   4.08920922e-01
  2.25025000e-05 32   3.96457968e-01
  2.25025000e-05 33   3.84000531e-01
  2.25025000e-05 34   3.71548600e-01
  2.25025000e-05 35   3.59102156e-01
  2.25025000e-05 36   3.46661161e-01
  2.25025000e-05 37   3.34225569e-01
  2.25025000e-05 38   3.21795318e-01
  2.25025000e-05 39   3.09370334e-01
  2.25025000e-05 40   2.96950530e-01
  2.25025000e-05 41   2.84535808e-01
  2.25025000e-05 42   2.72126055e-01
  2.25025000e-05 43   2.59721149e-01
  2.25025000e-05 44   2.47320954e-01
  2.25025000e-05 45   2.34925325e-01
  2.25025000e-05 46   2.22534104e-01
  2.25025000e-05 47   2.10147124e-01
  2.25025000e-05 48   1.97764206e-01
  2.25025000e-05 49   1.85385163e-01
  2.25025000e-05 50   1.73009798e-01
  2.25025000e-05 51   1.60637904e-01
  2.25025000e-05 52   1.48269268e-01
  2.25025000e-05 53   1.35903668e-01
  2.25025000e-05 54   1.23540873e-01
  2.25025000e-05 55   1.11180649e-01
  2.25025000e-05 56   9.88227527e-02
  2.25025000e-05 57   8.64669363e-02
  2.25025000e-05 58   7.41129470e-02
  2.25025000e-05 59   7.41129470e-02

  2.37525000e-05 0   1.00000000e+00
  2.37525000e-05 1   7.84946764e-01
  2.37525000e-05 2   7.72402642e-01
  2.37525000e-05 3   7.59858959e-01
  2.37525000e-05 4   7.47315914e-01
  2.37525000e-05 5   7.34773704e-01
  2.37525000e-05 6   7.22232525e-01
  2.37525000e-05 7   7.09692568e-01
  2.37525000e-05 8   6.97154024e-01
  2.37525000e-05 9   6.84617078e-01
  2.37525000e-05 10   6.72081912e-01
  2.37525000e-05 11   6.59548706e-01
  2.37525000e-05 12   6.47017632e-01
  2.37525000e-05 13   6.34488857e-01
  2.37525000e-05 14   6.21962546e-01
  2.37525000e-05 15   6.09438855e-01
  2.37525000e-05 16   5.96917934e-01
  2.37525000e-05 17   5.84399928e-01
  2.37525000e-05 18   5.71884972e-01
  2.37525000e-05 19   5.59373196e-01
  2.37525000e-05 20   5.46864723e-01
  2.37525000e-05 21   5.34359666e-01
  2.37525000e-05 22   5.21858131e-01
  2.37525000e-05 23   5.09360215e-01
  2.37525000e-05 24   4.96866007e-01
  2.37525000e-05 25   4.84375586e-01
  2.37525000e-05 26   4.71889023e-01
  2.37525000e-05 27   4.59406379e-01
  2.37525000e-05 28   4.46927706e-01
  2.37525000e-05 29   4.34453046e-01
  2.37525000e-05 30   4.21982433e-01
  2.37525000e-05 31   4.09515888e-01
  2.37525000e-05 32   3.97053426e-01
  2.37525000e-05 33   3.84595049e-01
  2.37525000e-05 34   3.72140751e-01
  2.37525000e-05 35   3.59690516e-01
  2.37525000e-05 36   3.47244318e-01
  2.37525000e-05 37   3.34802121e-01
  2.37525000e-05 38   3.22363879e-01
  2.37525000e-05 39   3.09929539e-01
  2.37525000e-05 40   2.97499035e-01
  2.37525000e-05 41   2.85072295e-01
  2.37525000e-05 42   2.72649236e-01
  2.37525000e-05 43   2.60229766e-01
  2.37525000e-05 44   2.47813786e-01
  2.37525000e-05 45   2.35401188e-01
  2.37525000e-05 46   2.22991854e-01
  2.37525000e-05 47   2.10585661e-01
  2.37525000e-05 48   1.98182477e-01
  2.37525000e-05 49   1.85782163e-01
  2.37525000e-05 50   1.73384572e-01
  2.37525000e-05 51   1.60989553e-01
  2.37525000e-05 52   1.48596947e-01
  2.37525000e-05 53   1.36206589e-01
  2.37525000e-05 54   1.23818309e-01
  2.37525000e-05 55   1.11431933e-01
  2.37525000e-05 56   9.90472808e-02
  2.37525000e-05 57   8.66641693e-02
  2.37525000e-05 58   7.42824109e-02
  2.37525000e-05 59   7.42824109e-02

