  0.00000000e+00 0   1.00000000e+00
  0.00000000e+00 1   0.00000000e+00
  0.00000000e+00 2   0.00000000e+00
  0.00000000e+00 3   0.00000000e+00
  0.00000000e+00 4   0.00000000e+00
  0.00000000e+00 5   0.00000000e+00
  0.00000000e+00 6   0.00000000e+00
  0.00000000e+00 7   0.00000000e+00
  0.00000000e+00 8   0.00000000e+00
  0.00000000e+00 9   0.00000000e+00
  0.00000000e+00 10   0.00000000e+00
  0.00000000e+00 11   0.00000000e+00
  0.00000000e+00 12   0.00000000e+00
  0.00000000e+00 13   0.00000000e+00
  0.00000000e+00 14   0.00000000e+00
  0.00000000e+00 15   0.00000000e+00
  0.00000000e+00 16   0.00000000e+00
  0.00000000e+00 17   0.00000000e+00
  0.00000000e+00 18   0.00000000e+00
  0.00000000e+00 19   0.00000000e+00
  0.00000000e+00 20   0.00000000e+00
  0.00000000e+00 21   0.00000000e+00
  0.00000000e+00 22   0.00000000e+00
  0.00000000e+00 23   0.00000000e+00
  0.00000000e+00 24   0.00000000e+00
  0.00000000e+00 25   0.00000000e+00
  0.00000000e+00 26   0.00000000e+00
  0.00000000e+00 27   0.00000000e+00
  0.00000000e+00 28   0.00000000e+00
  0.00000000e+00 29   0.00000000e+00
  0.00000000e+00 30   0.00000000e+00
  0.00000000e+00 31   0.00000000e+00
  0.00000000e+00 32   0.00000000e+00
  0.00000000e+00 33   0.00000000e+00
  0.00000000e+00 34   0.00000000e+00
  0.00000000e+00 35   0.00000000e+00
  0.00000000e+00 36   0.00000000e+00
  0.00000000e+00 37   0.00000000e+00
  0.00000000e+00 38   0.00000000e+00
  0.00000000e+00 39   0.00000000e+00
  0.00000000e+00 40   0.00000000e+00
  0.00000000e+00 41   0.00000000e+00
  0.00000000e+00 42   0.00000000e+00
  0.00000000e+00 43   0.00000000e+00
  0.00000000e+00 44   0.00000000e+00
  0.00000000e+00 45   0.00000000e+00
  0.00000000e+00 46   0.00000000e+00
  0.00000000e+00 47   0.00000000e+00
  0.00000000e+00 48   0.00000000e+00
  0.00000000e+00 49   0.00000000e+00
  0.00000000e+00 50   0.00000000e+00
  0.00000000e+00 51   0.00000000e+00
  0.00000000e+00 52   0.00000000e+00
  0.00000000e+00 53   0.00000000e+00
  0.00000000e+00 54   0.00000000e+00
  0.00000000e+00 55   0.00000000e+00
  0.00000000e+00 56   0.00000000e+00
  0.00000000e+00 57   0.00000000e+00
  0.00000000e+00 58   0.00000000e+00
  0.00000000e+00 59   0.00000000e+00

  7.50000000e-09 0   1.00000000e+00
  7.50000000e-09 1   1.48148148e-01
  7.50000000e-09 2   4.93827160e-02
  7.50000000e-09 3   1.64609053e-02
  7.50000000e-09 4   5.48696845e-03
  7.50000000e-09 5   1.82898948e-03
  7.50000000e-09 6   6.09663161e-04
  7.50000000e-09 7   2.03221054e-04
  7.50000000e-09 8   6.77403512e-05
  7.50000000e-09 9   2.25801171e-05
  7.50000000e-09 10   7.52670569e-06
  7.50000000e-09 11   2.50890190e-06
  7.50000000e-09 12   8.36300633e-07
  7.50000000e-09 13   2.78766878e-07
  7.50000000e-09 14   9.29222925e-08
  7.50000000e-09 15   3.09740975e-08
  7.50000000e-09 16   1.03246992e-08
  7.50000000e-09 17   3.44156639e-09
  7.50000000e-09 18   1.14718880e-09
  7.50000000e-09 19   3.82396265e-10
  7.50000000e-09 20   1.27465422e-10
  7.50000000e-09 21   4.24884739e-11
  7.50000000e-09 22   1.41628246e-11
  7.50000000e-09 23   4.72094155e-12
  7.50000000e-09 24   1.57364718e-12
  7.50000000e-09 25   5.24549061e-13
  7.50000000e-09 26   1.74849687e-13
  7.50000000e-09 27   5.82832290e-14
  7.50000000e-09 28   1.94277430e-14
  7.50000000e-09 29   6.47591433e-15
  7.50000000e-09 30   2.15863811e-15
  7.50000000e-09 31   7.19546037e-16
  7.50000000e-09 32   2.39848679e-16
  7.50000000e-09 33   7.99495597e-17
  7.50000000e-09 34   2.66498532e-17
  7.50000000e-09 35   8.88328441e-18
  7.50000000e-09 36   2.96109480e-18
  7.50000000e-09 37   9.87031601e-19
  7.50000000e-09 38   3.29010534e-19
  7.50000000e-09 39   1.09670178e-19
  7.50000000e-09 40   3.65567260e-20
  7.50000000e-09 41   1.21855753e-20
  7.50000000e-09 42   4.06185844e-21
  7.50000000e-09 43   1.35395281e-21
  7.50000000e-09 44   4.51317604e-22
  7.50000000e-09 45   1.50439201e-22
  7.50000000e-09 46   5.01464005e-23
  7.50000000e-09 47   1.67154668e-23
  7.50000000e-09 48   5.57182228e-24
  7.50000000e-09 49   1.85727409e-24
  7.50000000e-09 50   6.19091364e-25
  7.50000000e-09 51   2.06363787e-25
  7.50000000e-09 52   6.87879277e-26
  7.50000000e-09 53   2.29293050e-26
  7.50000000e-09 54   7.64308888e-27
  7.50000000e-09 55   2.54765794e-27
  7.50000000e-09 56   8.49104259e-28
  7.50000000e-09 57   2.82689589e-28
  7.50000000e-09 58   9.31943699e-29
  7.50000000e-09 59   9.31943699e-29

  3.75750000e-06 0   1.00000000e+00
  3.75750000e-06 1   5.47672488e-01
  3.75750000e-06 2   5.31074821e-01
  3.75750000e-06 3   5.14530733e-01
  3.75750000e-06 4   4.98061993e-01
  3.75750000e-06 5   4.81690068e-01
  3.75750000e-06 6   4.65436037e-01
  3.75750000e-06 7   4.49320507e-01
  3.75750000e-06 8   4.33363535e-01
  3.75750000e-06 9   4.17584550e-01
  3.75750000e-06 10   4.02002282e-01
  3.75750000e-06 11   3.86634697e-01
  3.75750000e-06 12   3.71498929e-01
  3.75750000e-06 13   3.56611224e-01
  3.75750000e-06 14   3.41986890e-01
  3.75750000e-06 15   3.27640247e-01
  3.75750000e-06 16   3.13584590e-01
  3.75750000e-06 17   2.99832148e-01
  3.75750000e-06 18   2.86394060e-01
  3.75750000e-06 19   2.73280353e-01
  3.75750000e-06 20   2.60499918e-01
  3.75750000e-06 21   2.48060509e-01
  3.75750000e-06 22   2.35968730e-01
  3.75750000e-06 23   2.24230040e-01
  3.75750000e-06 24   2.12848757e-01
  3.75750000e-06 25   2.01828073e-01
  3.75750000e-06 26   1.91170066e-01
  3.75750000e-06 27   1.80875723e-01
  3.75750000e-06 28   1.70944967e-01
  3.75750000e-06 29   1.61376686e-01
  3.75750000e-06 30   1.52168762e-01
  3.75750000e-06 31   1.43318112e-01
  3.75750000e-06 32   1.34820726e-01
  3.75750000e-06 33   1.26671706e-01
  3.75750000e-06 34   1.18865309e-01
  3.75750000e-06 35   1.11394994e-01
  3.75750000e-06 36   1.04253466e-01
  3.75750000e-06 37   9.74327229e-02
  3.75750000e-06 38   9.09241004e-02
  3.75750000e-06 39   8.47183196e-02
  3.75750000e-06 40   7.88055326e-02
  3.75750000e-06 41   7.31753677e-02
  3.75750000e-06 42   6.78169726e-02
  3.75750000e-06 43   6.27190579e-02
  3.75750000e-06 44   5.78699376e-02
  3.75750000e-06 45   5.32575680e-02
  3.75750000e-06 46   4.88695854e-02
  3.75750000e-06 47   4.46933406e-02
  3.75750000e-06 48   4.07159320e-02
  3.75750000e-06 49   3.69242358e-02
  3.75750000e-06 50   3.33049343e-02
  3.75750000e-06 51   2.98445414e-02
  3.75750000e-06 52   2.65294265e-02
  3.75750000e-06 53   2.33458350e-02
  3.75750000e-06 54   2.02799079e-02
  3.75750000e-06 55   1.73176984e-02
  3.75750000e-06 56   1.44451871e-02
  3.75750000e-06 57   1.16482954e-02
  3.75750000e-06 58   8.91289702e-03
  3.75750000e-06 59   8.91289702e-03

  7.50750000e-06 0   1.00000000e+00
  7.50750000e-06 1   5.54410802e-01
  7.50750000e-06 2   5.42508286e-01
  7.50750000e-06 3   5.30622613e-01
  7.50750000e-06 4   5.18760656e-01
  7.50750000e-06 5   5.06929227e-01
  7.50750000e-06 6   4.95135054e-01
  7.50750000e-06 7   4.83384767e-01
  7.50750000e-06 8   4.71684877e-01
  7.50750000e-06 9   4.60041762e-01
  7.50750000e-06 10   4.48461647e-01
  7.50750000e-06 11   4.36950589e-01
  7.50750000e-06 12   4.25514462e-01
  7.50750000e-06 13   4.14158938e-01
  7.50750000e-06 14   4.02889477e-01
  7.50750000e-06 15   3.91711308e-01
  7.50750000e-06 16   3.80629417e-01
  7.50750000e-06 17   3.69648538e-01
  7.50750000e-06 18   3.58773135e-01
  7.50750000e-06 19   3.48007391e-01
  7.50750000e-06 20   3.37355202e-01
  7.50750000e-06 21   3.26820164e-01
  7.50750000e-06 22   3.16405564e-01
  7.50750000e-06 23   3.06114372e-01
  7.50750000e-06 24   2.95949233e-01
  7.50750000e-06 25   2.85912462e-01
  7.50750000e-06 26   2.76006040e-01
  7.50750000e-06 27   2.66231605e-01
  7.50750000e-06 28   2.56590450e-01
  7.50750000e-06 29   2.47083524e-01
  7.50750000e-06 30   2.37711425e-01
  7.50750000e-06 31   2.28474402e-01
  7.50750000e-06 32   2.19372352e-01
  7.50750000e-06 33   2.10404827e-01
  7.50750000e-06 34   2.01571029e-01
  7.50750000e-06 35   1.92869816e-01
  7.50750000e-06 36   1.84299705e-01
  7.50750000e-06 37   1.75858879e-01
  7.50750000e-06 38   1.67545187e-01
  7.50750000e-06 39   1.59356153e-01
  7.50750000e-06 40   1.51288985e-01
  7.50750000e-06 41   1.43340578e-01
  7.50750000e-06 42   1.35507527e-01
  7.50750000e-06 43   1.27786133e-01
  7.50750000e-06 44   1.20172414e-01
  7.50750000e-06 45   1.12662116e-01
  7.50750000e-06 46   1.05250722e-01
  7.50750000e-06 47   9.79334670e-02
  7.50750000e-06 48   9.07053481e-02
  7.50750000e-06 49   8.35611382e-02
  7.50750000e-06 50   7.64953989e-02
  7.50750000e-06 51   6.95024951e-02
  7.50750000e-06 52   6.25766088e-02
  7.50750000e-06 53   5.57117542e-02
  7.50750000e-06 54   4.89017924e-02
  7.50750000e-06 55   4.21404475e-02
  7.50750000e-06 56   3.54213220e-02
  7.50750000e-06 57   2.87379127e-02
  7.50750000e-06 58   2.20836275e-02
  7.50750000e-06 59   2.20836275e-02

  1.12575000e-05 0   1.00000000e+00
  1.12575000e-05 1   5.56773859e-01
  1.12575000e-05 2   5.46519282e-01
  1.12575000e-05 3   5.36271021e-01
  1.12575000e-05 4   5.26031656e-01
  1.12575000e-05 5   5.15803743e-01
  1.12575000e-05 6   5.05589808e-01
  1.12575000e-05 7   4.95392340e-01
  1.12575000e-05 8   4.85213788e-01
  1.12575000e-05 9   4.75056549e-01
  1.12575000e-05 10   4.64922966e-01
  1.12575000e-05 11   4.54815322e-01
  1.12575000e-05 12   4.44735830e-01
  1.12575000e-05 13   4.34686631e-01
  1.12575000e-05 14   4.24669790e-01
  1.12575000e-05 15   4.14687284e-01
  1.12575000e-05 16   4.04741005e-01
  1.12575000e-05 17   3.94832747e-01
  1.12575000e-05 18   3.84964210e-01
  1.12575000e-05 19   3.75136987e-01
  1.12575000e-05 20   3.65352567e-01
  1.12575000e-05 21   3.55612326e-01
  1.12575000e-05 22   3.45917527e-01
  1.12575000e-05 23   3.36269314e-01
  1.12575000e-05 24   3.26668712e-01
  1.12575000e-05 25   3.17116622e-01
  1.12575000e-05 26   3.07613817e-01
  1.12575000e-05 27   2.98160947e-01
  1.12575000e-05 28   2.88758530e-01
  1.12575000e-05 29   2.79406952e-01
  1.12575000e-05 30   2.70106470e-01
  1.12575000e-05 31   2.60857209e-01
  1.12575000e-05 32   2.51659158e-01
  1.12575000e-05 33   2.42512178e-01
  1.12575000e-05 34   2.33415995e-01
  1.12575000e-05 35   2.24370203e-01
  1.12575000e-05 36   2.15374269e-01
  1.12575000e-05 37   2.06427527e-01
  1.12575000e-05 38   1.97529187e-01
  1.12575000e-05 39   1.88678332e-01
  1.12575000e-05 40   1.79873922e-01
  1.12575000e-05 41   1.71114800e-01
  1.12575000e-05 42   1.62399687e-01
  1.12575000e-05 43   1.53727194e-01
  1.12575000e-05 44   1.45095821e-01
  1.12575000e-05 45   1.36503960e-01
  1.12575000e-05 46   1.27949904e-01
  1.12575000e-05 47   1.19431846e-01
  1.12575000e-05 48   1.10947886e-01
  1.12575000e-05 49   1.02496036e-01
  1.12575000e-05 50   9.40742268e-02
  1.12575000e-05 51   8.56803096e-02
  1.12575000e-05 52   7.73120642e-02
  1.12575000e-05 53   6.89672042e-02
  1.12575000e-05 54   6.06433825e-02
  1.12575000e-05 55   5.23381981e-02
  1.12575000e-05 56   4.40492014e-02
  1.12575000e-05 57   3.57739012e-02
  1.12575000e-05 58   2.75097710e-02
  1.12575000e-05 59   2.75097710e-02

  1.50075000e-05 0   1.00000000e+00
  1.50075000e-05 1   5.57666151e-01
  1.50075000e-05 2   5.48033867e-01
  1.50075000e-05 3   5.38403977e-01
  1.50075000e-05 4   5.28777460e-01
  1.50075000e-05 5   5.19155283e-01
  1.50075000e-05 6   5.09538405e-01
  1.50075000e-05 7   4.99927769e-01
  1.50075000e-05 8   4.90324304e-01
  1.50075000e-05 9   4.80728917e-01
  1.50075000e-05 10   4.71142499e-01
  1.50075000e-05 11   4.61565913e-01
  1.50075000e-05 12   4.51999999e-01
  1.50075000e-05 13   4.42445570e-01
  1.50075000e-05 14   4.32903407e-01
  1.50075000e-05 15   4.23374262e-01
  1.50075000e-05 16   4.13858851e-01
  1.50075000e-05 17   4.04357855e-01
  1.50075000e-05 18   3.94871918e-01
  1.50075000e-05 19   3.85401646e-01
  1.50075000e-05 20   3.75947603e-01
  1.50075000e-05 21   3.66510312e-01
  1.50075000e-05 22   3.57090251e-01
  1.50075000e-05 23   3.47687855e-01
  1.50075000e-05 24   3.38303513e-01
  1.50075000e-05 25   3.28937568e-01
  1.50075000e-05 26   3.19590313e-01
  1.50075000e-05 27   3.10261995e-01
  1.50075000e-05 28   3.00952811e-01
  1.50075000e-05 29   2.91662909e-01
  1.50075000e-05 30   2.82392386e-01
  1.50075000e-05 31   2.73141290e-01
  1.50075000e-05 32   2.63909618e-01
  1.50075000e-05 33   2.54697318e-01
  1.50075000e-05 34   2.45504286e-01
  1.50075000e-05 35   2.36330370e-01
  1.50075000e-05 36   2.27175366e-01
  1.50075000e-05 37   2.18039024e-01
  1.50075000e-05 38   2.08921044e-01
  1.50075000e-05 39   1.99821079e-01
  1.50075000e-05 40   1.90738735e-01
  1.50075000e-05 41   1.81673573e-01
  1.50075000e-05 42   1.72625109e-01
  1.50075000e-05 43   1.63592815e-01
  1.50075000e-05 44   1.54576124e-01
  1.50075000e-05 45   1.45574426e-01
  1.50075000e-05 46   1.36587072e-01
  1.50075000e-05 47   1.27613379e-01
  1.50075000e-05 48   1.18652624e-01
  1.50075000e-05 49   1.09704055e-01
  1.50075000e-05 50   1.00766885e-01
  1.50075000e-05 51   9.18403004e-02
  1.50075000e-05 52   8.29234580e-02
  1.50075000e-05 53   7.40154903e-02
  1.50075000e-05 54   6.51155069e-02
  1.50075000e-05 55   5.62225965e-02
  1.50075000e-05 56   4.73358295e-02
  1.50075000e-05 57   3.84542607e-02
  1.50075000e-05 58   2.95769311e-02
  1.50075000e-05 59   2.95769311e-02

  1.87575000e-05 0   1.00000000e+00
  1.87575000e-05 1   5.58004505e-01
  1.87575000e-05 2   5.48608194e-01
  1.87575000e-05 3   5.39212790e-01
  1.87575000e-05 4   5.29818666e-01
  1.87575000e-05 5   5.20426188e-01
  1.87575000e-05 6   5.11035719e-01
  1.87575000e-05 7   5.01647619e-01
  1.87575000e-05 8   4.92262237e-01
  1.87575000e-05 9   4.82879920e-01
  1.87575000e-05 10   4.73501004e-01
  1.87575000e-05 11   4.64125818e-01
  1.87575000e-05 12   4.54754679e-01
  1.87575000e-05 13   4.45387896e-01
  1.87575000e-05 14   4.36025766e-01
  1.87575000e-05 15   4.26668573e-01
  1.87575000e-05 16   4.17316589e-01
  1.87575000e-05 17   4.07970072e-01
  1.87575000e-05 18   3.98629267e-01
  1.87575000e-05 19   3.89294404e-01
  1.87575000e-05 20   3.79965696e-01
  1.87575000e-05 21   3.70643341e-01
  1.87575000e-05 22   3.61327522e-01
  1.87575000e-05 23   3.52018402e-01
  1.87575000e-05 24   3.42716131e-01
  1.87575000e-05 25   3.33420837e-01
  1.87575000e-05 26   3.24132632e-01
  1.87575000e-05 27   3.14851609e-01
  1.87575000e-05 28   3.05577844e-01
  1.87575000e-05 29   2.96311392e-01
  1.87575000e-05 30   2.87052291e-01
  1.87575000e-05 31   2.77800558e-01
  1.87575000e-05 32   2.68556192e-01
  1.87575000e-05 33   2.59319174e-01
  1.87575000e-05 34   2.50089464e-01
  1.87575000e-05 35   2.40867005e-01
  1.87575000e-05 36   2.31651719e-01
  1.87575000e-05 37   2.22443511e-01
  1.87575000e-05 38   2.13242268e-01
  1.87575000e-05 39   2.04047858e-01
  1.87575000e-05 40   1.94860131e-01
  1.87575000e-05 41   1.85678922e-01
  1.87575000e-05 42   1.76504046e-01
  1.87575000e-05 43   1.67335303e-01
  1.87575000e-05 44   1.58172479e-01
  1.87575000e-05 45   1.49015341e-01
  1.87575000e-05 46   1.39863644e-01
  1.87575000e-05 47   1.30717129e-01
  1.87575000e-05 48   1.21575521e-01
  1.87575000e-05 49   1.12438535e-01
  1.87575000e-05 50   1.03305873e-01
  1.87575000e-05 51   9.41772256e-02
  1.87575000e-05 52   8.50522736e-02
  1.87575000e-05 53   7.59306879e-02
  1.87575000e-05 54   6.68121307e-02
  1.87575000e-05 55   5.76962562e-02
  1.87575000e-05 56   4.85827120e-02
  1.87575000e-05 57   3.94711395e-02
  1.87575000e-05 58   3.03611749e-02
  1.87575000e-05 59   3.03611749e-02

  2.25075000e-05 0   1.00000000e+00
  2.25075000e-05 1   5.58132838e-01
  2.25075000e-05 2   5.48826027e-01
  2.25075000e-05 3   5.39519561e-01
  2.25075000e-05 4   5.30213580e-01
  2.25075000e-05 5   5.20908223e-01
  2.25075000e-05 6   5.11603629e-01
  2.25075000e-05 7   5.02299933e-01
  2.25075000e-05 8   4.92997268e-01
  2.25075000e-05 9   4.83695765e-01
  2.25075000e-05 10   4.74395553e-01
  2.25075000e-05 11   4.65096754e-01
  2.25075000e-05 12   4.55799492e-01
  2.25075000e-05 13   4.46503881e-01
  2.25075000e-05 14   4.37210035e-01
  2.25075000e-05 15   4.27918062e-01
  2.25075000e-05 16   4.18628064e-01
  2.25075000e-05 17   4.09340140e-01
  2.25075000e-05 18   4.00054382e-01
  2.25075000e-05 19   3.90770878e-01
  2.25075000e-05 20   3.81489709e-01
  2.25075000e-05 21   3.72210950e-01
  2.25075000e-05 22   3.62934669e-01
  2.25075000e-05 23   3.53660929e-01
  2.25075000e-05 24   3.44389787e-01
  2.25075000e-05 25   3.35121291e-01
  2.25075000e-05 26   3.25855485e-01
  2.25075000e-05 27   3.16592402e-01
  2.25075000e-05 28   3.07332072e-01
  2.25075000e-05 29   2.98074516e-01
  2.25075000e-05 30   2.88819748e-01
  2.25075000e-05 31   2.79567774e-01
  2.25075000e-05 32   2.70318595e-01
  2.25075000e-05 33   2.61072203e-01
  2.25075000e-05 34   2.51828583e-01
  2.25075000e-05 35   2.42587712e-01
  2.25075000e-05 36   2.33349563e-01
  2.25075000e-05 37   2.24114098e-01
  2.25075000e-05 38   2.14881275e-01
  2.25075000e-05 39   2.05651044e-01
  2.25075000e-05 40   1.96423348e-01
  2.25075000e-05 41   1.87198123e-01
  2.25075000e-05 42   1.77975301e-01
  2.25075000e-05 43   1.68754805e-01
  2.25075000e-05 44   1.59536554e-01
  2.25075000e-05 45   1.50320459e-01
  2.25075000e-05 46   1.41106429e-01
  2.25075000e-05 47   1.31894363e-01
  2.25075000e-05 48   1.22684159e-01
  2.25075000e-05 49   1.13475708e-01
  2.25075000e-05 50   1.04268897e-01
  2.25075000e-05 51   9.50636094e-02
  2.25075000e-05 52   8.58597228e-02
  2.25075000e-05 53   7.66571131e-02
  2.25075000e-05 54   6.74556520e-02
  2.25075000e-05 55   5.82552085e-02
  2.25075000e-05 56   4.90556488e-02
  2.25075000e-05 57   3.98568369e-02
  2.25075000e-05 58   3.06586350e-02
  2.25075000e-05 59   3.06586350e-02

  2.62575000e-05 0   1.00000000e+00
  2.62575000e-05 1   5.58181513e-01
  2.62575000e-05 2   5.48908649e-01
  2.62575000e-05 3   5.39635916e-01
  2.62575000e-05 4   5.30363367e-01
  2.62575000e-05 5   5.21091055e-01
  2.62575000e-05 6   5.11819032e-01
  2.62575000e-05 7   5.02547349e-01
  2.62575000e-05 8   4.93276058e-01
  2.62575000e-05 9   4.84005207e-01
  2.62575000e-05 10   4.74734846e-01
  2.62575000e-05 11   4.65465021e-01
  2.62575000e-05 12   4.56195779e-01
  2.62575000e-05 13   4.46927163e-01
  2.62575000e-05 14   4.37659217e-01
  2.62575000e-05 15   4.28391980e-01
  2.62575000e-05 16   4.19125494e-01
  2.62575000e-05 17   4.09859793e-01
  2.62575000e-05 18   4.00594915e-01
  2.62575000e-05 19   3.91330891e-01
  2.62575000e-05 20   3.82067753e-01
  2.62575000e-05 21   3.72805528e-01
  2.62575000e-05 22   3.63544244e-01
  2.62575000e-05 23   3.54283924e-01
  2.62575000e-05 24   3.45024589e-01
  2.62575000e-05 25   3.35766258e-01
  2.62575000e-05 26   3.26508946e-01
  2.62575000e-05 27   3.17252668e-01
  2.62575000e-05 28   3.07997434e-01
  2.62575000e-05 29   2.98743252e-01
  2.62575000e-05 30   2.89490127e-01
  2.62575000e-05 31   2.80238062e-01
  2.62575000e-05 32   2.70987058e-01
  2.62575000e-05 33   2.61737110e-01
  2.62575000e-05 34   2.52488214e-01
  2.62575000e-05 35   2.43240361e-01
  2.62575000e-05 36   2.33993539e-01
  2.62575000e-05 37   2.24747736e-01
  2.62575000e-05 38   2.15502935e-01
  2.62575000e-05 39   2.06259117e-01
  2.62575000e-05 40   1.97016261e-01
  2.62575000e-05 41   1.87774342e-01
  2.62575000e-05 42   1.78533334e-01
  2.62575000e-05 43   1.69293209e-01
  2.62575000e-05 44   1.60053934e-01
  2.62575000e-05 45   1.50815478e-01
  2.62575000e-05 46   1.41577805e-01
  2.62575000e-05 47   1.32340877e-01
  2.62575000e-05 48   1.23104656e-01
  2.62575000e-05 49   1.13869099e-01
  2.62575000e-05 50   1.04634164e-01
  2.62575000e-05 51   9.53998065e-02
  2.62575000e-05 52   8.61659808e-02
  2.62575000e-05 53   7.69326394e-02
  2.62575000e-05 54   6.76997336e-02
  2.62575000e-05 55   5.84672139e-02
  2.62575000e-05 56   4.92350293e-02
  2.62575000e-05 57   4.00031284e-02
  2.62575000e-05 58   3.07714588e-02
  2.62575000e-05 59   3.07714588e-02

  3.00075000e-05 0   1.00000000e+00
  3.00075000e-05 1   5.58199975e-01
  3.00075000e-05 2   5.48939987e-01
  3.00075000e-05 3   5.39680049e-01
  3.00075000e-05 4   5.30420180e-01
  3.00075000e-05 5   5.21160401e-01
  3.00075000e-05 6   5.11900732e-01
  3.00075000e-05 7   5.02641192e-01
  3.00075000e-05 8   4.93381800e-01
  3.00075000e-05 9   4.84122575e-01
  3.00075000e-05 10   4.74863537e-01
  3.00075000e-05 11   4.65604701e-01
  3.00075000e-05 12   4.56346087e-01
  3.00075000e-05 13   4.47087710e-01
  3.00075000e-05 14   4.37829587e-01
  3.00075000e-05 15   4.28571733e-01
  3.00075000e-05 16   4.19314164e-01
  3.00075000e-05 17   4.10056893e-01
  3.00075000e-05 18   4.00799933e-01
  3.00075000e-05 19   3.91543298e-01
  3.00075000e-05 20   3.82286999e-01
  3.00075000e-05 21   3.73031046e-01
  3.00075000e-05 22   3.63775450e-01
  3.00075000e-05 23   3.54520220e-01
  3.00075000e-05 24   3.45265363e-01
  3.00075000e-05 25   3.36010887e-01
  3.00075000e-05 26   3.26756798e-01
  3.00075000e-05 27   3.17503100e-01
  3.00075000e-05 28   3.08249799e-01
  3.00075000e-05 29   2.98996897e-01
  3.00075000e-05 30   2.89744396e-01
  3.00075000e-05 31   2.80492296e-01
  3.00075000e-05 32   2.71240599e-01
  3.00075000e-05 33   2.61989303e-01
  3.00075000e-05 34   2.52738406e-01
  3.00075000e-05 35   2.43487904e-01
  3.00075000e-05 36   2.34237793e-01
  3.00075000e-05 37   2.24988069e-01
  3.00075000e-05 38   2.15738725e-01
  3.00075000e-05 39   2.06489754e-01
  3.00075000e-05 40   1.97241147e-01
  3.00075000e-05 41   1.87992896e-01
  3.00075000e-05 42   1.78744991e-01
  3.00075000e-05 43   1.69497420e-01
  3.00075000e-05 44   1.60250172e-01
  3.00075000e-05 45   1.51003234e-01
  3.00075000e-05 46   1.41756594e-01
  3.00075000e-05 47   1.32510236e-01
  3.00075000e-05 48   1.23264146e-01
  3.00075000e-05 49   1.14018308e-01
  3.00075000e-05 50   1.04772706e-01
  3.00075000e-05 51   9.55273228e-02
  3.00075000e-05 52   8.62821415e-02
  3.00075000e-05 53   7.70371439e-02
  3.00075000e-05 54   6.77923115e-02
  3.00075000e-05 55   5.85476255e-02
  3.00075000e-05 56   4.93030666e-02
  3.00075000e-05 57   4.00586154e-02
  3.00075000e-05 58   3.08142519e-02
  3.00075000e-05 59   3.08142519e-02

  3.37575000e-05 0   1.00000000e+00
  3.37575000e-05 1   5.58206978e-01
  3.37575000e-05 2   5.48951873e-01
  3.37575000e-05 3   5.39696788e-01
  3.37575000e-05 4   5.30441728e-01
  3.37575000e-05 5   5.21186703e-01
  3.37575000e-05 6   5.11931720e-01
  3.37575000e-05 7   5.02676785e-01
  3.37575000e-05 8   4.93421907e-01
  3.37575000e-05 9   4.84167092e-01
  3.37575000e-05 10   4.74912348e-01
  3.37575000e-05 11   4.65657680e-01
  3.37575000e-05 12   4.56403097e-01
  3.37575000e-05 13   4.47148604e-01
  3.37575000e-05 14   4.37894207e-01
  3.37575000e-05 15   4.28639912e-01
  3.37575000e-05 16   4.19385725e-01
  3.37575000e-05 17   4.10131651e-01
  3.37575000e-05 18   4.00877695e-01
  3.37575000e-05 19   3.91623862e-01
  3.37575000e-05 20   3.82370157e-01
  3.37575000e-05 21   3.73116583e-01
  3.37575000e-05 22   3.63863145e-01
  3.37575000e-05 23   3.54609845e-01
  3.37575000e-05 24   3.45356686e-01
  3.37575000e-05 25   3.36103673e-01
  3.37575000e-05 26   3.26850805e-01
  3.37575000e-05 27   3.17598087e-01
  3.37575000e-05 28   3.08345519e-01
  3.37575000e-05 29   2.99093102e-01
  3.37575000e-05 30   2.89840837e-01
  3.37575000e-05 31   2.80588725e-01
  3.37575000e-05 32   2.71336765e-01
  3.37575000e-05 33   2.62084957e-01
  3.37575000e-05 34   2.52833301e-01
  3.37575000e-05 35   2.43581794e-01
  3.37575000e-05 36   2.34330437e-01
  3.37575000e-05 37   2.25079225e-01
  3.37575000e-05 38   2.15828158e-01
  3.37575000e-05 39   2.06577232e-01
  3.37575000e-05 40   1.97326444e-01
  3.37575000e-05 41   1.88075792e-01
  3.37575000e-05 42   1.78825270e-01
  3.37575000e-05 43   1.69574875e-01
  3.37575000e-05 44   1.60324603e-01
  3.37575000e-05 45   1.51074449e-01
  3.37575000e-05 46   1.41824407e-01
  3.37575000e-05 47   1.32574472e-01
  3.37575000e-05 48   1.23324639e-01
  3.37575000e-05 49   1.14074901e-01
  3.37575000e-05 50   1.04825253e-01
  3.37575000e-05 51   9.55756885e-02
  3.37575000e-05 52   8.63262001e-02
  3.37575000e-05 53   7.70767814e-02
  3.37575000e-05 54   6.78274254e-02
  3.37575000e-05 55   5.85781248e-02
  3.37575000e-05 56   4.93288725e-02
  3.37575000e-05 57   4.00796610e-02
  3.37575000e-05 58   3.08304828e-02
  3.37575000e-05 59   3.08304828e-02

  3.75075000e-05 0   1.00000000e+00
  3.75075000e-05 1   5.58209634e-01
  3.75075000e-05 2   5.48956382e-01
  3.75075000e-05 3   5.39703137e-01
  3.75075000e-05 4   5.30449902e-01
  3.75075000e-05 5   5.21196680e-01
  3.75075000e-05 6   5.11943473e-01
  3.75075000e-05 7   5.02690286e-01
  3.75075000e-05 8   4.93437119e-01
  3.75075000e-05 9   4.84183977e-01
  3.75075000e-05 10   4.74930861e-01
  3.75075000e-05 11   4.65677775e-01
  3.75075000e-05 12   4.56424720e-01
  3.75075000e-05 13   4.47171700e-01
  3.75075000e-05 14   4.37918716e-01
  3.75075000e-05 15   4.28665771e-01
  3.75075000e-05 16   4.19412867e-01
  3.75075000e-05 17   4.10160006e-01
  3.75075000e-05 18   4.00907189e-01
  3.75075000e-05 19   3.91654419e-01
  3.75075000e-05 20   3.82401698e-01
  3.75075000e-05 21   3.73149026e-01
  3.75075000e-05 22   3.63896406e-01
  3.75075000e-05 23   3.54643838e-01
  3.75075000e-05 24   3.45391324e-01
  3.75075000e-05 25   3.36138865e-01
  3.75075000e-05 26   3.26886462e-01
  3.75075000e-05 27   3.17634115e-01
  3.75075000e-05 28   3.08381824e-01
  3.75075000e-05 29   2.99129592e-01
  3.75075000e-05 30   2.89877417e-01
  3.75075000e-05 31   2.80625299e-01
  3.75075000e-05 32   2.71373240e-01
  3.75075000e-05 33   2.62121238e-01
  3.75075000e-05 34   2.52869294e-01
  3.75075000e-05 35   2.43617406e-01
  3.75075000e-05 36   2.34365575e-01
  3.75075000e-05 37   2.25113800e-01
  3.75075000e-05 38   2.15862079e-01
  3.75075000e-05 39   2.06610411e-01
  3.75075000e-05 40   1.97358797e-01
  3.75075000e-05 41   1.88107233e-01
  3.75075000e-05 42   1.78855719e-01
  3.75075000e-05 43   1.69604253e-01
  3.75075000e-05 44   1.60352834e-01
  3.75075000e-05 45   1.51101459e-01
  3.75075000e-05 46   1.41850127e-01
  3.75075000e-05 47   1.32598836e-01
  3.75075000e-05 48   1.23347583e-01
  3.75075000e-05 49   1.14096367e-01
  3.75075000e-05 50   1.04845184e-01
  3.75075000e-05 51   9.55940332e-02
  3.75075000e-05 52   8.63429112e-02
  3.75075000e-05 53   7.70918156e-02
  3.75075000e-05 54   6.78407437e-02
  3.75075000e-05 55   5.85896930e-02
  3.75075000e-05 56   4.93386605e-02
  3.75075000e-05 57   4.00876435e-02
  3.75075000e-05 58   3.08366391e-02
  3.75075000e-05 59   3.08366391e-02

  4.12575000e-05 0   1.00000000e+00
  4.12575000e-05 1   5.58210641e-01
  4.12575000e-05 2   5.48958092e-01
  4.12575000e-05 3   5.39705545e-01
  4.12575000e-05 4   5.30453002e-01
  4.12575000e-05 5   5.21200463e-01
  4.12575000e-05 6   5.11947931e-01
  4.12575000e-05 7   5.02695406e-01
  4.12575000e-05 8   4.93442889e-01
  4.12575000e-05 9   4.84190381e-01
  4.12575000e-05 10   4.74937883e-01
  4.12575000e-05 11   4.65685397e-01
  4.12575000e-05 12   4.56432922e-01
  4.12575000e-05 13   4.47180460e-01
  4.12575000e-05 14   4.37928013e-01
  4.12575000e-05 15   4.28675579e-01
  4.12575000e-05 16   4.19423162e-01
  4.12575000e-05 17   4.10170761e-01
  4.12575000e-05 18   4.00918376e-01
  4.12575000e-05 19   3.91666010e-01
  4.12575000e-05 20   3.82413661e-01
  4.12575000e-05 21   3.73161332e-01
  4.12575000e-05 22   3.63909022e-01
  4.12575000e-05 23   3.54656732e-01
  4.12575000e-05 24   3.45404462e-01
  4.12575000e-05 25   3.36152214e-01
  4.12575000e-05 26   3.26899986e-01
  4.12575000e-05 27   3.17647779e-01
  4.12575000e-05 28   3.08395595e-01
  4.12575000e-05 29   2.99143432e-01
  4.12575000e-05 30   2.89891291e-01
  4.12575000e-05 31   2.80639172e-01
  4.12575000e-05 32   2.71387074e-01
  4.12575000e-05 33   2.62134999e-01
  4.12575000e-05 34   2.52882946e-01
  4.12575000e-05 35   2.43630914e-01
  4.12575000e-05 36   2.34378903e-01
  4.12575000e-05 37   2.25126913e-01
  4.12575000e-05 38   2.15874945e-01
  4.12575000e-05 39   2.06622996e-01
  4.12575000e-05 40   1.97371068e-01
  4.12575000e-05 41   1.88119158e-01
  4.12575000e-05 42   1.78867268e-01
  4.12575000e-05 43   1.69615396e-01
  4.12575000e-05 44   1.60363542e-01
  4.12575000e-05 45   1.51111704e-01
  4.12575000e-05 46   1.41859883e-01
  4.12575000e-05 47   1.32608077e-01
  4.12575000e-05 48   1.23356286e-01
  4.12575000e-05 49   1.14104508e-01
  4.12575000e-05 50   1.04852744e-01
  4.12575000e-05 51   9.56009911e-02
  4.12575000e-05 52   8.63492495e-02
  4.12575000e-05 53   7.70975179e-02
  4.12575000e-05 54   6.78457953e-02
  4.12575000e-05 55   5.85940806e-02
  4.12575000e-05 56   4.93423729e-02
  4.12575000e-05 57   4.00906711e-02
  4.12575000e-05 58   3.08389741e-02
  4.12575000e-05 59   3.08389741e-02

  4.50075000e-05 0   1.00000000e+00
  4.50075000e-05 1   5.58211023e-01
  4.50075000e-05 2   5.48958740e-01
  4.50075000e-05 3   5.39706458e-01
  4.50075000e-05 4   5.30454177e-01
  4.50075000e-05 5   5.21201899e-01
  4.50075000e-05 6   5.11949622e-01
  4.50075000e-05 7   5.02697348e-01
  4.50075000e-05 8   4.93445078e-01
  4.50075000e-05 9   4.84192810e-01
  4.50075000e-05 10   4.74940547e-01
  4.50075000e-05 11   4.65688288e-01
  4.50075000e-05 12   4.56436033e-01
  4.50075000e-05 13   4.47183783e-01
  4.50075000e-05 14   4.37931539e-01
  4.50075000e-05 15   4.28679300e-01
  4.50075000e-05 16   4.19427067e-01
  4.50075000e-05 17   4.10174840e-01
  4.50075000e-05 18   4.00922619e-01
  4.50075000e-05 19   3.91670406e-01
  4.50075000e-05 20   3.82418199e-01
  4.50075000e-05 21   3.73165999e-01
  4.50075000e-05 22   3.63913807e-01
  4.50075000e-05 23   3.54661622e-01
  4.50075000e-05 24   3.45409445e-01
  4.50075000e-05 25   3.36157276e-01
  4.50075000e-05 26   3.26905115e-01
  4.50075000e-05 27   3.17652962e-01
  4.50075000e-05 28   3.08400818e-01
  4.50075000e-05 29   2.99148681e-01
  4.50075000e-05 30   2.89896553e-01
  4.50075000e-05 31   2.80644433e-01
  4.50075000e-05 32   2.71392322e-01
  4.50075000e-05 33   2.62140219e-01
  4.50075000e-05 34   2.52888124e-01
  4.50075000e-05 35   2.43636037e-01
  4.50075000e-05 36   2.34383958e-01
  4.50075000e-05 37   2.25131887e-01
  4.50075000e-05 38   2.15879825e-01
  4.50075000e-05 39   2.06627769e-01
  4.50075000e-05 40   1.97375722e-01
  4.50075000e-05 41   1.88123682e-01
  4.50075000e-05 42   1.78871649e-01
  4.50075000e-05 43   1.69619623e-01
  4.50075000e-05 44   1.60367603e-01
  4.50075000e-05 45   1.51115590e-01
  4.50075000e-05 46   1.41863583e-01
  4.50075000e-05 47   1.32611582e-01
  4.50075000e-05 48   1.23359587e-01
  4.50075000e-05 49   1.14107596e-01
  4.50075000e-05 50   1.04855611e-01
  4.50075000e-05 51   9.56036302e-02
  4.50075000e-05 52   8.63516536e-02
  4.50075000e-05 53   7.70996807e-02
  4.50075000e-05 54   6.78477112e-02
  4.50075000e-05 55   5.85957448e-02
  4.50075000e-05 56   4.93437810e-02
  4.50075000e-05 57   4.00918195e-02
  4.50075000e-05 58   3.08398597e-02
  4.50075000e-05 59   3.08398597e-02

  4.87575000e-05 0   1.00000000e+00
  4.87575000e-05 1   5.58211168e-01
  4.87575000e-05 2   5.48958986e-01
  4.87575000e-05 3   5.39706805e-01
  4.87575000e-05 4   5.30454623e-01
  4.87575000e-05 5   5.21202443e-01
  4.87575000e-05 6   5.11950263e-01
  4.87575000e-05 7   5.02698085e-01
  4.87575000e-05 8   4.93445908e-01
  4.87575000e-05 9   4.84193732e-01
  4.87575000e-05 10   4.74941557e-01
  4.87575000e-05 11   4.65689384e-01
  4.87575000e-05 12   4.56437213e-01
  4.87575000e-05 13   4.47185043e-01
  4.87575000e-05 14   4.37932876e-01
  4.87575000e-05 15   4.28680711e-01
  4.87575000e-05 16   4.19428548e-01
  4.87575000e-05 17   4.10176387e-01
  4.87575000e-05 18   4.00924229e-01
  4.87575000e-05 19   3.91672073e-01
  4.87575000e-05 20   3.82419920e-01
  4.87575000e-05 21   3.73167769e-01
  4.87575000e-05 22   3.63915622e-01
  4.87575000e-05 23   3.54663477e-01
  4.87575000e-05 24   3.45411335e-01
  4.87575000e-05 25   3.36159197e-01
  4.87575000e-05 26   3.26907061e-01
  4.87575000e-05 27   3.17654928e-01
  4.87575000e-05 28   3.08402799e-01
  4.87575000e-05 29   2.99150672e-01
  4.87575000e-05 30   2.89898549e-01
  4.87575000e-05 31   2.80646429e-01
  4.87575000e-05 32   2.71394312e-01
  4.87575000e-05 33   2.62142198e-01
  4.87575000e-05 34   2.52890087e-01
  4.87575000e-05 35   2.43637980e-01
  4.87575000e-05 36   2.34385875e-01
  4.87575000e-05 37   2.25133774e-01
  4.87575000e-05 38   2.15881675e-01
  4.87575000e-05 39   2.06629580e-01
  4.87575000e-05 40   1.97377487e-01
  4.87575000e-05 41   1.88125397e-01
  4.87575000e-05 42   1.78873310e-01
  4.87575000e-05 43   1.69621226e-01
  4.87575000e-05 44   1.60369144e-01
  4.87575000e-05 45   1.51117064e-01
  4.87575000e-05 46   1.41864987e-01
  4.87575000e-05 47   1.32612912e-01
  4.87575000e-05 48   1.23360839e-01
  4.87575000e-05 49   1.14108768e-01
  4.87575000e-05 50   1.04856699e-01
  4.87575000e-05 51   9.56046312e-02
  4.87575000e-05 52   8.63525654e-02
  4.87575000e-05 53   7.71005010e-02
  4.87575000e-05 54   6.78484380e-02
  4.87575000e-05 55   5.85963760e-02
  4.87575000e-05 56   4.93443151e-02
  4.87575000e-05 57   4.00922550e-02
  4.87575000e-05 58   3.08401957e-02
  4.87575000e-05 59   3.08401957e-02

  5.25075000e-05 0   1.00000000e+00
  5.25075000e-05 1   5.58211223e-01
  5.25075000e-05 2   5.48959079e-01
  5.25075000e-05 3   5.39706936e-01
  5.25075000e-05 4   5.30454793e-01
  5.25075000e-05 5   5.21202649e-01
  5.25075000e-05 6   5.11950507e-01
  5.25075000e-05 7   5.02698364e-01
  5.25075000e-05 8   4.93446222e-01
  5.25075000e-05 9   4.84194081e-01
  5.25075000e-05 10   4.74941940e-01
  5.25075000e-05 11   4.65689800e-01
  5.25075000e-05 12   4.56437660e-01
  5.25075000e-05 13   4.47185521e-01
  5.25075000e-05 14   4.37933383e-01
  5.25075000e-05 15   4.28681246e-01
  5.25075000e-05 16   4.19429109e-01
  5.25075000e-05 17   4.10176974e-01
  5.25075000e-05 18   4.00924839e-01
  5.25075000e-05 19   3.91672705e-01
  5.25075000e-05 20   3.82420573e-01
  5.25075000e-05 21   3.73168441e-01
  5.25075000e-05 22   3.63916310e-01
  5.25075000e-05 23   3.54664181e-01
  5.25075000e-05 24   3.45412052e-01
  5.25075000e-05 25   3.36159925e-01
  5.25075000e-05 26   3.26907799e-01
  5.25075000e-05 27   3.17655674e-01
  5.25075000e-05 28   3.08403550e-01
  5.25075000e-05 29   2.99151428e-01
  5.25075000e-05 30   2.89899306e-01
  5.25075000e-05 31   2.80647186e-01
  5.25075000e-05 32   2.71395067e-01
  5.25075000e-05 33   2.62142949e-01
  5.25075000e-05 34   2.52890832e-01
  5.25075000e-05 35   2.43638717e-01
  5.25075000e-05 36   2.34386603e-01
  5.25075000e-05 37   2.25134490e-01
  5.25075000e-05 38   2.15882377e-01
  5.25075000e-05 39   2.06630267e-01
  5.25075000e-05 40   1.97378157e-01
  5.25075000e-05 41   1.88126048e-01
  5.25075000e-05 42   1.78873940e-01
  5.25075000e-05 43   1.69621834e-01
  5.25075000e-05 44   1.60369728e-01
  5.25075000e-05 45   1.51117623e-01
  5.25075000e-05 46   1.41865519e-01
  5.25075000e-05 47   1.32613416e-01
  5.25075000e-05 48   1.23361314e-01
  5.25075000e-05 49   1.14109212e-01
  5.25075000e-05 50   1.04857111e-01
  5.25075000e-05 51   9.56050109e-02
  5.25075000e-05 52   8.63529113e-02
  5.25075000e-05 53   7.71008122e-02
  5.25075000e-05 54   6.78487136e-02
  5.25075000e-05 55   5.85966155e-02
  5.25075000e-05 56   4.93445177e-02
  5.25075000e-05 57   4.00924203e-02
  5.25075000e-05 58   3.08403231e-02
  5.25075000e-05 59   3.08403231e-02

  5.62575000e-05 0   1.00000000e+00
  5.62575000e-05 1   5.58211244e-01
  5.62575000e-05 2   5.48959115e-01
  5.62575000e-05 3   5.39706986e-01
  5.62575000e-05 4   5.30454857e-01
  5.62575000e-05 5   5.21202728e-01
  5.62575000e-05 6   5.11950599e-01
  5.62575000e-05 7   5.02698470e-01
  5.62575000e-05 8   4.93446342e-01
  5.62575000e-05 9   4.84194214e-01
  5.62575000e-05 10   4.74942085e-01
  5.62575000e-05 11   4.65689958e-01
  5.62575000e-05 12   4.56437830e-01
  5.62575000e-05 13   4.47185703e-01
  5.62575000e-05 14   4.37933576e-01
  5.62575000e-05 15   4.28681449e-01
  5.62575000e-05 16   4.19429322e-01
  5.62575000e-05 17   4.10177196e-01
  5.62575000e-05 18   4.00925071e-01
  5.62575000e-05 19   3.91672945e-01
  5.62575000e-05 20   3.82420820e-01
  5.62575000e-05 21   3.73168696e-01
  5.62575000e-05 22   3.63916571e-01
  5.62575000e-05 23   3.54664448e-01
  5.62575000e-05 24   3.45412324e-01
  5.62575000e-05 25   3.36160201e-01
  5.62575000e-05 26   3.26908079e-01
  5.62575000e-05 27   3.17655957e-01
  5.62575000e-05 28   3.08403835e-01
  5.62575000e-05 29   2.99151714e-01
  5.62575000e-05 30   2.89899593e-01
  5.62575000e-05 31   2.80647473e-01
  5.62575000e-05 32   2.71395353e-01
  5.62575000e-05 33   2.62143234e-01
  5.62575000e-05 34   2.52891115e-01
  5.62575000e-05 35   2.43638996e-01
  5.62575000e-05 36   2.34386878e-01
  5.62575000e-05 37   2.25134761e-01
  5.62575000e-05 38   2.15882644e-01
  5.62575000e-05 39   2.06630527e-01
  5.62575000e-05 40   1.97378411e-01
  5.62575000e-05 41   1.88126295e-01
  5.62575000e-05 42   1.78874179e-01
  5.62575000e-05 43   1.69622064e-01
  5.62575000e-05 44   1.60369949e-01
  5.62575000e-05 45   1.51117835e-01
  5.62575000e-05 46   1.41865721e-01
  5.62575000e-05 47   1.32613607e-01
  5.62575000e-05 48   1.23361494e-01
  5.62575000e-05 49   1.14109380e-01
  5.62575000e-05 50   1.04857268e-01
  5.62575000e-05 51   9.56051549e-02
  5.62575000e-05 52   8.63530424e-02
  5.62575000e-05 53   7.71009302e-02
  5.62575000e-05 54   6.78488182e-02
  5.62575000e-05 55   5.85967063e-02
  5.62575000e-05 56   4.93445945e-02
  5.62575000e-05 57   4.00924829e-02
  5.62575000e-05 58   3.08403714e-02
  5.62575000e-05 59   3.08403714e-02

  6.00075000e-05 0   1.00000000e+00
  6.00075000e-05 1   5.58211252e-01
  6.00075000e-05 2   5.48959128e-01
  6.00075000e-05 3   5.39707005e-01
  6.00075000e-05 4   5.30454881e-01
  6.00075000e-05 5   5.21202757e-01
  6.00075000e-05 6   5.11950634e-01
  6.00075000e-05 7   5.02698511e-01
  6.00075000e-05 8   4.93446387e-01
  6.00075000e-05 9   4.84194264e-01
  6.00075000e-05 10   4.74942141e-01
  6.00075000e-05 11   4.65690017e-01
  6.00075000e-05 12   4.56437894e-01
  6.00075000e-05 13   4.47185771e-01
  6.00075000e-05 14   4.37933649e-01
  6.00075000e-05 15   4.28681526e-01
  6.00075000e-05 16   4.19429403e-01
  6.00075000e-05 17   4.10177281e-01
  6.00075000e-05 18   4.00925158e-01
  6.00075000e-05 19   3.91673036e-01
  6.00075000e-05 20   3.82420914e-01
  6.00075000e-05 21   3.73168792e-01
  6.00075000e-05 22   3.63916670e-01
  6.00075000e-05 23   3.54664549e-01
  6.00075000e-05 24   3.45412427e-01
  6.00075000e-05 25   3.36160306e-01
  6.00075000e-05 26   3.26908185e-01
  6.00075000e-05 27   3.17656064e-01
  6.00075000e-05 28   3.08403943e-01
  6.00075000e-05 29   2.99151823e-01
  6.00075000e-05 30   2.89899702e-01
  6.00075000e-05 31   2.80647582e-01
  6.00075000e-05 32   2.71395462e-01
  6.00075000e-05 33   2.62143342e-01
  6.00075000e-05 34   2.52891222e-01
  6.00075000e-05 35   2.43639103e-01
  6.00075000e-05 36   2.34386983e-01
  6.00075000e-05 37   2.25134864e-01
  6.00075000e-05 38   2.15882745e-01
  6.00075000e-05 39   2.06630626e-01
  6.00075000e-05 40   1.97378507e-01
  6.00075000e-05 41   1.88126388e-01
  6.00075000e-05 42   1.78874270e-01
  6.00075000e-05 43   1.69622152e-01
  6.00075000e-05 44   1.60370033e-01
  6.00075000e-05 45   1.51117915e-01
  6.00075000e-05 46   1.41865797e-01
  6.00075000e-05 47   1.32613680e-01
  6.00075000e-05 48   1.23361562e-01
  6.00075000e-05 49   1.14109444e-01
  6.00075000e-05 50   1.04857327e-01
  6.00075000e-05 51   9.56052095e-02
  6.00075000e-05 52   8.63530922e-02
  6.00075000e-05 53   7.71009750e-02
  6.00075000e-05 54   6.78488578e-02
  6.00075000e-05 55   5.85967407e-02
  6.00075000e-05 56   4.93446237e-02
  6.00075000e-05 57   4.00925067e-02
  6.00075000e-05 58   3.08403897e-02
  6.00075000e-05 59   3.08403897e-02

  6.37575000e-05 0   1.00000000e+00
  6.37575000e-05 1   5.58211255e-01
  6.37575000e-05 2   5.48959133e-01
  6.37575000e-05 3   5.39707012e-01
  6.37575000e-05 4   5.30454890e-01
  6.37575000e-05 5   5.21202769e-01
  6.37575000e-05 6   5.11950647e-01
  6.37575000e-05 7   5.02698526e-01
  6.37575000e-05 8   4.93446404e-01
  6.37575000e-05 9   4.84194283e-01
  6.37575000e-05 10   4.74942161e-01
  6.37575000e-05 11   4.65690040e-01
  6.37575000e-05 12   4.56437919e-01
  6.37575000e-05 13   4.47185797e-01
  6.37575000e-05 14   4.37933676e-01
  6.37575000e-05 15   4.28681555e-01
  6.37575000e-05 16   4.19429434e-01
  6.37575000e-05 17   4.10177313e-01
  6.37575000e-05 18   4.00925192e-01
  6.37575000e-05 19   3.91673071e-01
  6.37575000e-05 20   3.82420950e-01
  6.37575000e-05 21   3.73168829e-01
  6.37575000e-05 22   3.63916708e-01
  6.37575000e-05 23   3.54664587e-01
  6.37575000e-05 24   3.45412466e-01
  6.37575000e-05 25   3.36160346e-01
  6.37575000e-05 26   3.26908225e-01
  6.37575000e-05 27   3.17656105e-01
  6.37575000e-05 28   3.08403984e-01
  6.37575000e-05 29   2.99151864e-01
  6.37575000e-05 30   2.89899743e-01
  6.37575000e-05 31   2.80647623e-01
  6.37575000e-05 32   2.71395503e-01
  6.37575000e-05 33   2.62143383e-01
  6.37575000e-05 34   2.52891263e-01
  6.37575000e-05 35   2.43639143e-01
  6.37575000e-05 36   2.34387023e-01
  6.37575000e-05 37   2.25134903e-01
  6.37575000e-05 38   2.15882783e-01
  6.37575000e-05 39   2.06630663e-01
  6.37575000e-05 40   1.97378544e-01
  6.37575000e-05 41   1.88126424e-01
  6.37575000e-05 42   1.78874304e-01
  6.37575000e-05 43   1.69622185e-01
  6.37575000e-05 44   1.60370065e-01
  6.37575000e-05 45   1.51117946e-01
  6.37575000e-05 46   1.41865827e-01
  6.37575000e-05 47   1.32613707e-01
  6.37575000e-05 48   1.23361588e-01
  6.37575000e-05 49   1.14109469e-01
  6.37575000e-05 50   1.04857349e-01
  6.37575000e-05 51   9.56052302e-02
  6.37575000e-05 52   8.63531111e-02
  6.37575000e-05 53   7.71009919e-02
  6.37575000e-05 54   6.78488728e-02
  6.37575000e-05 55   5.85967538e-02
  6.37575000e-05 56   4.93446347e-02
  6.37575000e-05 57   4.00925157e-02
  6.37575000e-05 58   3.08403967e-02
  6.37575000e-05 59   3.08403967e-02

  6.75075000e-05 0   1.00000000e+00
  6.75075000e-05 1   5.58211256e-01
  6.75075000e-05 2   5.48959135e-01
  6.75075000e-05 3   5.39707015e-01
  6.75075000e-05 4   5.30454894e-01
  6.75075000e-05 5   5.21202773e-01
  6.75075000e-05 6   5.11950652e-01
  6.75075000e-05 7   5.02698532e-01
  6.75075000e-05 8   4.93446411e-01
  6.75075000e-05 9   4.84194290e-01
  6.75075000e-05 10   4.74942169e-01
  6.75075000e-05 11   4.65690049e-01
  6.75075000e-05 12   4.56437928e-01
  6.75075000e-05 13   4.47185807e-01
  6.75075000e-05 14   4.37933687e-01
  6.75075000e-05 15   4.28681566e-01
  6.75075000e-05 16   4.19429445e-01
  6.75075000e-05 17   4.10177325e-01
  6.75075000e-05 18   4.00925204e-01
  6.75075000e-05 19   3.91673084e-01
  6.75075000e-05 20   3.82420963e-01
  6.75075000e-05 21   3.73168843e-01
  6.75075000e-05 22   3.63916722e-01
  6.75075000e-05 23   3.54664602e-01
  6.75075000e-05 24   3.45412481e-01
  6.75075000e-05 25   3.36160361e-01
  6.75075000e-05 26   3.26908240e-01
  6.75075000e-05 27   3.17656120e-01
  6.75075000e-05 28   3.08404000e-01
  6.75075000e-05 29   2.99151879e-01
  6.75075000e-05 30   2.89899759e-01
  6.75075000e-05 31   2.80647639e-01
  6.75075000e-05 32   2.71395519e-01
  6.75075000e-05 33   2.62143398e-01
  6.75075000e-05 34   2.52891278e-01
  6.75075000e-05 35   2.43639158e-01
  6.75075000e-05 36   2.34387038e-01
  6.75075000e-05 37   2.25134918e-01
  6.75075000e-05 38   2.15882798e-01
  6.75075000e-05 39   2.06630678e-01
  6.75075000e-05 40   1.97378557e-01
  6.75075000e-05 41   1.88126437e-01
  6.75075000e-05 42   1.78874317e-01
  6.75075000e-05 43   1.69622197e-01
  6.75075000e-05 44   1.60370077e-01
  6.75075000e-05 45   1.51117957e-01
  6.75075000e-05 46   1.41865838e-01
  6.75075000e-05 47   1.32613718e-01
  6.75075000e-05 48   1.23361598e-01
  6.75075000e-05 49   1.14109478e-01
  6.75075000e-05 50   1.04857358e-01
  6.75075000e-05 51   9.56052381e-02
  6.75075000e-05 52   8.63531182e-02
  6.75075000e-05 53   7.71009984e-02
  6.75075000e-05 54   6.78488785e-02
  6.75075000e-05 55   5.85967587e-02
  6.75075000e-05 56   4.93446389e-02
  6.75075000e-05 57   4.00925191e-02
  6.75075000e-05 58   3.08403993e-02
  6.75075000e-05 59   3.08403993e-02

  7.12575000e-05 0   1.00000000e+00
  7.12575000e-05 1   5.58211256e-01
  7.12575000e-05 2   5.48959136e-01
  7.12575000e-05 3   5.39707016e-01
  7.12575000e-05 4   5.30454895e-01
  7.12575000e-05 5   5.21202775e-01
  7.12575000e-05 6   5.11950654e-01
  7.12575000e-05 7   5.02698534e-01
  7.12575000e-05 8   4.93446413e-01
  7.12575000e-05 9   4.84194293e-01
  7.12575000e-05 10   4.74942172e-01
  7.12575000e-05 11   4.65690052e-01
  7.12575000e-05 12   4.56437932e-01
  7.12575000e-05 13   4.47185811e-01
  7.12575000e-05 14   4.37933691e-01
  7.12575000e-05 15   4.28681570e-01
  7.12575000e-05 16   4.19429450e-01
  7.12575000e-05 17   4.10177329e-01
  7.12575000e-05 18   4.00925209e-01
  7.12575000e-05 19   3.91673089e-01
  7.12575000e-05 20   3.82420968e-01
  7.12575000e-05 21   3.73168848e-01
  7.12575000e-05 22   3.63916728e-01
  7.12575000e-05 23   3.54664607e-01
  7.12575000e-05 24   3.45412487e-01
  7.12575000e-05 25   3.36160367e-01
  7.12575000e-05 26   3.26908246e-01
  7.12575000e-05 27   3.17656126e-01
  7.12575000e-05 28   3.08404006e-01
  7.12575000e-05 29   2.99151885e-01
  7.12575000e-05 30   2.89899765e-01
  7.12575000e-05 31   2.80647645e-01
  7.12575000e-05 32   2.71395525e-01
  7.12575000e-05 33   2.62143404e-01
  7.12575000e-05 34   2.52891284e-01
  7.12575000e-05 35   2.43639164e-01
  7.12575000e-05 36   2.34387044e-01
  7.12575000e-05 37   2.25134923e-01
  7.12575000e-05 38   2.15882803e-01
  7.12575000e-05 39   2.06630683e-01
  7.12575000e-05 40   1.97378563e-01
  7.12575000e-05 41   1.88126443e-01
  7.12575000e-05 42   1.78874322e-01
  7.12575000e-05 43   1.69622202e-01
  7.12575000e-05 44   1.60370082e-01
  7.12575000e-05 45   1.51117962e-01
  7.12575000e-05 46   1.41865842e-01
  7.12575000e-05 47   1.32613722e-01
  7.12575000e-05 48   1.23361601e-01
  7.12575000e-05 49   1.14109481e-01
  7.12575000e-05 50   1.04857361e-01
  7.12575000e-05 51   9.56052410e-02
  7.12575000e-05 52   8.63531209e-02
  7.12575000e-05 53   7.71010008e-02
  7.12575000e-05 54   6.78488807e-02
  7.12575000e-05 55   5.85967606e-02
  7.12575000e-05 56   4.93446405e-02
  7.12575000e-05 57   4.00925204e-02
  7.12575000e-05 58   3.08404003e-02
  7.12575000e-05 59   3.08404003e-02

