  3.46500000e+00    0.00000000e+00    0.00000000e+00
  3.46500000e+00    5.00000000e-02   -4.65983678e+08
  3.46500000e+00    1.00000000e-01    1.54888790e+09
  3.46500000e+00    1.50000000e-01    1.42262532e+09
  3.46500000e+00    2.00000000e-01   -2.71282866e+09
  3.46500000e+00    2.50000000e-01   -2.40510258e+09
  3.46500000e+00    3.00000000e-01    3.20751375e+09
  3.46500000e+00    3.50000000e-01    3.30282510e+09
  3.46500000e+00    4.00000000e-01   -2.93446372e+09
  3.46500000e+00    4.50000000e-01   -3.90987747e+09
  3.46500000e+00    5.00000000e-01    2.02308347e+09
  3.46500000e+00    5.50000000e-01    4.02132891e+09
  3.46500000e+00    6.00000000e-01   -7.97788037e+08
  3.46500000e+00    6.50000000e-01   -3.55672638e+09
  3.46500000e+00    7.00000000e-01   -3.37673428e+08
  3.46500000e+00    7.50000000e-01    2.63259577e+09
  3.46500000e+00    8.00000000e-01    1.05918394e+09
  3.46500000e+00    8.50000000e-01   -1.52999230e+09
  3.46500000e+00    9.00000000e-01   -1.24714095e+09
  3.46500000e+00    9.50000000e-01    5.68146867e+08
  3.46500000e+00    1.00000000e+00    1.00821764e+09
  3.46500000e+00    1.05000000e+00    4.12489777e+07
  3.46500000e+00    1.10000000e+00   -5.84250396e+08
  3.46500000e+00    1.15000000e+00   -2.70012901e+08
  3.46500000e+00    1.20000000e+00    2.08973672e+08
  3.46500000e+00    1.25000000e+00    2.39387751e+08
  3.46500000e+00    1.30000000e+00   -7.00105904e+05
  3.46500000e+00    1.35000000e+00   -1.13758049e+08
  3.46500000e+00    1.40000000e+00   -5.61039540e+07
  3.46500000e+00    1.45000000e+00    6.90857404e+06
  3.46500000e+00    1.50000000e+00    5.17185627e+07
  3.46500000e+00    1.55000000e+00    3.83896753e+07
  3.46500000e+00    1.60000000e+00   -6.75813499e+07
  3.46500000e+00    1.65000000e+00   -1.01226830e+07
  3.46500000e+00    1.70000000e+00    1.18238740e+08
  3.46500000e+00    1.75000000e+00   -1.08811349e+08
  3.46500000e+00    1.80000000e+00   -1.40100455e+08
  3.46500000e+00    1.85000000e+00    3.26375483e+08
  3.46500000e+00    1.90000000e+00    2.30401560e+07
  3.46500000e+00    1.95000000e+00   -5.96745376e+08
  3.46500000e+00    2.00000000e+00    3.32113600e+08
  3.46500000e+00    2.05000000e+00    8.02440655e+08
  3.46500000e+00    2.10000000e+00   -9.56267046e+08
  3.46500000e+00    2.15000000e+00   -7.94324321e+08
  3.46500000e+00    2.20000000e+00    1.78596371e+09
  3.46500000e+00    2.25000000e+00    4.66586418e+08
  3.46500000e+00    2.30000000e+00   -2.68693122e+09
  3.46500000e+00    2.35000000e+00    1.82876516e+08
  3.46500000e+00    2.40000000e+00    3.51462456e+09
  3.46500000e+00    2.45000000e+00   -1.04051554e+09
  3.46500000e+00    2.50000000e+00   -4.17348915e+09
  3.46500000e+00    2.55000000e+00    1.91336875e+09
  3.46500000e+00    2.60000000e+00    4.63947267e+09
  3.46500000e+00    2.65000000e+00   -2.58940299e+09
  3.46500000e+00    2.70000000e+00   -4.93725101e+09
  3.46500000e+00    2.75000000e+00    2.89570743e+09
  3.46500000e+00    2.80000000e+00    5.09203090e+09
  3.46500000e+00    2.85000000e+00   -2.74092754e+09
  3.46500000e+00    2.90000000e+00   -5.08877556e+09
  3.46500000e+00    2.95000000e+00    2.14010011e+09
  3.46500000e+00    3.00000000e+00    4.86620399e+09
  3.46500000e+00    3.05000000e+00   -1.22065380e+09
  3.46500000e+00    3.10000000e+00   -4.35362772e+09
  3.46500000e+00    3.15000000e+00    2.01513067e+08
  3.46500000e+00    3.20000000e+00    3.53326000e+09
  3.46500000e+00    3.25000000e+00    6.63452912e+08
  3.46500000e+00    3.30000000e+00   -2.49006162e+09
  3.46500000e+00    3.35000000e+00   -1.17069737e+09
  3.46500000e+00    3.40000000e+00    1.40961671e+09
  3.46500000e+00    3.45000000e+00    1.24765381e+09
  3.46500000e+00    3.50000000e+00   -5.11102437e+08
  3.46500000e+00    3.55000000e+00   -9.81233161e+08
  3.46500000e+00    3.60000000e+00   -5.26596246e+07
  3.46500000e+00    3.65000000e+00    5.67081913e+08
  3.46500000e+00    3.70000000e+00    2.64769461e+08
  3.46500000e+00    3.75000000e+00   -2.03547281e+08
  3.46500000e+00    3.80000000e+00   -2.34561189e+08
  3.46500000e+00    3.85000000e+00   -2.67835346e+06
  3.46500000e+00    3.90000000e+00    1.17172309e+08
  3.46500000e+00    3.95000000e+00    5.96716974e+07
  3.46500000e+00    4.00000000e+00   -2.44483967e+07
  3.46500000e+00    4.05000000e+00   -4.00241985e+07
  3.46500000e+00    4.10000000e+00   -1.11175391e+07
  3.46500000e+00    4.15000000e+00    1.06422063e+07
  3.46500000e+00    4.20000000e+00    1.06274732e+07
  3.46500000e+00    4.25000000e+00    2.10463755e+06
  3.46500000e+00    4.30000000e+00   -2.72192400e+06
  3.46500000e+00    4.35000000e+00   -2.43990890e+06
  3.46500000e+00    4.40000000e+00   -5.95993866e+05
  3.46500000e+00    4.45000000e+00    4.27525360e+05
  3.46500000e+00    4.50000000e+00    4.71337603e+05
  3.46500000e+00    4.55000000e+00    1.85652057e+05
  3.46500000e+00    4.60000000e+00   -1.08180883e+04
  3.46500000e+00    4.65000000e+00   -5.94247758e+04
  3.46500000e+00    4.70000000e+00   -3.92783452e+04
  3.46500000e+00    4.75000000e+00   -1.32419817e+04
  3.46500000e+00    4.80000000e+00   -2.07475806e+02
  3.46500000e+00    4.85000000e+00    2.89917167e+03
  3.46500000e+00    4.90000000e+00    2.24957942e+03
  3.46500000e+00    4.95000000e+00    1.13682970e+03
  3.46500000e+00    5.00000000e+00    4.51265588e+02
  3.46500000e+00    5.05000000e+00    1.49505087e+02
  3.46500000e+00    5.10000000e+00    4.24979546e+01
  3.46500000e+00    5.15000000e+00    1.05161504e+01
  3.46500000e+00    5.20000000e+00    2.28309388e+00
  3.46500000e+00    5.25000000e+00    4.36554301e-01
  3.46500000e+00    5.30000000e+00    7.35981785e-02
  3.46500000e+00    5.35000000e+00    1.09275033e-02
  3.46500000e+00    5.40000000e+00    1.42444948e-03
  3.46500000e+00    5.45000000e+00    1.62187031e-04
  3.46500000e+00    5.50000000e+00    1.60108962e-05
  3.46500000e+00    5.55000000e+00    1.35653929e-06
  3.46500000e+00    5.60000000e+00    9.72915337e-08
  3.46500000e+00    5.65000000e+00    5.79602354e-09
  3.46500000e+00    5.70000000e+00    2.79265747e-10
  3.46500000e+00    5.75000000e+00    1.04614462e-11
  3.46500000e+00    5.80000000e+00    2.85987213e-13
  3.46500000e+00    5.85000000e+00    5.07694319e-15
  3.46500000e+00    5.90000000e+00    4.39389261e-17
  3.46500000e+00    5.95000000e+00    0.00000000e+00
  3.46500000e+00    6.00000000e+00    0.00000000e+00
  3.46500000e+00    6.05000000e+00    0.00000000e+00
  3.46500000e+00    6.10000000e+00    0.00000000e+00
  3.46500000e+00    6.15000000e+00    0.00000000e+00
  3.46500000e+00    6.20000000e+00    0.00000000e+00
  3.46500000e+00    6.25000000e+00    0.00000000e+00
  3.46500000e+00    6.30000000e+00    0.00000000e+00
  3.46500000e+00    6.35000000e+00    0.00000000e+00
  3.46500000e+00    6.40000000e+00    0.00000000e+00
  3.46500000e+00    6.45000000e+00    0.00000000e+00
  3.46500000e+00    6.50000000e+00    0.00000000e+00
  3.46500000e+00    6.55000000e+00    0.00000000e+00
  3.46500000e+00    6.60000000e+00    0.00000000e+00
  3.46500000e+00    6.65000000e+00    0.00000000e+00
  3.46500000e+00    6.70000000e+00    0.00000000e+00
  3.46500000e+00    6.75000000e+00    0.00000000e+00
  3.46500000e+00    6.80000000e+00    0.00000000e+00
  3.46500000e+00    6.85000000e+00    0.00000000e+00
  3.46500000e+00    6.90000000e+00    0.00000000e+00
  3.46500000e+00    6.95000000e+00    0.00000000e+00
  3.46500000e+00    7.00000000e+00    0.00000000e+00
  3.46500000e+00    7.05000000e+00    0.00000000e+00
  3.46500000e+00    7.10000000e+00    0.00000000e+00
  3.46500000e+00    7.15000000e+00    0.00000000e+00
  3.46500000e+00    7.20000000e+00    0.00000000e+00
  3.46500000e+00    7.25000000e+00    0.00000000e+00
  3.46500000e+00    7.30000000e+00    0.00000000e+00
  3.46500000e+00    7.35000000e+00    0.00000000e+00
  3.46500000e+00    7.40000000e+00    0.00000000e+00
  3.46500000e+00    7.45000000e+00    0.00000000e+00
  3.46500000e+00    7.50000000e+00    0.00000000e+00
  3.46500000e+00    7.55000000e+00    0.00000000e+00
  3.46500000e+00    7.60000000e+00    0.00000000e+00
  3.46500000e+00    7.65000000e+00    0.00000000e+00
  3.46500000e+00    7.70000000e+00    0.00000000e+00
  3.46500000e+00    7.75000000e+00    0.00000000e+00
  3.46500000e+00    7.80000000e+00    0.00000000e+00
  3.46500000e+00    7.85000000e+00    0.00000000e+00
  3.46500000e+00    7.90000000e+00    0.00000000e+00
  3.46500000e+00    7.95000000e+00    0.00000000e+00
  3.46500000e+00    8.00000000e+00    0.00000000e+00
  3.46500000e+00    8.05000000e+00    0.00000000e+00
  3.46500000e+00    8.10000000e+00    0.00000000e+00
  3.46500000e+00    8.15000000e+00    0.00000000e+00
  3.46500000e+00    8.20000000e+00    0.00000000e+00
  3.46500000e+00    8.25000000e+00    0.00000000e+00
  3.46500000e+00    8.30000000e+00    0.00000000e+00
  3.46500000e+00    8.35000000e+00    0.00000000e+00
  3.46500000e+00    8.40000000e+00    0.00000000e+00
  3.46500000e+00    8.45000000e+00    0.00000000e+00
  3.46500000e+00    8.50000000e+00    0.00000000e+00
  3.46500000e+00    8.55000000e+00    0.00000000e+00
  3.46500000e+00    8.60000000e+00    0.00000000e+00
  3.46500000e+00    8.65000000e+00    0.00000000e+00
  3.46500000e+00    8.70000000e+00    0.00000000e+00
  3.46500000e+00    8.75000000e+00    0.00000000e+00
  3.46500000e+00    8.80000000e+00    0.00000000e+00
  3.46500000e+00    8.85000000e+00    0.00000000e+00
  3.46500000e+00    8.90000000e+00    0.00000000e+00
  3.46500000e+00    8.95000000e+00    0.00000000e+00
  3.46500000e+00    9.00000000e+00    0.00000000e+00
  3.46500000e+00    9.05000000e+00    0.00000000e+00
  3.46500000e+00    9.10000000e+00    0.00000000e+00
  3.46500000e+00    9.15000000e+00    0.00000000e+00
  3.46500000e+00    9.20000000e+00    0.00000000e+00
  3.46500000e+00    9.25000000e+00    0.00000000e+00
  3.46500000e+00    9.30000000e+00    0.00000000e+00
  3.46500000e+00    9.35000000e+00    0.00000000e+00
  3.46500000e+00    9.40000000e+00    0.00000000e+00
  3.46500000e+00    9.45000000e+00    0.00000000e+00
  3.46500000e+00    9.50000000e+00    0.00000000e+00
  3.46500000e+00    9.55000000e+00    0.00000000e+00
  3.46500000e+00    9.60000000e+00    0.00000000e+00
  3.46500000e+00    9.65000000e+00    0.00000000e+00
  3.46500000e+00    9.70000000e+00    0.00000000e+00
  3.46500000e+00    9.75000000e+00    0.00000000e+00
  3.46500000e+00    9.80000000e+00    0.00000000e+00
  3.46500000e+00    9.85000000e+00    0.00000000e+00
  3.46500000e+00    9.90000000e+00    0.00000000e+00
  3.46500000e+00    9.95000000e+00    0.00000000e+00
  3.46500000e+00    1.00000000e+01    0.00000000e+00
