  5.44500000e+00    0.00000000e+00    0.00000000e+00
  5.44500000e+00    5.00000000e-02   -7.71397127e+13
  5.44500000e+00    1.00000000e-01    1.00728239e+13
  5.44500000e+00    1.50000000e-01    2.23507971e+14
  5.44500000e+00    2.00000000e-01   -5.42467666e+12
  5.44500000e+00    2.50000000e-01   -3.46445722e+14
  5.44500000e+00    3.00000000e-01   -2.37492799e+13
  5.44500000e+00    3.50000000e-01    4.31768668e+14
  5.44500000e+00    4.00000000e-01    7.87855717e+13
  5.44500000e+00    4.50000000e-01   -4.68634419e+14
  5.44500000e+00    5.00000000e-01   -1.51485930e+14
  5.44500000e+00    5.50000000e-01    4.52313077e+14
  5.44500000e+00    6.00000000e-01    2.26096845e+14
  5.44500000e+00    6.50000000e-01   -3.86686215e+14
  5.44500000e+00    7.00000000e-01   -2.83995162e+14
  5.44500000e+00    7.50000000e-01    2.85022678e+14
  5.44500000e+00    8.00000000e-01    3.09700928e+14
  5.44500000e+00    8.50000000e-01   -1.67909290e+14
  5.44500000e+00    9.00000000e-01   -2.96110394e+14
  5.44500000e+00    9.50000000e-01    5.82989284e+13
  5.44500000e+00    1.00000000e+00    2.46913629e+14
  5.44500000e+00    1.05000000e+00    2.49284352e+13
  5.44500000e+00    1.10000000e+00   -1.75202696e+14
  5.44500000e+00    1.15000000e+00   -7.24315388e+13
  5.44500000e+00    1.20000000e+00    9.88982967e+13
  5.44500000e+00    1.25000000e+00    8.64493582e+13
  5.44500000e+00    1.30000000e+00   -3.50034476e+13
  5.44500000e+00    1.35000000e+00   -7.82956528e+13
  5.44500000e+00    1.40000000e+00   -4.93941560e+12
  5.44500000e+00    1.45000000e+00    6.23158027e+13
  5.44500000e+00    1.50000000e+00    1.66577875e+13
  5.44500000e+00    1.55000000e+00   -4.91173307e+13
  5.44500000e+00    1.60000000e+00   -2.21965152e+12
  5.44500000e+00    1.65000000e+00    4.12535639e+13
  5.44500000e+00    1.70000000e+00   -3.23731037e+13
  5.44500000e+00    1.75000000e+00   -3.31737011e+13
  5.44500000e+00    1.80000000e+00    7.95120407e+13
  5.44500000e+00    1.85000000e+00    1.49551084e+13
  5.44500000e+00    1.90000000e+00   -1.31369802e+14
  5.44500000e+00    1.95000000e+00    2.24897615e+13
  5.44500000e+00    2.00000000e+00    1.80520524e+14
  5.44500000e+00    2.05000000e+00   -8.33614201e+13
  5.44500000e+00    2.10000000e+00   -2.20527033e+14
  5.44500000e+00    2.15000000e+00    1.65567874e+14
  5.44500000e+00    2.20000000e+00    2.46974488e+14
  5.44500000e+00    2.25000000e+00   -2.61818411e+14
  5.44500000e+00    2.30000000e+00   -2.58704475e+14
  5.44500000e+00    2.35000000e+00    3.61992100e+14
  5.44500000e+00    2.40000000e+00    2.58487936e+14
  5.44500000e+00    2.45000000e+00   -4.55461619e+14
  5.44500000e+00    2.50000000e+00   -2.52487892e+14
  5.44500000e+00    2.55000000e+00    5.32630492e+14
  5.44500000e+00    2.60000000e+00    2.48459847e+14
  5.44500000e+00    2.65000000e+00   -5.85621622e+14
  5.44500000e+00    2.70000000e+00   -2.53243063e+14
  5.44500000e+00    2.75000000e+00    6.08480747e+14
  5.44500000e+00    2.80000000e+00    2.70361349e+14
  5.44500000e+00    2.85000000e+00   -5.97375464e+14
  5.44500000e+00    2.90000000e+00   -2.98473378e+14
  5.44500000e+00    2.95000000e+00    5.51142039e+14
  5.44500000e+00    3.00000000e+00    3.31173443e+14
  5.44500000e+00    3.05000000e+00   -4.72211523e+14
  5.44500000e+00    3.10000000e+00   -3.58354465e+14
  5.44500000e+00    3.15000000e+00    3.67524158e+14
  5.44500000e+00    3.20000000e+00    3.68975860e+14
  5.44500000e+00    3.25000000e+00   -2.48714236e+14
  5.44500000e+00    3.30000000e+00   -3.54599260e+14
  5.44500000e+00    3.35000000e+00    1.30865103e+14
  5.44500000e+00    3.40000000e+00    3.12586213e+14
  5.44500000e+00    3.45000000e+00   -2.96288234e+13
  5.44500000e+00    3.50000000e+00   -2.47671419e+14
  5.44500000e+00    3.55000000e+00   -4.26553188e+13
  5.44500000e+00    3.60000000e+00    1.71003040e+14
  5.44500000e+00    3.65000000e+00    8.04387943e+13
  5.44500000e+00    3.70000000e+00   -9.67047993e+13
  5.44500000e+00    3.75000000e+00   -8.64493582e+13
  5.44500000e+00    3.80000000e+00    3.71969451e+13
  5.44500000e+00    3.85000000e+00    7.02883974e+13
  5.44500000e+00    3.90000000e+00    7.39760125e+11
  5.44500000e+00    3.95000000e+00   -4.45889191e+13
  5.44500000e+00    4.00000000e+00   -1.74155780e+13
  5.44500000e+00    4.05000000e+00    2.04472254e+13
  5.44500000e+00    4.10000000e+00    1.86954711e+13
  5.44500000e+00    4.15000000e+00   -4.20937746e+12
  5.44500000e+00    4.20000000e+00   -1.25252272e+13
  5.44500000e+00    4.25000000e+00   -3.13473790e+12
  5.44500000e+00    4.30000000e+00    5.46864616e+12
  5.44500000e+00    4.35000000e+00    4.20696977e+12
  5.44500000e+00    4.40000000e+00   -8.87833764e+11
  5.44500000e+00    4.45000000e+00   -2.59135245e+12
  5.44500000e+00    4.50000000e+00   -8.32866373e+11
  5.44500000e+00    4.55000000e+00    8.53588948e+11
  5.44500000e+00    4.60000000e+00    8.39222888e+11
  5.44500000e+00    4.65000000e+00    3.96014042e+10
  5.44500000e+00    4.70000000e+00   -3.63799732e+11
  5.44500000e+00    4.75000000e+00   -2.15929924e+11
  5.44500000e+00    4.80000000e+00    3.94873411e+10
  5.44500000e+00    4.85000000e+00    1.14581551e+11
  5.44500000e+00    4.90000000e+00    4.92855750e+10
  5.44500000e+00    4.95000000e+00   -1.79151022e+10
  5.44500000e+00    5.00000000e+00   -3.02102031e+10
  5.44500000e+00    5.05000000e+00   -1.12442871e+10
  5.44500000e+00    5.10000000e+00    4.55048381e+09
  5.44500000e+00    5.15000000e+00    6.96923237e+09
  5.44500000e+00    5.20000000e+00    2.75126772e+09
  5.44500000e+00    5.25000000e+00   -6.84346676e+08
  5.44500000e+00    5.30000000e+00   -1.38143098e+09
  5.44500000e+00    5.35000000e+00   -6.78801506e+08
  5.44500000e+00    5.40000000e+00   -4.45800052e+06
  5.44500000e+00    5.45000000e+00    2.10567894e+08
  5.44500000e+00    5.50000000e+00    1.44915429e+08
  5.44500000e+00    5.55000000e+00    3.73695932e+07
  5.44500000e+00    5.60000000e+00   -1.57959442e+07
  5.44500000e+00    5.65000000e+00   -2.16632714e+07
  5.44500000e+00    5.70000000e+00   -1.11870260e+07
  5.44500000e+00    5.75000000e+00   -2.36084765e+06
  5.44500000e+00    5.80000000e+00    1.14399657e+06
  5.44500000e+00    5.85000000e+00    1.43385473e+06
  5.44500000e+00    5.90000000e+00    7.96838431e+05
  5.44500000e+00    5.95000000e+00    2.67927967e+05
  5.44500000e+00    6.00000000e+00    2.48544728e+04
  5.44500000e+00    6.05000000e+00   -3.92908557e+04
  5.44500000e+00    6.10000000e+00   -3.59062580e+04
  5.44500000e+00    6.15000000e+00   -2.03147360e+04
  5.44500000e+00    6.20000000e+00   -9.13334922e+03
  5.44500000e+00    6.25000000e+00   -3.50652100e+03
  5.44500000e+00    6.30000000e+00   -1.18693166e+03
  5.44500000e+00    6.35000000e+00   -3.60397684e+02
  5.44500000e+00    6.40000000e+00   -9.91896854e+01
  5.44500000e+00    6.45000000e+00   -2.49097559e+01
  5.44500000e+00    6.50000000e+00   -5.73302323e+00
  5.44500000e+00    6.55000000e+00   -1.21265117e+00
  5.44500000e+00    6.60000000e+00   -2.36141921e-01
  5.44500000e+00    6.65000000e+00   -4.23713977e-02
  5.44500000e+00    6.70000000e+00   -7.00662703e-03
  5.44500000e+00    6.75000000e+00   -1.06731093e-03
  5.44500000e+00    6.80000000e+00   -1.49617784e-04
  5.44500000e+00    6.85000000e+00   -1.92713333e-05
  5.44500000e+00    6.90000000e+00   -2.27592727e-06
  5.44500000e+00    6.95000000e+00   -2.45778431e-07
  5.44500000e+00    7.00000000e+00   -2.41879216e-08
  5.44500000e+00    7.05000000e+00   -2.16032896e-09
  5.44500000e+00    7.10000000e+00   -1.74224600e-10
  5.44500000e+00    7.15000000e+00   -1.26091597e-11
  5.44500000e+00    7.20000000e+00   -8.12759067e-13
  5.44500000e+00    7.25000000e+00   -4.62234442e-14
  5.44500000e+00    7.30000000e+00   -2.29224402e-15
  5.44500000e+00    7.35000000e+00   -9.76262622e-17
  5.44500000e+00    7.40000000e+00   -3.49990366e-18
  5.44500000e+00    7.45000000e+00   -1.02733081e-19
  5.44500000e+00    7.50000000e+00   -2.37138621e-21
  5.44500000e+00    7.55000000e+00   -4.03731359e-23
  5.44500000e+00    7.60000000e+00   -4.50823201e-25
  5.44500000e+00    7.65000000e+00   -2.47726521e-27
  5.44500000e+00    7.70000000e+00   -4.84113404e-42
  5.44500000e+00    7.75000000e+00    0.00000000e+00
  5.44500000e+00    7.80000000e+00    0.00000000e+00
  5.44500000e+00    7.85000000e+00    0.00000000e+00
  5.44500000e+00    7.90000000e+00    0.00000000e+00
  5.44500000e+00    7.95000000e+00    0.00000000e+00
  5.44500000e+00    8.00000000e+00    0.00000000e+00
  5.44500000e+00    8.05000000e+00    0.00000000e+00
  5.44500000e+00    8.10000000e+00    0.00000000e+00
  5.44500000e+00    8.15000000e+00    0.00000000e+00
  5.44500000e+00    8.20000000e+00    0.00000000e+00
  5.44500000e+00    8.25000000e+00    0.00000000e+00
  5.44500000e+00    8.30000000e+00    0.00000000e+00
  5.44500000e+00    8.35000000e+00    0.00000000e+00
  5.44500000e+00    8.40000000e+00    0.00000000e+00
  5.44500000e+00    8.45000000e+00    0.00000000e+00
  5.44500000e+00    8.50000000e+00    0.00000000e+00
  5.44500000e+00    8.55000000e+00    0.00000000e+00
  5.44500000e+00    8.60000000e+00    0.00000000e+00
  5.44500000e+00    8.65000000e+00    0.00000000e+00
  5.44500000e+00    8.70000000e+00    0.00000000e+00
  5.44500000e+00    8.75000000e+00    0.00000000e+00
  5.44500000e+00    8.80000000e+00    0.00000000e+00
  5.44500000e+00    8.85000000e+00    0.00000000e+00
  5.44500000e+00    8.90000000e+00    0.00000000e+00
  5.44500000e+00    8.95000000e+00    0.00000000e+00
  5.44500000e+00    9.00000000e+00    0.00000000e+00
  5.44500000e+00    9.05000000e+00    0.00000000e+00
  5.44500000e+00    9.10000000e+00    0.00000000e+00
  5.44500000e+00    9.15000000e+00    0.00000000e+00
  5.44500000e+00    9.20000000e+00    0.00000000e+00
  5.44500000e+00    9.25000000e+00    0.00000000e+00
  5.44500000e+00    9.30000000e+00    0.00000000e+00
  5.44500000e+00    9.35000000e+00    0.00000000e+00
  5.44500000e+00    9.40000000e+00    0.00000000e+00
  5.44500000e+00    9.45000000e+00    0.00000000e+00
  5.44500000e+00    9.50000000e+00    0.00000000e+00
  5.44500000e+00    9.55000000e+00    0.00000000e+00
  5.44500000e+00    9.60000000e+00    0.00000000e+00
  5.44500000e+00    9.65000000e+00    0.00000000e+00
  5.44500000e+00    9.70000000e+00    0.00000000e+00
  5.44500000e+00    9.75000000e+00    0.00000000e+00
  5.44500000e+00    9.80000000e+00    0.00000000e+00
  5.44500000e+00    9.85000000e+00    0.00000000e+00
  5.44500000e+00    9.90000000e+00    0.00000000e+00
  5.44500000e+00    9.95000000e+00    0.00000000e+00
  5.44500000e+00    1.00000000e+01    0.00000000e+00
