  9.00000000e+00    0.00000000e+00    0.00000000e+00
  9.00000000e+00    5.00000000e-02    6.32915282e+01
  9.00000000e+00    1.00000000e-01   -2.17450936e+01
  9.00000000e+00    1.50000000e-01   -1.60939819e+02
  9.00000000e+00    2.00000000e-01    2.94616644e+01
  9.00000000e+00    2.50000000e-01    1.82461234e+02
  9.00000000e+00    3.00000000e-01   -1.89083466e+01
  9.00000000e+00    3.50000000e-01   -1.09032298e+02
  9.00000000e+00    4.00000000e-01   -1.52455838e+00
  9.00000000e+00    4.50000000e-01   -4.22736550e+01
  9.00000000e+00    5.00000000e-01    1.72732295e+01
  9.00000000e+00    5.50000000e-01    2.24845376e+02
  9.00000000e+00    6.00000000e-01   -1.92028025e+01
  9.00000000e+00    6.50000000e-01   -3.81521371e+02
  9.00000000e+00    7.00000000e-01    1.18492562e+01
  9.00000000e+00    7.50000000e-01    4.68822425e+02
  9.00000000e+00    8.00000000e-01   -1.10190731e+01
  9.00000000e+00    8.50000000e-01   -4.74787089e+02
  9.00000000e+00    9.00000000e-01    3.05445241e+01
  9.00000000e+00    9.50000000e-01    4.20109506e+02
  9.00000000e+00    1.00000000e+00   -6.69290253e+01
  9.00000000e+00    1.05000000e+00   -3.40700744e+02
  9.00000000e+00    1.10000000e+00    9.47172881e+01
  9.00000000e+00    1.15000000e+00    2.61791885e+02
  9.00000000e+00    1.20000000e+00   -7.98050309e+01
  9.00000000e+00    1.25000000e+00   -1.81227986e+02
  9.00000000e+00    1.30000000e+00    4.42538961e+00
  9.00000000e+00    1.35000000e+00    7.51880412e+01
  9.00000000e+00    1.40000000e+00    1.14231482e+02
  9.00000000e+00    1.45000000e+00    7.65224811e+01
  9.00000000e+00    1.50000000e+00   -2.28659412e+02
  9.00000000e+00    1.55000000e+00   -2.65247484e+02
  9.00000000e+00    1.60000000e+00    2.89137903e+02
  9.00000000e+00    1.65000000e+00    4.50359767e+02
  9.00000000e+00    1.70000000e+00   -2.75047946e+02
  9.00000000e+00    1.75000000e+00   -5.82783011e+02
  9.00000000e+00    1.80000000e+00    2.04010727e+02
  9.00000000e+00    1.85000000e+00    6.35380638e+02
  9.00000000e+00    1.90000000e+00   -1.12045050e+02
  9.00000000e+00    1.95000000e+00   -6.12842186e+02
  9.00000000e+00    2.00000000e+00    2.54263574e+01
  9.00000000e+00    2.05000000e+00    5.33814036e+02
  9.00000000e+00    2.10000000e+00    4.69241604e+01
  9.00000000e+00    2.15000000e+00   -4.07993288e+02
  9.00000000e+00    2.20000000e+00   -9.52202936e+01
  9.00000000e+00    2.25000000e+00    2.37334512e+02
  9.00000000e+00    2.30000000e+00    9.17422146e+01
  9.00000000e+00    2.35000000e+00   -4.15595993e+01
  9.00000000e+00    2.40000000e+00   -4.18277340e+00
  9.00000000e+00    2.45000000e+00   -1.25741142e+02
  9.00000000e+00    2.50000000e+00   -1.67513469e+02
  9.00000000e+00    2.55000000e+00    1.99554447e+02
  9.00000000e+00    2.60000000e+00    3.71856657e+02
  9.00000000e+00    2.65000000e+00   -1.49499705e+02
  9.00000000e+00    2.70000000e+00   -5.31423171e+02
  9.00000000e+00    2.75000000e+00    3.20510902e+00
  9.00000000e+00    2.80000000e+00    5.90755543e+02
  9.00000000e+00    2.85000000e+00    1.75090579e+02
  9.00000000e+00    2.90000000e+00   -5.40610506e+02
  9.00000000e+00    2.95000000e+00   -3.22406151e+02
  9.00000000e+00    3.00000000e+00    4.07149343e+02
  9.00000000e+00    3.05000000e+00    3.94725593e+02
  9.00000000e+00    3.10000000e+00   -2.36333071e+02
  9.00000000e+00    3.15000000e+00   -3.69639168e+02
  9.00000000e+00    3.20000000e+00    9.05073328e+01
  9.00000000e+00    3.25000000e+00    2.60344642e+02
  9.00000000e+00    3.30000000e+00   -3.26110812e+01
  9.00000000e+00    3.35000000e+00   -1.29978174e+02
  9.00000000e+00    3.40000000e+00    8.30054102e+01
  9.00000000e+00    3.45000000e+00    6.53800972e+01
  9.00000000e+00    3.50000000e+00   -1.89991545e+02
  9.00000000e+00    3.55000000e+00   -1.13765147e+02
  9.00000000e+00    3.60000000e+00    2.60781637e+02
  9.00000000e+00    3.65000000e+00    2.45136797e+02
  9.00000000e+00    3.70000000e+00   -2.29185303e+02
  9.00000000e+00    3.75000000e+00   -3.78595597e+02
  9.00000000e+00    3.80000000e+00    9.43034581e+01
  9.00000000e+00    3.85000000e+00    4.37232475e+02
  9.00000000e+00    3.90000000e+00    8.92122836e+01
  9.00000000e+00    3.95000000e+00   -3.86114130e+02
  9.00000000e+00    4.00000000e+00   -2.42596456e+02
  9.00000000e+00    4.05000000e+00    2.48825620e+02
  9.00000000e+00    4.10000000e+00    3.05011791e+02
  9.00000000e+00    4.15000000e+00   -9.76581532e+01
  9.00000000e+00    4.20000000e+00   -2.76909331e+02
  9.00000000e+00    4.25000000e+00    1.19968925e+00
  9.00000000e+00    4.30000000e+00    2.18982412e+02
  9.00000000e+00    4.35000000e+00    3.39206607e+01
  9.00000000e+00    4.40000000e+00   -1.89947069e+02
  9.00000000e+00    4.45000000e+00   -5.77478199e+01
  9.00000000e+00    4.50000000e+00    1.90825915e+02
  9.00000000e+00    4.55000000e+00    1.15321655e+02
  9.00000000e+00    4.60000000e+00   -1.75215227e+02
  9.00000000e+00    4.65000000e+00   -2.01746738e+02
  9.00000000e+00    4.70000000e+00    9.93225671e+01
  9.00000000e+00    4.75000000e+00    2.66145277e+02
  9.00000000e+00    4.80000000e+00    3.54444658e+01
  9.00000000e+00    4.85000000e+00   -2.51392578e+02
  9.00000000e+00    4.90000000e+00   -1.72713716e+02
  9.00000000e+00    4.95000000e+00    1.46917628e+02
  9.00000000e+00    5.00000000e+00    2.42678862e+02
  9.00000000e+00    5.05000000e+00   -3.68219038e+00
  9.00000000e+00    5.10000000e+00   -2.21413702e+02
  9.00000000e+00    5.15000000e+00   -1.12577431e+02
  9.00000000e+00    5.20000000e+00    1.38637629e+02
  9.00000000e+00    5.25000000e+00    1.69598390e+02
  9.00000000e+00    5.30000000e+00   -3.90335825e+01
  9.00000000e+00    5.35000000e+00   -1.71424346e+02
  9.00000000e+00    5.40000000e+00   -4.86490250e+01
  9.00000000e+00    5.45000000e+00    1.35391734e+02
  9.00000000e+00    5.50000000e+00    1.15962954e+02
  9.00000000e+00    5.55000000e+00   -6.94144916e+01
  9.00000000e+00    5.60000000e+00   -1.54042498e+02
  9.00000000e+00    5.65000000e+00   -2.28337000e+01
  9.00000000e+00    5.70000000e+00    1.39681495e+02
  9.00000000e+00    5.75000000e+00    1.13827906e+02
  9.00000000e+00    5.80000000e+00   -6.16553463e+01
  9.00000000e+00    5.85000000e+00   -1.54461620e+02
  9.00000000e+00    5.90000000e+00   -4.94575752e+01
  9.00000000e+00    5.95000000e+00    1.12574962e+02
  9.00000000e+00    6.00000000e+00    1.28911521e+02
  9.00000000e+00    6.05000000e+00   -1.02487777e+01
  9.00000000e+00    6.10000000e+00   -1.26013282e+02
  9.00000000e+00    6.15000000e+00   -8.33545294e+01
  9.00000000e+00    6.20000000e+00    5.21460933e+01
  9.00000000e+00    6.25000000e+00    1.12409201e+02
  9.00000000e+00    6.30000000e+00    3.52014018e+01
  9.00000000e+00    6.35000000e+00   -7.46559672e+01
  9.00000000e+00    6.40000000e+00   -8.54682927e+01
  9.00000000e+00    6.45000000e+00    5.79413670e+00
  9.00000000e+00    6.50000000e+00    8.34341188e+01
  9.00000000e+00    6.55000000e+00    5.78479369e+01
  9.00000000e+00    6.60000000e+00   -3.46407383e+01
  9.00000000e+00    6.65000000e+00   -8.42834759e+01
  9.00000000e+00    6.70000000e+00   -3.72196020e+01
  9.00000000e+00    6.75000000e+00    4.96801273e+01
  9.00000000e+00    6.80000000e+00    8.01675518e+01
  9.00000000e+00    6.85000000e+00    2.53022933e+01
  9.00000000e+00    6.90000000e+00   -5.20733373e+01
  9.00000000e+00    6.95000000e+00   -7.14083228e+01
  9.00000000e+00    7.00000000e+00   -1.87041226e+01
  9.00000000e+00    7.05000000e+00    4.65252226e+01
  9.00000000e+00    7.10000000e+00    5.90068549e+01
  9.00000000e+00    7.15000000e+00    1.28758899e+01
  9.00000000e+00    7.20000000e+00   -3.98535222e+01
  9.00000000e+00    7.25000000e+00   -4.70866046e+01
  9.00000000e+00    7.30000000e+00   -7.01932373e+00
  9.00000000e+00    7.35000000e+00    3.63142000e+01
  9.00000000e+00    7.40000000e+00    4.05612349e+01
  9.00000000e+00    7.45000000e+00    4.92089705e+00
  9.00000000e+00    7.50000000e+00   -3.38198901e+01
  9.00000000e+00    7.55000000e+00   -3.94560696e+01
  9.00000000e+00    7.60000000e+00   -9.28152897e+00
  9.00000000e+00    7.65000000e+00    2.72012534e+01
  9.00000000e+00    7.70000000e+00    3.79018686e+01
  9.00000000e+00    7.75000000e+00    1.62746056e+01
  9.00000000e+00    7.80000000e+00   -1.62410718e+01
  9.00000000e+00    7.85000000e+00   -3.16792905e+01
  9.00000000e+00    7.90000000e+00   -1.96904265e+01
  9.00000000e+00    7.95000000e+00    6.54242838e+00
  9.00000000e+00    8.00000000e+00    2.39013609e+01
  9.00000000e+00    8.05000000e+00    1.97159067e+01
  9.00000000e+00    8.10000000e+00   -3.44494623e-01
  9.00000000e+00    8.15000000e+00   -1.81483818e+01
  9.00000000e+00    8.20000000e+00   -2.05112992e+01
  9.00000000e+00    8.25000000e+00   -6.24304794e+00
  9.00000000e+00    8.30000000e+00    1.11075564e+01
  9.00000000e+00    8.35000000e+00    2.01621916e+01
  9.00000000e+00    8.40000000e+00    1.29741261e+01
  9.00000000e+00    8.45000000e+00   -5.72434524e-01
  9.00000000e+00    8.50000000e+00   -1.43930224e+01
  9.00000000e+00    8.55000000e+00   -1.40906390e+01
  9.00000000e+00    8.60000000e+00   -7.96375133e+00
  9.00000000e+00    8.65000000e+00    6.56424516e+00
  9.00000000e+00    8.70000000e+00    1.01113320e+01
  9.00000000e+00    8.75000000e+00    1.15818103e+01
  9.00000000e+00    8.80000000e+00   -3.25624880e-01
  9.00000000e+00    8.85000000e+00   -5.35698019e+00
  9.00000000e+00    8.90000000e+00   -1.20411236e+01
  9.00000000e+00    8.95000000e+00   -6.02105259e+00
  9.00000000e+00    9.00000000e+00   -8.74399929e-01
  9.00000000e+00    9.05000000e+00    7.04638264e+00
  9.00000000e+00    9.10000000e+00    8.81348098e+00
  9.00000000e+00    9.15000000e+00    6.24192658e+00
  9.00000000e+00    9.20000000e+00    1.03743959e+00
  9.00000000e+00    9.25000000e+00   -3.78108331e+00
  9.00000000e+00    9.30000000e+00   -6.35368065e+00
  9.00000000e+00    9.35000000e+00   -2.63147376e+00
  9.00000000e+00    9.40000000e+00   -1.79734440e+00
  9.00000000e+00    9.45000000e+00    6.52120475e+00
  9.00000000e+00    9.50000000e+00    3.48171982e+00
  9.00000000e+00    9.55000000e+00    7.67240423e+00
  9.00000000e+00    9.60000000e+00    1.21273701e+00
  9.00000000e+00    9.65000000e+00    1.63974490e-01
  9.00000000e+00    9.70000000e+00   -2.01310678e+00
  9.00000000e+00    9.75000000e+00   -3.98996678e+00
  9.00000000e+00    9.80000000e+00   -4.95466901e-01
  9.00000000e+00    9.85000000e+00    3.55529915e-01
  9.00000000e+00    9.90000000e+00    1.53780509e+00
  9.00000000e+00    9.95000000e+00    6.56645359e+00
  9.00000000e+00    1.00000000e+01    0.00000000e+00
