  8.41500000e+00    0.00000000e+00    0.00000000e+00
  8.41500000e+00    5.00000000e-02   -3.48897613e+22
  8.41500000e+00    1.00000000e-01    1.71138986e+24
  8.41500000e+00    1.50000000e-01    1.57233223e+23
  8.41500000e+00    2.00000000e-01   -3.28828389e+24
  8.41500000e+00    2.50000000e-01   -4.24015838e+23
  8.41500000e+00    3.00000000e-01    4.60271958e+24
  8.41500000e+00    3.50000000e-01    8.89921050e+23
  8.41500000e+00    4.00000000e-01   -5.54271032e+24
  8.41500000e+00    4.50000000e-01   -1.55583973e+24
  8.41500000e+00    5.00000000e-01    6.02563215e+24
  8.41500000e+00    5.50000000e-01    2.36331030e+24
  8.41500000e+00    6.00000000e-01   -6.01358223e+24
  8.41500000e+00    6.50000000e-01   -3.20195900e+24
  8.41500000e+00    7.00000000e-01    5.52589511e+24
  8.41500000e+00    7.50000000e-01    3.92956399e+24
  8.41500000e+00    8.00000000e-01   -4.64278277e+24
  8.41500000e+00    8.50000000e-01   -4.40164606e+24
  8.41500000e+00    9.00000000e-01    3.49547394e+24
  8.41500000e+00    9.50000000e-01    4.50483182e+24
  8.41500000e+00    1.00000000e+00   -2.24225176e+24
  8.41500000e+00    1.05000000e+00   -4.18638111e+24
  8.41500000e+00    1.10000000e+00    1.03514128e+24
  8.41500000e+00    1.15000000e+00    3.47209924e+24
  8.41500000e+00    1.20000000e+00    1.35134523e+22
  8.41500000e+00    1.25000000e+00   -2.46698460e+24
  8.41500000e+00    1.30000000e+00   -8.53910728e+23
  8.41500000e+00    1.35000000e+00    1.33726602e+24
  8.41500000e+00    1.40000000e+00    1.50314325e+24
  8.41500000e+00    1.45000000e+00   -2.77827213e+23
  8.41500000e+00    1.50000000e+00   -2.02929256e+24
  8.41500000e+00    1.55000000e+00   -5.26487990e+23
  8.41500000e+00    1.60000000e+00    2.52084106e+24
  8.41500000e+00    1.65000000e+00    9.35393267e+23
  8.41500000e+00    1.70000000e+00   -3.05237960e+24
  8.41500000e+00    1.75000000e+00   -8.74958881e+23
  8.41500000e+00    1.80000000e+00    3.65872402e+24
  8.41500000e+00    1.85000000e+00    3.42785755e+23
  8.41500000e+00    1.90000000e+00   -4.32591498e+24
  8.41500000e+00    1.95000000e+00    6.01807190e+23
  8.41500000e+00    2.00000000e+00    5.00076984e+24
  8.41500000e+00    2.05000000e+00   -1.85678605e+24
  8.41500000e+00    2.10000000e+00   -5.61364761e+24
  8.41500000e+00    2.15000000e+00    3.29849677e+24
  8.41500000e+00    2.20000000e+00    6.10477609e+24
  8.41500000e+00    2.25000000e+00   -4.79929353e+24
  8.41500000e+00    2.30000000e+00   -6.44436226e+24
  8.41500000e+00    2.35000000e+00    6.23923145e+24
  8.41500000e+00    2.40000000e+00    6.64027376e+24
  8.41500000e+00    2.45000000e+00   -7.51228920e+24
  8.41500000e+00    2.50000000e+00   -6.73233614e+24
  8.41500000e+00    2.55000000e+00    8.52920413e+24
  8.41500000e+00    2.60000000e+00    6.77688022e+24
  8.41500000e+00    2.65000000e+00   -9.21912709e+24
  8.41500000e+00    2.70000000e+00   -6.82753424e+24
  8.41500000e+00    2.75000000e+00    9.53152642e+24
  8.41500000e+00    2.80000000e+00    6.91815544e+24
  8.41500000e+00    2.85000000e+00   -9.43883922e+24
  8.41500000e+00    2.90000000e+00   -7.05206361e+24
  8.41500000e+00    2.95000000e+00    8.93968720e+24
  8.41500000e+00    3.00000000e+00    7.19952209e+24
  8.41500000e+00    3.05000000e+00   -8.06201134e+24
  8.41500000e+00    3.10000000e+00   -7.30349714e+24
  8.41500000e+00    3.15000000e+00    6.86503961e+24
  8.41500000e+00    3.20000000e+00    7.29230478e+24
  8.41500000e+00    3.25000000e+00   -5.43857212e+24
  8.41500000e+00    3.30000000e+00   -7.09664714e+24
  8.41500000e+00    3.35000000e+00    3.89792283e+24
  8.41500000e+00    3.40000000e+00    6.66759947e+24
  8.41500000e+00    3.45000000e+00   -2.37338633e+24
  8.41500000e+00    3.50000000e+00   -5.99148670e+24
  8.41500000e+00    3.55000000e+00    9.94473663e+23
  8.41500000e+00    3.60000000e+00    5.09768859e+24
  8.41500000e+00    3.65000000e+00    1.28889716e+23
  8.41500000e+00    3.70000000e+00   -4.05661737e+24
  8.41500000e+00    3.75000000e+00   -9.24198091e+23
  8.41500000e+00    3.80000000e+00    2.96744479e+24
  8.41500000e+00    3.85000000e+00    1.36842276e+24
  8.41500000e+00    3.90000000e+00   -1.93810297e+24
  8.41500000e+00    3.95000000e+00   -1.49031948e+24
  8.41500000e+00    4.00000000e+00    1.06267683e+24
  8.41500000e+00    4.05000000e+00    1.36150608e+24
  8.41500000e+00    4.10000000e+00   -4.02479279e+23
  8.41500000e+00    4.15000000e+00   -1.07824895e+24
  8.41500000e+00    4.20000000e+00   -2.38180245e+22
  8.41500000e+00    4.25000000e+00    7.38968230e+23
  8.41500000e+00    4.30000000e+00    2.38507975e+23
  8.41500000e+00    4.35000000e+00   -4.23901417e+23
  8.41500000e+00    4.40000000e+00   -2.92978125e+23
  8.41500000e+00    4.45000000e+00    1.82458978e+23
  8.41500000e+00    4.50000000e+00    2.50290571e+23
  8.41500000e+00    4.55000000e+00   -3.08755278e+22
  8.41500000e+00    4.60000000e+00   -1.68253029e+23
  8.41500000e+00    4.65000000e+00   -4.09603037e+22
  8.41500000e+00    4.70000000e+00    8.80265882e+22
  8.41500000e+00    4.75000000e+00    5.75363045e+22
  8.41500000e+00    4.80000000e+00   -3.05234409e+22
  8.41500000e+00    4.85000000e+00   -4.56185584e+22
  8.41500000e+00    4.90000000e+00   -3.59692485e+20
  8.41500000e+00    4.95000000e+00    2.58994133e+22
  8.41500000e+00    5.00000000e+00    1.08194667e+22
  8.41500000e+00    5.05000000e+00   -9.86183314e+21
  8.41500000e+00    5.10000000e+00   -1.01050099e+22
  8.41500000e+00    5.15000000e+00    9.61199950e+20
  8.41500000e+00    5.20000000e+00    5.79541805e+21
  8.41500000e+00    5.25000000e+00    2.07698814e+21
  8.41500000e+00    5.30000000e+00   -2.05538231e+21
  8.41500000e+00    5.35000000e+00   -2.00123197e+21
  8.41500000e+00    5.40000000e+00    9.95259325e+19
  8.41500000e+00    5.45000000e+00    1.03687436e+21
  8.41500000e+00    5.50000000e+00    4.48225833e+20
  8.41500000e+00    5.55000000e+00   -2.80281021e+20
  8.41500000e+00    5.60000000e+00   -3.50015380e+20
  8.41500000e+00    5.65000000e+00   -4.38561135e+19
  8.41500000e+00    5.70000000e+00    1.38577374e+20
  8.41500000e+00    5.75000000e+00    9.06865769e+19
  8.41500000e+00    5.80000000e+00   -1.47996099e+19
  8.41500000e+00    5.85000000e+00   -4.75372223e+19
  8.41500000e+00    5.90000000e+00   -1.87962152e+19
  8.41500000e+00    5.95000000e+00    1.01470982e+19
  8.41500000e+00    6.00000000e+00    1.33724132e+19
  8.41500000e+00    6.05000000e+00    3.14494144e+18
  8.41500000e+00    6.10000000e+00   -3.68498656e+18
  8.41500000e+00    6.15000000e+00   -3.31941314e+18
  8.41500000e+00    6.20000000e+00   -4.29199455e+17
  8.41500000e+00    6.25000000e+00    1.03880143e+18
  8.41500000e+00    6.30000000e+00    7.63013180e+17
  8.41500000e+00    6.35000000e+00    5.58149798e+16
  8.41500000e+00    6.40000000e+00   -2.48195838e+17
  8.41500000e+00    6.45000000e+00   -1.67698171e+17
  8.41500000e+00    6.50000000e+00   -1.21514220e+16
  8.41500000e+00    6.55000000e+00    5.13937301e+16
  8.41500000e+00    6.60000000e+00    3.55730090e+16
  8.41500000e+00    6.65000000e+00    4.51797470e+15
  8.41500000e+00    6.70000000e+00   -9.02968446e+15
  8.41500000e+00    6.75000000e+00   -7.13796803e+15
  8.41500000e+00    6.80000000e+00   -1.61095641e+15
  8.41500000e+00    6.85000000e+00    1.22640233e+15
  8.41500000e+00    6.90000000e+00    1.28765217e+15
  8.41500000e+00    6.95000000e+00    4.60711347e+14
  8.41500000e+00    7.00000000e+00   -8.41900329e+13
  8.41500000e+00    7.05000000e+00   -1.90641478e+14
  8.41500000e+00    7.10000000e+00   -1.02161945e+14
  8.41500000e+00    7.15000000e+00   -1.43549460e+13
  8.41500000e+00    7.20000000e+00    1.86796682e+13
  8.41500000e+00    7.25000000e+00    1.65733722e+13
  8.41500000e+00    7.30000000e+00    6.33433135e+12
  8.41500000e+00    7.35000000e+00    2.00835460e+10
  8.41500000e+00    7.40000000e+00   -1.61118758e+12
  8.41500000e+00    7.45000000e+00   -1.12900794e+12
  8.41500000e+00    7.50000000e+00   -3.96053549e+11
  8.41500000e+00    7.55000000e+00   -7.59472212e+09
  8.41500000e+00    7.60000000e+00    8.82009605e+10
  8.41500000e+00    7.65000000e+00    6.49613165e+10
  8.41500000e+00    7.70000000e+00    2.68777227e+10
  8.41500000e+00    7.75000000e+00    5.11429443e+09
  8.41500000e+00    7.80000000e+00   -2.09052544e+09
  8.41500000e+00    7.85000000e+00   -2.62100624e+09
  8.41500000e+00    7.90000000e+00   -1.50555570e+09
  8.41500000e+00    7.95000000e+00   -5.89733919e+08
  8.41500000e+00    8.00000000e+00   -1.43739895e+08
  8.41500000e+00    8.05000000e+00    5.64896730e+06
  8.41500000e+00    8.10000000e+00    3.13863604e+07
  8.41500000e+00    8.15000000e+00    2.28849457e+07
  8.41500000e+00    8.20000000e+00    1.19134167e+07
  8.41500000e+00    8.25000000e+00    5.18309510e+06
  8.41500000e+00    8.30000000e+00    1.98876596e+06
  8.41500000e+00    8.35000000e+00    6.90539913e+05
  8.41500000e+00    8.40000000e+00    2.20164561e+05
  8.41500000e+00    8.45000000e+00    6.50516583e+04
  8.41500000e+00    8.50000000e+00    1.79233380e+04
  8.41500000e+00    8.55000000e+00    4.62520608e+03
  8.41500000e+00    8.60000000e+00    1.12143655e+03
  8.41500000e+00    8.65000000e+00    2.56074200e+02
  8.41500000e+00    8.70000000e+00    5.51638709e+01
  8.41500000e+00    8.75000000e+00    1.12250717e+01
  8.41500000e+00    8.80000000e+00    2.15951551e+00
  8.41500000e+00    8.85000000e+00    3.93017813e-01
  8.41500000e+00    8.90000000e+00    6.76864011e-02
  8.41500000e+00    8.95000000e+00    1.10324304e-02
  8.41500000e+00    9.00000000e+00    1.70169322e-03
  8.41500000e+00    9.05000000e+00    2.48319122e-04
  8.41500000e+00    9.10000000e+00    3.42656585e-05
  8.41500000e+00    9.15000000e+00    4.46841641e-06
  8.41500000e+00    9.20000000e+00    5.50229375e-07
  8.41500000e+00    9.25000000e+00    6.39148768e-08
  8.41500000e+00    9.30000000e+00    6.99551550e-09
  8.41500000e+00    9.35000000e+00    7.20447707e-10
  8.41500000e+00    9.40000000e+00    6.97047396e-11
  8.41500000e+00    9.45000000e+00    6.32424719e-12
  8.41500000e+00    9.50000000e+00    5.36954135e-13
  8.41500000e+00    9.55000000e+00    4.25611201e-14
  8.41500000e+00    9.60000000e+00    3.14089657e-15
  8.41500000e+00    9.65000000e+00    2.15131339e-16
  8.41500000e+00    9.70000000e+00    1.36271412e-17
  8.41500000e+00    9.75000000e+00    7.94979251e-19
  8.41500000e+00    9.80000000e+00    4.25071040e-20
  8.41500000e+00    9.85000000e+00    2.07140047e-21
  8.41500000e+00    9.90000000e+00    9.13797534e-23
  8.41500000e+00    9.95000000e+00    3.62407987e-24
  8.41500000e+00    1.00000000e+01    0.00000000e+00
