  1.00000000e+01    0.00000000e+00    0.00000000e+00
  1.00000000e+01    5.00000000e-02   -2.08063695e+26
  1.00000000e+01    1.00000000e-01    5.72736077e+26
  1.00000000e+01    1.50000000e-01    6.28053258e+26
  1.00000000e+01    2.00000000e-01   -1.09212960e+27
  1.00000000e+01    2.50000000e-01   -1.05633607e+27
  1.00000000e+01    3.00000000e-01    1.50900709e+27
  1.00000000e+01    3.50000000e-01    1.48831289e+27
  1.00000000e+01    4.00000000e-01   -1.78241073e+27
  1.00000000e+01    4.50000000e-01   -1.90702818e+27
  1.00000000e+01    5.00000000e-01    1.88336952e+27
  1.00000000e+01    5.50000000e-01    2.28339375e+27
  1.00000000e+01    6.00000000e-01   -1.79816510e+27
  1.00000000e+01    6.50000000e-01   -2.58038568e+27
  1.00000000e+01    7.00000000e-01    1.53073248e+27
  1.00000000e+01    7.50000000e-01    2.76069247e+27
  1.00000000e+01    8.00000000e-01   -1.10368904e+27
  1.00000000e+01    8.50000000e-01   -2.79628991e+27
  1.00000000e+01    9.00000000e-01    5.57410236e+26
  1.00000000e+01    9.50000000e-01    2.67763454e+27
  1.00000000e+01    1.00000000e+00    5.33173902e+25
  1.00000000e+01    1.05000000e+00   -2.41990054e+27
  1.00000000e+01    1.10000000e+00   -6.65157445e+26
  1.00000000e+01    1.15000000e+00    2.06413015e+27
  1.00000000e+01    1.20000000e+00    1.21407563e+27
  1.00000000e+01    1.25000000e+00   -1.67231466e+27
  1.00000000e+01    1.30000000e+00   -1.64397034e+27
  1.00000000e+01    1.35000000e+00    1.31701487e+27
  1.00000000e+01    1.40000000e+00    1.91437477e+27
  1.00000000e+01    1.45000000e+00   -1.06771697e+27
  1.00000000e+01    1.50000000e+00   -2.00548282e+27
  1.00000000e+01    1.55000000e+00    9.77196592e+26
  1.00000000e+01    1.60000000e+00    1.91929053e+27
  1.00000000e+01    1.65000000e+00   -1.07133985e+27
  1.00000000e+01    1.70000000e+00   -1.67666079e+27
  1.00000000e+01    1.75000000e+00    1.34502562e+27
  1.00000000e+01    1.80000000e+00    1.31128373e+27
  1.00000000e+01    1.85000000e+00   -1.76502038e+27
  1.00000000e+01    1.90000000e+00   -8.62385416e+26
  1.00000000e+01    1.95000000e+00    2.27887928e+27
  1.00000000e+01    2.00000000e+00    3.68279851e+26
  1.00000000e+01    2.05000000e+00   -2.82721053e+27
  1.00000000e+01    2.10000000e+00    1.37641330e+26
  1.00000000e+01    2.15000000e+00    3.35587547e+27
  1.00000000e+01    2.20000000e+00   -6.27927037e+26
  1.00000000e+01    2.25000000e+00   -3.82499670e+27
  1.00000000e+01    2.30000000e+00    1.07968825e+27
  1.00000000e+01    2.35000000e+00    4.21287768e+27
  1.00000000e+01    2.40000000e+00   -1.47221761e+27
  1.00000000e+01    2.45000000e+00   -4.51462300e+27
  1.00000000e+01    2.50000000e+00    1.78516464e+27
  1.00000000e+01    2.55000000e+00    4.73678562e+27
  1.00000000e+01    2.60000000e+00   -1.99835921e+27
  1.00000000e+01    2.65000000e+00   -4.89026969e+27
  1.00000000e+01    2.70000000e+00    2.09355264e+27
  1.00000000e+01    2.75000000e+00    4.98379435e+27
  1.00000000e+01    2.80000000e+00   -2.05754678e+27
  1.00000000e+01    2.85000000e+00   -5.01961178e+27
  1.00000000e+01    2.90000000e+00    1.88570524e+27
  1.00000000e+01    2.95000000e+00    4.99222934e+27
  1.00000000e+01    3.00000000e+00   -1.58478784e+27
  1.00000000e+01    3.05000000e+00   -4.88998900e+27
  1.00000000e+01    3.10000000e+00    1.17431646e+27
  1.00000000e+01    3.15000000e+00    4.69875188e+27
  1.00000000e+01    3.20000000e+00   -6.86068931e+26
  1.00000000e+01    3.25000000e+00   -4.40666411e+27
  1.00000000e+01    3.30000000e+00    1.61643433e+26
  1.00000000e+01    3.35000000e+00    4.00894405e+27
  1.00000000e+01    3.40000000e+00    3.51710018e+26
  1.00000000e+01    3.45000000e+00   -3.51170685e+27
  1.00000000e+01    3.50000000e+00   -8.06583500e+26
  1.00000000e+01    3.55000000e+00    2.93397415e+27
  1.00000000e+01    3.60000000e+00    1.16158491e+27
  1.00000000e+01    3.65000000e+00   -2.30723987e+27
  1.00000000e+01    3.70000000e+00   -1.38727875e+27
  1.00000000e+01    3.75000000e+00    1.67234505e+27
  1.00000000e+01    3.80000000e+00    1.47077900e+27
  1.00000000e+01    3.85000000e+00   -1.07397011e+27
  1.00000000e+01    3.90000000e+00   -1.41789117e+27
  1.00000000e+01    3.95000000e+00    5.53687397e+26
  1.00000000e+01    4.00000000e+00    1.25204273e+27
  1.00000000e+01    4.05000000e+00   -1.43037973e+26
  1.00000000e+01    4.10000000e+00   -1.00991009e+27
  1.00000000e+01    4.15000000e+00   -1.41715554e+26
  1.00000000e+01    4.20000000e+00    7.34493186e+26
  1.00000000e+01    4.25000000e+00    3.01794101e+26
  1.00000000e+01    4.30000000e+00   -4.67136943e+26
  1.00000000e+01    4.35000000e+00   -3.54440699e+26
  1.00000000e+01    4.40000000e+00    2.40372774e+26
  1.00000000e+01    4.45000000e+00    3.28166807e+26
  1.00000000e+01    4.50000000e+00   -7.32730813e+25
  1.00000000e+01    4.55000000e+00   -2.56011782e+26
  1.00000000e+01    4.60000000e+00   -2.97048856e+25
  1.00000000e+01    4.65000000e+00    1.68655089e+26
  1.00000000e+01    4.70000000e+00    7.64389722e+25
  1.00000000e+01    4.75000000e+00   -8.91580858e+25
  1.00000000e+01    4.80000000e+00   -8.24625827e+25
  1.00000000e+01    4.85000000e+00    3.04760114e+25
  1.00000000e+01    4.90000000e+00    6.55102479e+25
  1.00000000e+01    4.95000000e+00    4.08143823e+24
  1.00000000e+01    5.00000000e+00   -4.09118321e+25
  1.00000000e+01    5.05000000e+00   -1.81803574e+25
  1.00000000e+01    5.10000000e+00    1.89157731e+25
  1.00000000e+01    5.15000000e+00    1.88627474e+25
  1.00000000e+01    5.20000000e+00   -4.19736026e+24
  1.00000000e+01    5.25000000e+00   -1.33034943e+25
  1.00000000e+01    5.30000000e+00   -2.94837520e+24
  1.00000000e+01    5.35000000e+00    6.76834243e+24
  1.00000000e+01    5.40000000e+00    4.64190227e+24
  1.00000000e+01    5.45000000e+00   -1.97883987e+24
  1.00000000e+01    5.50000000e+00   -3.57485683e+24
  1.00000000e+01    5.55000000e+00   -4.50962499e+23
  1.00000000e+01    5.60000000e+00    1.83604034e+24
  1.00000000e+01    5.65000000e+00    1.09509642e+24
  1.00000000e+01    5.70000000e+00   -5.17181842e+23
  1.00000000e+01    5.75000000e+00   -8.48005252e+23
  1.00000000e+01    5.80000000e+00   -1.21123106e+23
  1.00000000e+01    5.85000000e+00    3.99947925e+23
  1.00000000e+01    5.90000000e+00    2.59946349e+23
  1.00000000e+01    5.95000000e+00   -8.30810582e+22
  1.00000000e+01    6.00000000e+00   -1.77476715e+23
  1.00000000e+01    6.05000000e+00   -4.67713452e+22
  1.00000000e+01    6.10000000e+00    6.68654294e+22
  1.00000000e+01    6.15000000e+00    5.82446830e+22
  1.00000000e+01    6.20000000e+00   -2.99301998e+21
  1.00000000e+01    6.25000000e+00   -3.03953504e+22
  1.00000000e+01    6.30000000e+00   -1.47740436e+22
  1.00000000e+01    6.35000000e+00    6.72582853e+21
  1.00000000e+01    6.40000000e+00    1.07332846e+22
  1.00000000e+01    6.45000000e+00    2.73296372e+21
  1.00000000e+01    6.50000000e+00   -3.49647844e+21
  1.00000000e+01    6.55000000e+00   -3.22729085e+21
  1.00000000e+01    6.60000000e+00   -2.33432109e+20
  1.00000000e+01    6.65000000e+00    1.32359445e+21
  1.00000000e+01    6.70000000e+00    8.69145826e+20
  1.00000000e+01    6.75000000e+00   -7.69690286e+19
  1.00000000e+01    6.80000000e+00   -4.24242201e+20
  1.00000000e+01    6.85000000e+00   -2.18726862e+20
  1.00000000e+01    6.90000000e+00    4.96440623e+19
  1.00000000e+01    6.95000000e+00    1.22026941e+20
  1.00000000e+01    7.00000000e+00    5.37037804e+19
  1.00000000e+01    7.05000000e+00   -1.71375809e+19
  1.00000000e+01    7.10000000e+00   -3.24130372e+19
  1.00000000e+01    7.15000000e+00   -1.33688043e+19
  1.00000000e+01    7.20000000e+00    4.42438543e+18
  1.00000000e+01    7.25000000e+00    8.03827511e+18
  1.00000000e+01    7.30000000e+00    3.42965435e+18
  1.00000000e+01    7.35000000e+00   -8.58745895e+17
  1.00000000e+01    7.40000000e+00   -1.85053566e+18
  1.00000000e+01    7.45000000e+00   -8.90667543e+17
  1.00000000e+01    7.50000000e+00    9.34810739e+16
  1.00000000e+01    7.55000000e+00    3.85373468e+17
  1.00000000e+01    7.60000000e+00    2.24116019e+17
  1.00000000e+01    7.65000000e+00    1.45235535e+16
  1.00000000e+01    7.70000000e+00   -6.84382064e+16
  1.00000000e+01    7.75000000e+00   -5.17287821e+16
  1.00000000e+01    7.80000000e+00   -1.22652431e+16
  1.00000000e+01    7.85000000e+00    8.88636083e+15
  1.00000000e+01    7.90000000e+00    1.02557159e+16
  1.00000000e+01    7.95000000e+00    4.28525179e+15
  1.00000000e+01    8.00000000e+00   -2.84892725e+14
  1.00000000e+01    8.05000000e+00   -1.56661932e+15
  1.00000000e+01    8.10000000e+00   -1.03048320e+15
  1.00000000e+01    8.15000000e+00   -2.56023313e+14
  1.00000000e+01    8.20000000e+00    1.29509341e+14
  1.00000000e+01    8.25000000e+00    1.71468329e+14
  1.00000000e+01    8.30000000e+00    8.71714203e+13
  1.00000000e+01    8.35000000e+00    1.40333970e+13
  1.00000000e+01    8.40000000e+00   -1.47678567e+13
  1.00000000e+01    8.45000000e+00   -1.50118741e+13
  1.00000000e+01    8.50000000e+00   -7.12045431e+12
  1.00000000e+01    8.55000000e+00   -1.22250536e+12
  1.00000000e+01    8.60000000e+00    1.01240265e+12
  1.00000000e+01    8.65000000e+00    1.10103413e+12
  1.00000000e+01    8.70000000e+00    5.77403239e+11
  1.00000000e+01    8.75000000e+00    1.58834809e+11
  1.00000000e+01    8.80000000e+00   -2.48830403e+10
  1.00000000e+01    8.85000000e+00   -5.95552742e+10
  1.00000000e+01    8.90000000e+00   -4.05378726e+10
  1.00000000e+01    8.95000000e+00   -1.73904571e+10
  1.00000000e+01    9.00000000e+00   -4.01760545e+09
  1.00000000e+01    9.05000000e+00    9.23553144e+08
  1.00000000e+01    9.10000000e+00    1.67820559e+09
  1.00000000e+01    9.15000000e+00    1.13972447e+09
  1.00000000e+01    9.20000000e+00    5.43605077e+08
  1.00000000e+01    9.25000000e+00    1.89103259e+08
  1.00000000e+01    9.30000000e+00    3.58766846e+07
  1.00000000e+01    9.35000000e+00   -1.11379689e+07
  1.00000000e+01    9.40000000e+00   -1.67789696e+07
  1.00000000e+01    9.45000000e+00   -1.16189910e+07
  1.00000000e+01    9.50000000e+00   -6.27215405e+06
  1.00000000e+01    9.55000000e+00   -2.93077846e+06
  1.00000000e+01    9.60000000e+00   -1.23491105e+06
  1.00000000e+01    9.65000000e+00   -4.79110197e+05
  1.00000000e+01    9.70000000e+00   -1.73279640e+05
  1.00000000e+01    9.75000000e+00   -5.88937385e+04
  1.00000000e+01    9.80000000e+00   -1.89156896e+04
  1.00000000e+01    9.85000000e+00   -5.76689759e+03
  1.00000000e+01    9.90000000e+00   -1.66488775e+03
  1.00000000e+01    9.95000000e+00   -4.93902333e+02
  1.00000000e+01    1.00000000e+01    0.00000000e+00
