  8.41500000e+00    0.00000000e+00    0.00000000e+00
  8.41500000e+00    5.00000000e-02   -5.24848500e+22
  8.41500000e+00    1.00000000e-01   -1.33116362e+23
  8.41500000e+00    1.50000000e-01    1.49371388e+23
  8.41500000e+00    2.00000000e-01    2.62951396e+23
  8.41500000e+00    2.50000000e-01   -2.23181669e+23
  8.41500000e+00    3.00000000e-01   -3.85011339e+23
  8.41500000e+00    3.50000000e-01    2.62331414e+23
  8.41500000e+00    4.00000000e-01    4.92862006e+23
  8.41500000e+00    4.50000000e-01   -2.60514703e+23
  8.41500000e+00    5.00000000e-01   -5.78243941e+23
  8.41500000e+00    5.50000000e-01    2.17884979e+23
  8.41500000e+00    6.00000000e-01    6.32161744e+23
  8.41500000e+00    6.50000000e-01   -1.41204489e+23
  8.41500000e+00    7.00000000e-01   -6.46793707e+23
  8.41500000e+00    7.50000000e-01    4.27280291e+22
  8.41500000e+00    8.00000000e-01    6.17787603e+23
  8.41500000e+00    8.50000000e-01    6.21444167e+22
  8.41500000e+00    9.00000000e-01   -5.46307329e+23
  8.41500000e+00    9.50000000e-01   -1.58038653e+23
  8.41500000e+00    1.00000000e+00    4.40148936e+23
  8.41500000e+00    1.05000000e+00    2.32851479e+23
  8.41500000e+00    1.10000000e+00   -3.13406450e+23
  8.41500000e+00    1.15000000e+00   -2.80171745e+23
  8.41500000e+00    1.20000000e+00    1.84534188e+23
  8.41500000e+00    1.25000000e+00    3.00134137e+23
  8.41500000e+00    1.30000000e+00   -7.31372488e+22
  8.41500000e+00    1.35000000e+00   -2.98416128e+23
  8.41500000e+00    1.40000000e+00   -3.73410303e+21
  8.41500000e+00    1.45000000e+00    2.83699245e+23
  8.41500000e+00    1.50000000e+00    3.47871878e+22
  8.41500000e+00    1.55000000e+00   -2.64453618e+23
  8.41500000e+00    1.60000000e+00   -1.63021937e+22
  8.41500000e+00    1.65000000e+00    2.46146527e+23
  8.41500000e+00    1.70000000e+00   -4.78889683e+22
  8.41500000e+00    1.75000000e+00   -2.29808193e+23
  8.41500000e+00    1.80000000e+00    1.48112519e+23
  8.41500000e+00    1.85000000e+00    2.12368320e+23
  8.41500000e+00    1.90000000e+00   -2.71584823e+23
  8.41500000e+00    1.95000000e+00   -1.88514565e+23
  8.41500000e+00    2.00000000e+00    4.05263163e+23
  8.41500000e+00    2.05000000e+00    1.53290557e+23
  8.41500000e+00    2.10000000e+00   -5.38026962e+23
  8.41500000e+00    2.15000000e+00   -1.04454999e+23
  8.41500000e+00    2.20000000e+00    6.61775286e+23
  8.41500000e+00    2.25000000e+00    4.38159183e+22
  8.41500000e+00    2.30000000e+00   -7.71463878e+23
  8.41500000e+00    2.35000000e+00    2.27870183e+22
  8.41500000e+00    2.40000000e+00    8.64416434e+23
  8.41500000e+00    2.45000000e+00   -8.66783266e+22
  8.41500000e+00    2.50000000e+00   -9.39341508e+23
  8.41500000e+00    2.55000000e+00    1.38212878e+23
  8.41500000e+00    2.60000000e+00    9.95404423e+23
  8.41500000e+00    2.65000000e+00   -1.68732282e+23
  8.41500000e+00    2.70000000e+00   -1.03155295e+24
  8.41500000e+00    2.75000000e+00    1.72175238e+23
  8.41500000e+00    2.80000000e+00    1.04617818e+24
  8.41500000e+00    2.85000000e+00   -1.46131889e+23
  8.41500000e+00    2.90000000e+00   -1.03714188e+24
  8.41500000e+00    2.95000000e+00    9.23087545e+22
  8.41500000e+00    3.00000000e+00    1.00218479e+24
  8.41500000e+00    3.05000000e+00   -1.64384744e+22
  8.41500000e+00    3.10000000e+00   -9.39687763e+23
  8.41500000e+00    3.15000000e+00   -7.23444896e+22
  8.41500000e+00    3.20000000e+00    8.49661193e+23
  8.41500000e+00    3.25000000e+00    1.62657895e+23
  8.41500000e+00    3.30000000e+00   -7.34713411e+23
  8.41500000e+00    3.35000000e+00   -2.42505096e+23
  8.41500000e+00    3.40000000e+00    6.00660252e+23
  8.41500000e+00    3.45000000e+00    3.01213621e+23
  8.41500000e+00    3.50000000e+00   -4.56453243e+23
  8.41500000e+00    3.55000000e+00   -3.31348144e+23
  8.41500000e+00    3.60000000e+00    3.13252610e+23
  8.41500000e+00    3.65000000e+00    3.30157871e+23
  8.41500000e+00    3.70000000e+00   -1.82726969e+23
  8.41500000e+00    3.75000000e+00   -3.00134077e+23
  8.41500000e+00    3.80000000e+00    7.49442404e+22
  8.41500000e+00    3.85000000e+00    2.48430091e+23
  8.41500000e+00    3.90000000e+00    3.58053720e+21
  8.41500000e+00    3.95000000e+00   -1.85203321e+23
  8.41500000e+00    4.00000000e+00   -5.10911411e+22
  8.41500000e+00    4.05000000e+00    1.21280003e+23
  8.41500000e+00    4.10000000e+00    7.06524979e+22
  8.41500000e+00    4.15000000e+00   -6.57856347e+22
  8.41500000e+00    4.20000000e+00   -6.90310497e+22
  8.41500000e+00    4.25000000e+00    2.44146645e+22
  8.41500000e+00    4.30000000e+00    5.47510425e+22
  8.41500000e+00    4.35000000e+00    1.20205235e+21
  8.41500000e+00    4.40000000e+00   -3.59568554e+22
  8.41500000e+00    4.45000000e+00   -1.29606326e+22
  8.41500000e+00    4.50000000e+00    1.87415400e+22
  8.41500000e+00    4.55000000e+00    1.49086911e+22
  8.41500000e+00    4.60000000e+00   -6.37724315e+21
  8.41500000e+00    4.65000000e+00   -1.16085957e+22
  8.41500000e+00    4.70000000e+00   -4.90529434e+20
  8.41500000e+00    4.75000000e+00    6.81382689e+21
  8.41500000e+00    4.80000000e+00    2.97391244e+21
  8.41500000e+00    4.85000000e+00   -2.80482226e+21
  8.41500000e+00    4.90000000e+00   -2.86688322e+21
  8.41500000e+00    4.95000000e+00    4.07406908e+20
  8.41500000e+00    5.00000000e+00    1.78525352e+21
  8.41500000e+00    5.05000000e+00    5.42891433e+20
  8.41500000e+00    5.10000000e+00   -7.38510499e+20
  8.41500000e+00    5.15000000e+00   -6.21301820e+20
  8.41500000e+00    5.20000000e+00    1.11593347e+20
  8.41500000e+00    5.25000000e+00    3.76685775e+20
  8.41500000e+00    5.30000000e+00    1.17914293e+20
  8.41500000e+00    5.35000000e+00   -1.35929931e+20
  8.41500000e+00    5.40000000e+00   -1.24335678e+20
  8.41500000e+00    5.45000000e+00    6.70033234e+18
  8.41500000e+00    5.50000000e+00    6.38534512e+19
  8.41500000e+00    5.55000000e+00    2.86934434e+19
  8.41500000e+00    5.60000000e+00   -1.56591099e+19
  8.41500000e+00    5.65000000e+00   -2.13927788e+19
  8.41500000e+00    5.70000000e+00   -3.92409187e+18
  8.41500000e+00    5.75000000e+00    7.60417182e+18
  8.41500000e+00    5.80000000e+00    5.79158829e+18
  8.41500000e+00    5.85000000e+00   -2.15442869e+17
  8.41500000e+00    5.90000000e+00   -2.61687300e+18
  8.41500000e+00    5.95000000e+00   -1.34947443e+18
  8.41500000e+00    6.00000000e+00    3.43445316e+17
  8.41500000e+00    6.05000000e+00    7.49106620e+17
  8.41500000e+00    6.10000000e+00    2.86937104e+17
  8.41500000e+00    6.15000000e+00   -1.33939083e+17
  8.41500000e+00    6.20000000e+00   -1.90463143e+17
  8.41500000e+00    6.25000000e+00   -5.99941886e+16
  8.41500000e+00    6.30000000e+00    3.68554771e+16
  8.41500000e+00    6.35000000e+00    4.44884728e+16
  8.41500000e+00    6.40000000e+00    1.33171998e+16
  8.41500000e+00    6.45000000e+00   -7.97506046e+15
  8.41500000e+00    6.50000000e+00   -9.64637226e+15
  8.41500000e+00    6.55000000e+00   -3.20123562e+15
  8.41500000e+00    6.60000000e+00    1.31152429e+15
  8.41500000e+00    6.65000000e+00    1.91137281e+15
  8.41500000e+00    6.70000000e+00    7.83105908e+14
  8.41500000e+00    6.75000000e+00   -1.20416103e+14
  8.41500000e+00    6.80000000e+00   -3.29320843e+14
  8.41500000e+00    6.85000000e+00   -1.77416649e+14
  8.41500000e+00    6.90000000e+00   -1.50378488e+13
  8.41500000e+00    6.95000000e+00    4.39349398e+13
  8.41500000e+00    7.00000000e+00    3.39205962e+13
  8.41500000e+00    7.05000000e+00    1.00294008e+13
  8.41500000e+00    7.10000000e+00   -2.93053840e+12
  8.41500000e+00    7.15000000e+00   -4.83912612e+12
  8.41500000e+00    7.20000000e+00   -2.53106290e+12
  8.41500000e+00    7.25000000e+00   -4.47072209e+11
  8.41500000e+00    7.30000000e+00    3.60676985e+11
  8.41500000e+00    7.35000000e+00    3.71352993e+11
  8.41500000e+00    7.40000000e+00    1.71720057e+11
  8.41500000e+00    7.45000000e+00    2.98121282e+10
  8.41500000e+00    7.50000000e+00   -2.07024128e+10
  8.41500000e+00    7.55000000e+00   -2.22036634e+10
  8.41500000e+00    7.60000000e+00   -1.13483663e+10
  8.41500000e+00    7.65000000e+00   -3.22679846e+09
  8.41500000e+00    7.70000000e+00    1.72517974e+08
  8.41500000e+00    7.75000000e+00    8.41432862e+08
  8.41500000e+00    7.80000000e+00    5.94074479e+08
  8.41500000e+00    7.85000000e+00    2.70860314e+08
  8.41500000e+00    7.90000000e+00    8.31775427e+07
  8.41500000e+00    7.95000000e+00    8.96591650e+06
  8.41500000e+00    8.00000000e+00   -9.48923439e+06
  8.41500000e+00    8.05000000e+00   -9.07134517e+06
  8.41500000e+00    8.10000000e+00   -5.28464471e+06
  8.41500000e+00    8.15000000e+00   -2.48011204e+06
  8.41500000e+00    8.20000000e+00   -1.01156373e+06
  8.41500000e+00    8.25000000e+00   -3.70595426e+05
  8.41500000e+00    8.30000000e+00   -1.24138208e+05
  8.41500000e+00    8.35000000e+00   -3.84341250e+04
  8.41500000e+00    8.40000000e+00   -1.10775768e+04
  8.41500000e+00    8.45000000e+00   -2.98713033e+03
  8.41500000e+00    8.50000000e+00   -7.56319759e+02
  8.41500000e+00    8.55000000e+00   -1.80279453e+02
  8.41500000e+00    8.60000000e+00   -4.05347971e+01
  8.41500000e+00    8.65000000e+00   -8.60954421e+00
  8.41500000e+00    8.70000000e+00   -1.72925486e+00
  8.41500000e+00    8.75000000e+00   -3.28685905e-01
  8.41500000e+00    8.80000000e+00   -5.91488520e-02
  8.41500000e+00    8.85000000e+00   -1.00798547e-02
  8.41500000e+00    8.90000000e+00   -1.62672994e-03
  8.41500000e+00    8.95000000e+00   -2.48575965e-04
  8.41500000e+00    9.00000000e+00   -3.59532628e-05
  8.41500000e+00    9.05000000e+00   -4.91963168e-06
  8.41500000e+00    9.10000000e+00   -6.36427799e-07
  8.41500000e+00    9.15000000e+00   -7.77717754e-08
  8.41500000e+00    9.20000000e+00   -8.96829492e-09
  8.41500000e+00    9.25000000e+00   -9.74747716e-10
  8.41500000e+00    9.30000000e+00   -9.97157684e-11
  8.41500000e+00    9.35000000e+00   -9.58578058e-12
  8.41500000e+00    9.40000000e+00   -8.64339587e-13
  8.41500000e+00    9.45000000e+00   -7.29494981e-14
  8.41500000e+00    9.50000000e+00   -5.74910447e-15
  8.41500000e+00    9.55000000e+00   -4.21919207e-16
  8.41500000e+00    9.60000000e+00   -2.87441118e-17
  8.41500000e+00    9.65000000e+00   -1.81132190e-18
  8.41500000e+00    9.70000000e+00   -1.05139031e-19
  8.41500000e+00    9.75000000e+00   -5.59441301e-21
  8.41500000e+00    9.80000000e+00   -2.71334922e-22
  8.41500000e+00    9.85000000e+00   -1.19151925e-23
  8.41500000e+00    9.90000000e+00   -4.69938426e-25
  8.41500000e+00    9.95000000e+00   -1.64974900e-26
  8.41500000e+00    1.00000000e+01    0.00000000e+00
