  9.50000000e+00    0.00000000e+00    0.00000000e+00
  9.50000000e+00    5.00000000e-02    9.71135383e+24
  9.50000000e+00    1.00000000e-01    1.40028973e+25
  9.50000000e+00    1.50000000e-01   -2.81739822e+25
  9.50000000e+00    2.00000000e-01   -2.82636220e+25
  9.50000000e+00    2.50000000e-01    4.38413484e+25
  9.50000000e+00    3.00000000e-01    4.28098928e+25
  9.50000000e+00    3.50000000e-01   -5.51293010e+25
  9.50000000e+00    4.00000000e-01   -5.72671111e+25
  9.50000000e+00    4.50000000e-01    6.08580840e+25
  9.50000000e+00    5.00000000e-01    7.07942360e+25
  9.50000000e+00    5.50000000e-01   -6.03815423e+25
  9.50000000e+00    6.00000000e-01   -8.21602875e+25
  9.50000000e+00    6.50000000e-01    5.36773661e+25
  9.50000000e+00    7.00000000e-01    8.99648664e+25
  9.50000000e+00    7.50000000e-01   -4.13812105e+25
  9.50000000e+00    8.00000000e-01   -9.29680267e+25
  9.50000000e+00    8.50000000e-01    2.47482613e+25
  9.50000000e+00    9.00000000e-01    9.04566036e+25
  9.50000000e+00    9.50000000e-01   -5.53187498e+24
  9.50000000e+00    1.00000000e+00   -8.25488402e+25
  9.50000000e+00    1.05000000e+00   -1.42184025e+25
  9.50000000e+00    1.10000000e+00    7.03394620e+25
  9.50000000e+00    1.15000000e+00    3.24187538e+25
  9.50000000e+00    1.20000000e+00   -5.58191797e+25
  9.50000000e+00    1.25000000e+00   -4.72324576e+25
  9.50000000e+00    1.30000000e+00    4.15609485e+25
  9.50000000e+00    1.35000000e+00    5.73162218e+25
  9.50000000e+00    1.40000000e+00   -3.02341092e+25
  9.50000000e+00    1.45000000e+00   -6.19766140e+25
  9.50000000e+00    1.50000000e+00    2.40643031e+25
  9.50000000e+00    1.55000000e+00    6.11993697e+25
  9.50000000e+00    1.60000000e+00   -2.43809319e+25
  9.50000000e+00    1.65000000e+00   -5.55475387e+25
  9.50000000e+00    1.70000000e+00    3.13740022e+25
  9.50000000e+00    1.75000000e+00    4.59629203e+25
  9.50000000e+00    1.80000000e+00   -4.41226964e+25
  9.50000000e+00    1.85000000e+00   -3.35343994e+25
  9.50000000e+00    1.90000000e+00    6.08779082e+25
  9.50000000e+00    1.95000000e+00    1.93039580e+25
  9.50000000e+00    2.00000000e+00   -7.95074564e+25
  9.50000000e+00    2.05000000e+00   -4.16212690e+24
  9.50000000e+00    2.10000000e+00    9.79709521e+25
  9.50000000e+00    2.15000000e+00   -1.11533452e+25
  9.50000000e+00    2.20000000e+00   -1.14694540e+26
  9.50000000e+00    2.25000000e+00    2.59828903e+25
  9.50000000e+00    2.30000000e+00    1.28760075e+26
  9.50000000e+00    2.35000000e+00   -3.96487913e+25
  9.50000000e+00    2.40000000e+00   -1.39889711e+26
  9.50000000e+00    2.45000000e+00    5.13937847e+25
  9.50000000e+00    2.50000000e+00    1.48269844e+26
  9.50000000e+00    2.55000000e+00   -6.03905428e+25
  9.50000000e+00    2.60000000e+00   -1.54296640e+26
  9.50000000e+00    2.65000000e+00    6.58255899e+25
  9.50000000e+00    2.70000000e+00    1.58330508e+26
  9.50000000e+00    2.75000000e+00   -6.70322791e+25
  9.50000000e+00    2.80000000e+00   -1.60524434e+26
  9.50000000e+00    2.85000000e+00    6.36329579e+25
  9.50000000e+00    2.90000000e+00    1.60755952e+26
  9.50000000e+00    2.95000000e+00   -5.56525206e+25
  9.50000000e+00    3.00000000e+00   -1.58660112e+26
  9.50000000e+00    3.05000000e+00    4.35782504e+25
  9.50000000e+00    3.10000000e+00    1.53740152e+26
  9.50000000e+00    3.15000000e+00   -2.83552802e+25
  9.50000000e+00    3.20000000e+00   -1.45524113e+26
  9.50000000e+00    3.25000000e+00    1.13170377e+25
  9.50000000e+00    3.30000000e+00    1.33734294e+26
  9.50000000e+00    3.35000000e+00    5.94472426e+24
  9.50000000e+00    3.40000000e+00   -1.18436765e+26
  9.50000000e+00    3.45000000e+00   -2.17612944e+25
  9.50000000e+00    3.50000000e+00    1.00138790e+26
  9.50000000e+00    3.55000000e+00    3.46029145e+25
  9.50000000e+00    3.60000000e+00   -7.98056398e+25
  9.50000000e+00    3.65000000e+00   -4.33005156e+25
  9.50000000e+00    3.70000000e+00    5.87792849e+25
  9.50000000e+00    3.75000000e+00    4.72329349e+25
  9.50000000e+00    3.80000000e+00   -3.86014580e+25
  9.50000000e+00    3.85000000e+00   -4.64350022e+25
  9.50000000e+00    3.90000000e+00    2.07694056e+25
  9.50000000e+00    3.95000000e+00    4.15910105e+25
  9.50000000e+00    4.00000000e+00   -6.47630623e+24
  9.50000000e+00    4.05000000e+00   -3.39017724e+25
  9.50000000e+00    4.10000000e+00   -3.59976182e+24
  9.50000000e+00    4.15000000e+00    2.48464288e+25
  9.50000000e+00    4.20000000e+00    9.40123307e+24
  9.50000000e+00    4.25000000e+00   -1.58918512e+25
  9.50000000e+00    4.30000000e+00   -1.14599979e+25
  9.50000000e+00    4.35000000e+00    8.22090063e+24
  9.50000000e+00    4.40000000e+00    1.07376652e+25
  9.50000000e+00    4.45000000e+00   -2.54750736e+24
  9.50000000e+00    4.50000000e+00   -8.38314008e+24
  9.50000000e+00    4.55000000e+00   -9.39210647e+23
  9.50000000e+00    4.60000000e+00    5.47729220e+24
  9.50000000e+00    4.65000000e+00    2.49956784e+24
  9.50000000e+00    4.70000000e+00   -2.83457628e+24
  9.50000000e+00    4.75000000e+00   -2.67419832e+24
  9.50000000e+00    4.80000000e+00    9.07787782e+23
  9.50000000e+00    4.85000000e+00    2.08338862e+24
  9.50000000e+00    4.90000000e+00    1.95681408e+23
  9.50000000e+00    4.95000000e+00   -1.25794309e+24
  9.50000000e+00    5.00000000e+00   -6.14364242e+23
  9.50000000e+00    5.05000000e+00    5.43347327e+23
  9.50000000e+00    5.10000000e+00    5.99713206e+23
  9.50000000e+00    5.15000000e+00   -8.62049906e+22
  9.50000000e+00    5.20000000e+00   -3.99023388e+23
  9.50000000e+00    5.25000000e+00   -1.17761416e+23
  9.50000000e+00    5.30000000e+00    1.85424626e+23
  9.50000000e+00    5.35000000e+00    1.50120635e+23
  9.50000000e+00    5.40000000e+00   -4.05966150e+22
  9.50000000e+00    5.45000000e+00   -1.04225553e+23
  9.50000000e+00    5.50000000e+00   -2.47197578e+22
  9.50000000e+00    5.55000000e+00    4.68397386e+22
  9.50000000e+00    5.60000000e+00    3.57103152e+22
  9.50000000e+00    5.65000000e+00   -8.58570722e+21
  9.50000000e+00    5.70000000e+00   -2.34538274e+22
  9.50000000e+00    5.75000000e+00   -6.89107990e+21
  9.50000000e+00    5.80000000e+00    8.97468959e+21
  9.50000000e+00    5.85000000e+00    8.10263676e+21
  9.50000000e+00    5.90000000e+00   -5.16294033e+20
  9.50000000e+00    5.95000000e+00   -4.39920436e+21
  9.50000000e+00    6.00000000e+00   -2.02786749e+21
  9.50000000e+00    6.05000000e+00    1.12534306e+21
  9.50000000e+00    6.10000000e+00    1.59749604e+21
  9.50000000e+00    6.15000000e+00    3.11795739e+20
  9.50000000e+00    6.20000000e+00   -5.98689786e+20
  9.50000000e+00    6.25000000e+00   -4.77281461e+20
  9.50000000e+00    6.30000000e+00    1.59703990e+19
  9.50000000e+00    6.35000000e+00    2.30378833e+20
  9.50000000e+00    6.40000000e+00    1.23299154e+20
  9.50000000e+00    6.45000000e+00   -3.37049131e+19
  9.50000000e+00    6.50000000e+00   -7.46402548e+19
  9.50000000e+00    6.55000000e+00   -2.86884785e+19
  9.50000000e+00    6.60000000e+00    1.56638027e+19
  9.50000000e+00    6.65000000e+00    2.16846261e+19
  9.50000000e+00    6.70000000e+00    6.35196893e+18
  9.50000000e+00    6.75000000e+00   -5.26767880e+18
  9.50000000e+00    6.80000000e+00   -5.85695147e+18
  9.50000000e+00    6.85000000e+00   -1.45236317e+18
  9.50000000e+00    6.90000000e+00    1.46718437e+18
  9.50000000e+00    6.95000000e+00    1.50071508e+18
  9.50000000e+00    7.00000000e+00    3.70506648e+17
  9.50000000e+00    7.05000000e+00   -3.48105254e+17
  9.50000000e+00    7.10000000e+00   -3.66254975e+17
  9.50000000e+00    7.15000000e+00   -1.05328703e+17
  9.50000000e+00    7.20000000e+00    6.83272416e+16
  9.50000000e+00    7.25000000e+00    8.39098396e+16
  9.50000000e+00    7.30000000e+00    3.07611136e+16
  9.50000000e+00    7.35000000e+00   -9.62315540e+15
  9.50000000e+00    7.40000000e+00   -1.74009636e+16
  9.50000000e+00    7.45000000e+00   -8.43807204e+15
  9.50000000e+00    7.50000000e+00    2.42987988e+14
  9.50000000e+00    7.55000000e+00    3.04221269e+15
  9.50000000e+00    7.60000000e+00    2.02776149e+15
  9.50000000e+00    7.65000000e+00    4.07798942e+14
  9.50000000e+00    7.70000000e+00   -3.75850486e+14
  9.50000000e+00    7.75000000e+00   -3.97460411e+14
  9.50000000e+00    7.80000000e+00   -1.63913464e+14
  9.50000000e+00    7.85000000e+00    6.82857891e+12
  9.50000000e+00    7.90000000e+00    5.55151751e+13
  9.50000000e+00    7.95000000e+00    3.82831251e+13
  9.50000000e+00    8.00000000e+00    1.13742525e+13
  9.50000000e+00    8.05000000e+00   -2.92907189e+12
  9.50000000e+00    8.10000000e+00   -5.47971949e+12
  9.50000000e+00    8.15000000e+00   -3.24679138e+12
  9.50000000e+00    8.20000000e+00   -8.89347220e+11
  9.50000000e+00    8.25000000e+00    2.31190653e+11
  9.50000000e+00    8.30000000e+00    4.19033382e+11
  9.50000000e+00    8.35000000e+00    2.57857966e+11
  9.50000000e+00    8.40000000e+00    8.70165359e+10
  9.50000000e+00    8.45000000e+00   -6.15721296e+07
  9.50000000e+00    8.50000000e+00   -2.24103944e+10
  9.50000000e+00    8.55000000e+00   -1.75119795e+10
  9.50000000e+00    8.60000000e+00   -8.19940054e+09
  9.50000000e+00    8.65000000e+00   -2.20058159e+09
  9.50000000e+00    8.70000000e+00    2.22911102e+08
  9.50000000e+00    8.75000000e+00    6.99123982e+08
  9.50000000e+00    8.80000000e+00    5.10460595e+08
  9.50000000e+00    8.85000000e+00    2.52920928e+08
  9.50000000e+00    8.90000000e+00    9.09106631e+07
  9.50000000e+00    8.95000000e+00    1.84552283e+07
  9.50000000e+00    9.00000000e+00   -4.55893029e+06
  9.50000000e+00    9.05000000e+00   -7.69997166e+06
  9.50000000e+00    9.10000000e+00   -5.44118906e+06
  9.50000000e+00    9.15000000e+00   -2.96071183e+06
  9.50000000e+00    9.20000000e+00   -1.38732390e+06
  9.50000000e+00    9.25000000e+00   -5.84310159e+05
  9.50000000e+00    9.30000000e+00   -2.26040415e+05
  9.50000000e+00    9.35000000e+00   -8.13456829e+04
  9.50000000e+00    9.40000000e+00   -2.74584346e+04
  9.50000000e+00    9.45000000e+00   -8.74373835e+03
  9.50000000e+00    9.50000000e+00   -2.63758606e+03
  9.50000000e+00    9.55000000e+00   -7.56073929e+02
  9.50000000e+00    9.60000000e+00   -2.06451931e+02
  9.50000000e+00    9.65000000e+00   -5.38014852e+01
  9.50000000e+00    9.70000000e+00   -1.34012305e+01
  9.50000000e+00    9.75000000e+00   -3.19443391e+00
  9.50000000e+00    9.80000000e+00   -7.29392013e-01
  9.50000000e+00    9.85000000e+00   -1.59662828e-01
  9.50000000e+00    9.90000000e+00   -3.34783116e-02
  9.50000000e+00    9.95000000e+00   -6.99716966e-03
  9.50000000e+00    1.00000000e+01    0.00000000e+00
