  2.50000000e+00    0.00000000e+00    0.00000000e+00
  2.50000000e+00    5.00000000e-02    1.03366201e-02
  2.50000000e+00    1.00000000e-01    2.41805777e-02
  2.50000000e+00    1.50000000e-01   -2.43295802e-02
  2.50000000e+00    2.00000000e-01   -5.46699058e-02
  2.50000000e+00    2.50000000e-01    3.56715883e-02
  2.50000000e+00    3.00000000e-01    7.69312872e-02
  2.50000000e+00    3.50000000e-01   -1.57811677e-02
  2.50000000e+00    4.00000000e-01   -1.16534087e-01
  2.50000000e+00    4.50000000e-01    9.30261612e-04
  2.50000000e+00    5.00000000e-01    1.14778140e-01
  2.50000000e+00    5.50000000e-01    5.93543976e-02
  2.50000000e+00    6.00000000e-01   -1.10136480e-01
  2.50000000e+00    6.50000000e-01   -1.11324877e-01
  2.50000000e+00    7.00000000e-01    7.42851484e-02
  2.50000000e+00    7.50000000e-01    1.25945324e-01
  2.50000000e+00    8.00000000e-01    1.79423203e-02
  2.50000000e+00    8.50000000e-01   -1.29210907e-01
  2.50000000e+00    9.00000000e-01   -9.17014621e-02
  2.50000000e+00    9.50000000e-01    8.77167281e-02
  2.50000000e+00    1.00000000e+00    1.05138431e-01
  2.50000000e+00    1.05000000e+00    1.25824529e-02
  2.50000000e+00    1.10000000e+00   -8.66311360e-02
  2.50000000e+00    1.15000000e+00   -9.65621373e-02
  2.50000000e+00    1.20000000e+00    5.15572274e-02
  2.50000000e+00    1.25000000e+00    9.79463541e-02
  2.50000000e+00    1.30000000e+00    7.83978285e-03
  2.50000000e+00    1.35000000e+00   -3.73407657e-02
  2.50000000e+00    1.40000000e+00   -7.60746239e-02
  2.50000000e+00    1.45000000e+00   -2.92419849e-02
  2.50000000e+00    1.50000000e+00    1.01937152e-01
  2.50000000e+00    1.55000000e+00    6.90881472e-02
  2.50000000e+00    1.60000000e+00   -3.66702207e-02
  2.50000000e+00    1.65000000e+00   -4.70718314e-02
  2.50000000e+00    1.70000000e+00   -7.95087108e-02
  2.50000000e+00    1.75000000e+00   -5.77953360e-02
  2.50000000e+00    1.80000000e+00    9.67147073e-02
  2.50000000e+00    1.85000000e+00    1.27156752e-01
  2.50000000e+00    1.90000000e+00    2.00623316e-02
  2.50000000e+00    1.95000000e+00   -1.93131553e-03
  2.50000000e+00    2.00000000e+00   -3.84745307e-02
  2.50000000e+00    2.05000000e+00   -1.50431909e-01
  2.50000000e+00    2.10000000e+00   -1.03434396e-01
  2.50000000e+00    2.15000000e+00    5.45873860e-02
  2.50000000e+00    2.20000000e+00    6.74487080e-02
  2.50000000e+00    2.25000000e+00    4.20224648e-02
  2.50000000e+00    2.30000000e+00    1.25830234e-01
  2.50000000e+00    2.35000000e+00    1.13229197e-01
  2.50000000e+00    2.40000000e+00   -6.18521095e-02
  2.50000000e+00    2.45000000e+00   -1.34226694e-01
  2.50000000e+00    2.50000000e+00   -7.35317766e-02
  2.50000000e+00    2.55000000e+00   -1.16152896e-01
  2.50000000e+00    2.60000000e+00   -2.14376835e-01
  2.50000000e+00    2.65000000e+00   -1.29595392e-01
  2.50000000e+00    2.70000000e+00    5.56171812e-02
  2.50000000e+00    2.75000000e+00    1.03742607e-01
  2.50000000e+00    2.80000000e+00    9.78664451e-02
  2.50000000e+00    2.85000000e+00    2.56180061e-01
  2.50000000e+00    2.90000000e+00    4.89175376e-01
  2.50000000e+00    2.95000000e+00    5.69063768e-01
  2.50000000e+00    3.00000000e+00    5.52644615e-01
  2.50000000e+00    3.05000000e+00    6.61271335e-01
  2.50000000e+00    3.10000000e+00    8.74021119e-01
  2.50000000e+00    3.15000000e+00    9.70847700e-01
  2.50000000e+00    3.20000000e+00    9.13512901e-01
  2.50000000e+00    3.25000000e+00    8.97398752e-01
  2.50000000e+00    3.30000000e+00    1.02088147e+00
  2.50000000e+00    3.35000000e+00    1.13506769e+00
  2.50000000e+00    3.40000000e+00    1.08716876e+00
  2.50000000e+00    3.45000000e+00    9.48200140e-01
  2.50000000e+00    3.50000000e+00    8.93781887e-01
  2.50000000e+00    3.55000000e+00    9.49275391e-01
  2.50000000e+00    3.60000000e+00    9.68177673e-01
  2.50000000e+00    3.65000000e+00    8.42097741e-01
  2.50000000e+00    3.70000000e+00    6.37798949e-01
  2.50000000e+00    3.75000000e+00    4.99113729e-01
  2.50000000e+00    3.80000000e+00    4.68048981e-01
  2.50000000e+00    3.85000000e+00    4.48409867e-01
  2.50000000e+00    3.90000000e+00    3.30631817e-01
  2.50000000e+00    3.95000000e+00    1.13799810e-01
  2.50000000e+00    4.00000000e+00   -1.04132456e-01
  2.50000000e+00    4.05000000e+00   -2.34527515e-01
  2.50000000e+00    4.10000000e+00   -2.80203139e-01
  2.50000000e+00    4.15000000e+00   -3.18934745e-01
  2.50000000e+00    4.20000000e+00   -4.22788702e-01
  2.50000000e+00    4.25000000e+00   -5.96495913e-01
  2.50000000e+00    4.30000000e+00   -7.82060746e-01
  2.50000000e+00    4.35000000e+00   -9.11445488e-01
  2.50000000e+00    4.40000000e+00   -9.56570358e-01
  2.50000000e+00    4.45000000e+00   -9.41275745e-01
  2.50000000e+00    4.50000000e+00   -9.16354376e-01
  2.50000000e+00    4.55000000e+00   -9.23185168e-01
  2.50000000e+00    4.60000000e+00   -9.71261018e-01
  2.50000000e+00    4.65000000e+00   -1.03883211e+00
  2.50000000e+00    4.70000000e+00   -1.08977515e+00
  2.50000000e+00    4.75000000e+00   -1.09328229e+00
  2.50000000e+00    4.80000000e+00   -1.03606366e+00
  2.50000000e+00    4.85000000e+00   -9.23980315e-01
  2.50000000e+00    4.90000000e+00   -7.75944906e-01
  2.50000000e+00    4.95000000e+00   -6.15163476e-01
  2.50000000e+00    5.00000000e+00   -4.61876387e-01
  2.50000000e+00    5.05000000e+00   -3.29497721e-01
  2.50000000e+00    5.10000000e+00   -2.24032458e-01
  2.50000000e+00    5.15000000e+00   -1.45588755e-01
  2.50000000e+00    5.20000000e+00   -9.06584580e-02
  2.50000000e+00    5.25000000e+00   -5.42178700e-02
  2.50000000e+00    5.30000000e+00   -3.12044112e-02
  2.50000000e+00    5.35000000e+00   -1.73150047e-02
  2.50000000e+00    5.40000000e+00   -9.27845046e-03
  2.50000000e+00    5.45000000e+00   -4.80858788e-03
  2.50000000e+00    5.50000000e+00   -2.41340946e-03
  2.50000000e+00    5.55000000e+00   -1.17447774e-03
  2.50000000e+00    5.60000000e+00   -5.54806429e-04
  2.50000000e+00    5.65000000e+00   -2.54661343e-04
  2.50000000e+00    5.70000000e+00   -1.13688245e-04
  2.50000000e+00    5.75000000e+00   -4.94053126e-05
  2.50000000e+00    5.80000000e+00   -2.09162494e-05
  2.50000000e+00    5.85000000e+00   -8.63311662e-06
  2.50000000e+00    5.90000000e+00   -3.47635642e-06
  2.50000000e+00    5.95000000e+00   -1.36657389e-06
  2.50000000e+00    6.00000000e+00   -5.24753441e-07
  2.50000000e+00    6.05000000e+00   -1.96940827e-07
  2.50000000e+00    6.10000000e+00   -7.22777594e-08
  2.50000000e+00    6.15000000e+00   -2.59524770e-08
  2.50000000e+00    6.20000000e+00   -9.12142455e-09
  2.50000000e+00    6.25000000e+00   -3.13942099e-09
  2.50000000e+00    6.30000000e+00   -1.05857717e-09
  2.50000000e+00    6.35000000e+00   -3.49828483e-10
  2.50000000e+00    6.40000000e+00   -1.13347617e-10
  2.50000000e+00    6.45000000e+00   -3.60206104e-11
  2.50000000e+00    6.50000000e+00   -1.12310565e-11
  2.50000000e+00    6.55000000e+00   -3.43687344e-12
  2.50000000e+00    6.60000000e+00   -1.03256156e-12
  2.50000000e+00    6.65000000e+00   -3.04654764e-13
  2.50000000e+00    6.70000000e+00   -8.83006992e-14
  2.50000000e+00    6.75000000e+00   -2.51480194e-14
  2.50000000e+00    6.80000000e+00   -7.03949255e-15
  2.50000000e+00    6.85000000e+00   -1.93725464e-15
  2.50000000e+00    6.90000000e+00   -5.24258433e-16
  2.50000000e+00    6.95000000e+00   -1.39546524e-16
  2.50000000e+00    7.00000000e+00   -3.65430857e-17
  2.50000000e+00    7.05000000e+00   -9.41668690e-18
  2.50000000e+00    7.10000000e+00   -2.38829790e-18
  2.50000000e+00    7.15000000e+00   -5.96298663e-19
  2.50000000e+00    7.20000000e+00   -1.46591449e-19
  2.50000000e+00    7.25000000e+00   -3.54898783e-20
  2.50000000e+00    7.30000000e+00   -8.46311681e-21
  2.50000000e+00    7.35000000e+00   -1.98821067e-21
  2.50000000e+00    7.40000000e+00   -4.60229580e-22
  2.50000000e+00    7.45000000e+00   -1.04987646e-22
  2.50000000e+00    7.50000000e+00   -2.36060137e-23
  2.50000000e+00    7.55000000e+00   -5.23232862e-24
  2.50000000e+00    7.60000000e+00   -1.14345836e-24
  2.50000000e+00    7.65000000e+00   -2.46411980e-25
  2.50000000e+00    7.70000000e+00   -5.23697736e-26
  2.50000000e+00    7.75000000e+00   -1.09783355e-26
  2.50000000e+00    7.80000000e+00   -2.27031982e-27
  2.50000000e+00    7.85000000e+00   -4.63221286e-28
  2.50000000e+00    7.90000000e+00   -9.32600249e-29
  2.50000000e+00    7.95000000e+00   -1.85293945e-29
  2.50000000e+00    8.00000000e+00   -3.63360158e-30
  2.50000000e+00    8.05000000e+00   -7.03354179e-31
  2.50000000e+00    8.10000000e+00   -1.34406575e-31
  2.50000000e+00    8.15000000e+00   -2.53585456e-32
  2.50000000e+00    8.20000000e+00   -4.72424092e-33
  2.50000000e+00    8.25000000e+00   -8.69138323e-34
  2.50000000e+00    8.30000000e+00   -1.57920711e-34
  2.50000000e+00    8.35000000e+00   -2.83416851e-35
  2.50000000e+00    8.40000000e+00   -5.02447438e-36
  2.50000000e+00    8.45000000e+00   -8.79984399e-37
  2.50000000e+00    8.50000000e+00   -1.52271515e-37
  2.50000000e+00    8.55000000e+00   -2.60351907e-38
  2.50000000e+00    8.60000000e+00   -4.39885217e-39
  2.50000000e+00    8.65000000e+00   -7.34499842e-40
  2.50000000e+00    8.70000000e+00   -1.21214379e-40
  2.50000000e+00    8.75000000e+00   -1.97725279e-41
  2.50000000e+00    8.80000000e+00   -3.18823695e-42
  2.50000000e+00    8.85000000e+00   -5.08221760e-43
  2.50000000e+00    8.90000000e+00   -8.00946238e-44
  2.50000000e+00    8.95000000e+00   -1.24805396e-44
  2.50000000e+00    9.00000000e+00   -1.92298088e-45
  2.50000000e+00    9.05000000e+00   -2.92994326e-46
  2.50000000e+00    9.10000000e+00   -4.41485513e-47
  2.50000000e+00    9.15000000e+00   -6.57925033e-48
  2.50000000e+00    9.20000000e+00   -9.69768659e-49
  2.50000000e+00    9.25000000e+00   -1.41390462e-49
  2.50000000e+00    9.30000000e+00   -2.03920167e-50
  2.50000000e+00    9.35000000e+00   -2.90948155e-51
  2.50000000e+00    9.40000000e+00   -4.10689040e-52
  2.50000000e+00    9.45000000e+00   -5.73559990e-53
  2.50000000e+00    9.50000000e+00   -7.92571466e-54
  2.50000000e+00    9.55000000e+00   -1.08371969e-54
  2.50000000e+00    9.60000000e+00   -1.46635466e-55
  2.50000000e+00    9.65000000e+00   -1.96349006e-56
  2.50000000e+00    9.70000000e+00   -2.60201394e-57
  2.50000000e+00    9.75000000e+00   -3.41275328e-58
  2.50000000e+00    9.80000000e+00   -4.43034127e-59
  2.50000000e+00    9.85000000e+00   -5.69285817e-60
  2.50000000e+00    9.90000000e+00   -7.23933410e-61
  2.50000000e+00    9.95000000e+00   -9.25776893e-62
  2.50000000e+00    1.00000000e+01    0.00000000e+00
