  8.00000000e+00    0.00000000e+00    0.00000000e+00
  8.00000000e+00    5.00000000e-02    1.69045751e-25
  8.00000000e+00    1.00000000e-01   -6.42883980e-25
  8.00000000e+00    1.50000000e-01   -1.53562355e-24
  8.00000000e+00    2.00000000e-01    3.67903779e-24
  8.00000000e+00    2.50000000e-01    7.80227265e-24
  8.00000000e+00    3.00000000e-01   -1.52393157e-23
  8.00000000e+00    3.50000000e-01   -3.33702807e-23
  8.00000000e+00    4.00000000e-01    5.37783244e-23
  8.00000000e+00    4.50000000e-01    1.30575050e-22
  8.00000000e+00    5.00000000e-01   -1.68448126e-22
  8.00000000e+00    5.50000000e-01   -4.80681181e-22
  8.00000000e+00    6.00000000e-01    4.68809186e-22
  8.00000000e+00    6.50000000e-01    1.68186871e-21
  8.00000000e+00    7.00000000e-01   -1.11842753e-21
  8.00000000e+00    7.50000000e-01   -5.60836955e-21
  8.00000000e+00    8.00000000e-01    1.99945429e-21
  8.00000000e+00    8.50000000e-01    1.77984207e-20
  8.00000000e+00    9.00000000e-01   -7.79694652e-22
  8.00000000e+00    9.50000000e-01   -5.35118667e-20
  8.00000000e+00    1.00000000e+00   -1.52302805e-20
  8.00000000e+00    1.05000000e+00    1.51176842e-19
  8.00000000e+00    1.10000000e+00    9.81842189e-20
  8.00000000e+00    1.15000000e+00   -3.95720311e-19
  8.00000000e+00    1.20000000e+00   -4.31669267e-19
  8.00000000e+00    1.25000000e+00    9.35127177e-19
  8.00000000e+00    1.30000000e+00    1.58957972e-18
  8.00000000e+00    1.35000000e+00   -1.88382635e-18
  8.00000000e+00    1.40000000e+00   -5.17604373e-18
  8.00000000e+00    1.45000000e+00    2.69643531e-18
  8.00000000e+00    1.50000000e+00    1.51479805e-17
  8.00000000e+00    1.55000000e+00    2.80748177e-19
  8.00000000e+00    1.60000000e+00   -3.97476709e-17
  8.00000000e+00    1.65000000e+00   -2.13947161e-17
  8.00000000e+00    1.70000000e+00    9.15509410e-17
  8.00000000e+00    1.75000000e+00    1.05166211e-16
  8.00000000e+00    1.80000000e+00   -1.74346458e-16
  8.00000000e+00    1.85000000e+00   -3.66543564e-16
  8.00000000e+00    1.90000000e+00    2.21569767e-16
  8.00000000e+00    1.95000000e+00    1.04726081e-15
  8.00000000e+00    2.00000000e+00    9.85418732e-17
  8.00000000e+00    2.05000000e+00   -2.50926657e-15
  8.00000000e+00    2.10000000e+00   -1.85789918e-15
  8.00000000e+00    2.15000000e+00    4.84932213e-15
  8.00000000e+00    2.20000000e+00    7.72102639e-15
  8.00000000e+00    2.25000000e+00   -6.27898031e-15
  8.00000000e+00    2.30000000e+00   -2.26754004e-14
  8.00000000e+00    2.35000000e+00   -1.36817774e-15
  8.00000000e+00    2.40000000e+00    5.19805860e-14
  8.00000000e+00    2.45000000e+00    4.15437277e-14
  8.00000000e+00    2.50000000e+00   -8.85704420e-14
  8.00000000e+00    2.55000000e+00   -1.62787598e-13
  8.00000000e+00    2.60000000e+00    7.48077346e-14
  8.00000000e+00    2.65000000e+00    4.26768180e-13
  8.00000000e+00    2.70000000e+00    1.75044187e-13
  8.00000000e+00    2.75000000e+00   -8.08269996e-13
  8.00000000e+00    2.80000000e+00   -1.05786274e-12
  8.00000000e+00    2.85000000e+00    8.87267768e-13
  8.00000000e+00    2.90000000e+00    3.07086720e-12
  8.00000000e+00    2.95000000e+00    7.37968098e-13
  8.00000000e+00    3.00000000e+00   -5.97710841e-12
  8.00000000e+00    3.05000000e+00   -6.92244430e-12
  8.00000000e+00    3.10000000e+00    6.46374785e-12
  8.00000000e+00    3.15000000e+00    2.05984667e-11
  8.00000000e+00    3.20000000e+00    5.58822626e-12
  8.00000000e+00    3.25000000e+00   -3.78017078e-11
  8.00000000e+00    3.30000000e+00   -4.77944356e-11
  8.00000000e+00    3.35000000e+00    3.17371764e-11
  8.00000000e+00    3.40000000e+00    1.29306933e-10
  8.00000000e+00    3.45000000e+00    6.39201729e-11
  8.00000000e+00    3.50000000e+00   -1.97834194e-10
  8.00000000e+00    3.55000000e+00   -3.30748707e-10
  8.00000000e+00    3.60000000e+00    5.46744775e-11
  8.00000000e+00    3.65000000e+00    7.15903715e-10
  8.00000000e+00    3.70000000e+00    6.49548366e-10
  8.00000000e+00    3.75000000e+00   -7.12940879e-10
  8.00000000e+00    3.80000000e+00   -2.04313238e-09
  8.00000000e+00    3.85000000e+00   -8.54029699e-10
  8.00000000e+00    3.90000000e+00    3.00125540e-09
  8.00000000e+00    3.95000000e+00    5.00685893e-09
  8.00000000e+00    4.00000000e+00   -5.17269061e-11
  8.00000000e+00    4.05000000e+00   -9.56218066e-09
  8.00000000e+00    4.10000000e+00   -1.09885296e-08
  8.00000000e+00    4.15000000e+00    5.05376533e-09
  8.00000000e+00    4.20000000e+00    2.64679998e-08
  8.00000000e+00    4.25000000e+00    2.23172088e-08
  8.00000000e+00    4.30000000e+00   -2.17513342e-08
  8.00000000e+00    4.35000000e+00   -6.74264420e-08
  8.00000000e+00    4.40000000e+00   -4.36498703e-08
  8.00000000e+00    4.45000000e+00    6.75084127e-08
  8.00000000e+00    4.50000000e+00    1.63443061e-07
  8.00000000e+00    4.55000000e+00    8.71986371e-08
  8.00000000e+00    4.60000000e+00   -1.78241756e-07
  8.00000000e+00    4.65000000e+00   -3.84829354e-07
  8.00000000e+00    4.70000000e+00   -1.90798748e-07
  8.00000000e+00    4.75000000e+00    4.18791758e-07
  8.00000000e+00    4.80000000e+00    8.88415332e-07
  8.00000000e+00    4.85000000e+00    4.73473095e-07
  8.00000000e+00    4.90000000e+00   -8.77515295e-07
  8.00000000e+00    4.95000000e+00   -2.00559414e-06
  8.00000000e+00    5.00000000e+00   -1.28579512e-06
  8.00000000e+00    5.05000000e+00    1.57691781e-06
  8.00000000e+00    5.10000000e+00    4.35885705e-06
  8.00000000e+00    5.15000000e+00    3.55669344e-06
  8.00000000e+00    5.20000000e+00   -2.10346411e-06
  8.00000000e+00    5.25000000e+00   -8.84903410e-06
  8.00000000e+00    5.30000000e+00   -9.41586366e-06
  8.00000000e+00    5.35000000e+00    5.34007041e-07
  8.00000000e+00    5.40000000e+00    1.59093842e-05
  8.00000000e+00    5.45000000e+00    2.27775192e-05
  8.00000000e+00    5.50000000e+00    8.86266128e-06
  8.00000000e+00    5.55000000e+00   -2.25249201e-05
  8.00000000e+00    5.60000000e+00   -4.81012640e-05
  8.00000000e+00    5.65000000e+00   -3.85860706e-05
  8.00000000e+00    5.70000000e+00    1.48612979e-05
  8.00000000e+00    5.75000000e+00    8.23555380e-05
  8.00000000e+00    5.80000000e+00    1.06151915e-04
  8.00000000e+00    5.85000000e+00    4.23334712e-05
  8.00000000e+00    5.90000000e+00   -9.28221642e-05
  8.00000000e+00    5.95000000e+00   -2.11709828e-04
  8.00000000e+00    6.00000000e+00   -2.02455132e-04
  8.00000000e+00    6.05000000e+00   -1.48329261e-05
  8.00000000e+00    6.10000000e+00    2.73370191e-04
  8.00000000e+00    6.15000000e+00    4.70508815e-04
  8.00000000e+00    6.20000000e+00    3.80871177e-04
  8.00000000e+00    6.25000000e+00   -4.50705303e-05
  8.00000000e+00    6.30000000e+00   -6.21597132e-04
  8.00000000e+00    6.35000000e+00   -9.83671800e-04
  8.00000000e+00    6.40000000e+00   -7.88585218e-04
  8.00000000e+00    6.45000000e+00    3.83250088e-05
  8.00000000e+00    6.50000000e+00    1.16966023e-03
  8.00000000e+00    6.55000000e+00    1.96997083e-03
  8.00000000e+00    6.60000000e+00    1.81134013e-03
  8.00000000e+00    6.65000000e+00    4.63738481e-04
  8.00000000e+00    6.70000000e+00   -1.65972134e-03
  8.00000000e+00    6.75000000e+00   -3.57538285e-03
  8.00000000e+00    6.80000000e+00   -4.13861704e-03
  8.00000000e+00    6.85000000e+00   -2.62580290e-03
  8.00000000e+00    6.90000000e+00    7.90850411e-04
  8.00000000e+00    6.95000000e+00    4.93472448e-03
  8.00000000e+00    7.00000000e+00    7.98763062e-03
  8.00000000e+00    7.05000000e+00    8.21252687e-03
  8.00000000e+00    7.10000000e+00    4.74796164e-03
  8.00000000e+00    7.15000000e+00   -1.86677603e-03
  8.00000000e+00    7.20000000e+00   -9.68118234e-03
  8.00000000e+00    7.25000000e+00   -1.58818895e-02
  8.00000000e+00    7.30000000e+00   -1.77242259e-02
  8.00000000e+00    7.35000000e+00   -1.35229467e-02
  8.00000000e+00    7.40000000e+00   -3.35552073e-03
  8.00000000e+00    7.45000000e+00    1.07647602e-02
  8.00000000e+00    7.50000000e+00    2.53056557e-02
  8.00000000e+00    7.55000000e+00    3.60920417e-02
  8.00000000e+00    7.60000000e+00    3.93779627e-02
  8.00000000e+00    7.65000000e+00    3.28144734e-02
  8.00000000e+00    7.70000000e+00    1.60708777e-02
  8.00000000e+00    7.75000000e+00   -9.01301925e-03
  8.00000000e+00    7.80000000e+00   -3.87315404e-02
  8.00000000e+00    7.85000000e+00   -6.81564006e-02
  8.00000000e+00    7.90000000e+00   -9.19458438e-02
  8.00000000e+00    7.95000000e+00   -1.05144346e-01
  8.00000000e+00    8.00000000e+00   -1.03831932e-01
  8.00000000e+00    8.05000000e+00   -8.55350754e-02
  8.00000000e+00    8.10000000e+00   -4.93694932e-02
  8.00000000e+00    8.15000000e+00    4.05905992e-03
  8.00000000e+00    8.20000000e+00    7.29246424e-02
  8.00000000e+00    8.25000000e+00    1.54526593e-01
  8.00000000e+00    8.30000000e+00    2.45623082e-01
  8.00000000e+00    8.35000000e+00    3.42702261e-01
  8.00000000e+00    8.40000000e+00    4.42188960e-01
  8.00000000e+00    8.45000000e+00    5.40617225e-01
  8.00000000e+00    8.50000000e+00    6.34795518e-01
  8.00000000e+00    8.55000000e+00    7.21957003e-01
  8.00000000e+00    8.60000000e+00    7.99851100e-01
  8.00000000e+00    8.65000000e+00    8.66729281e-01
  8.00000000e+00    8.70000000e+00    9.21221322e-01
  8.00000000e+00    8.75000000e+00    9.62165233e-01
  8.00000000e+00    8.80000000e+00    9.88497505e-01
  8.00000000e+00    8.85000000e+00    9.99289975e-01
  8.00000000e+00    8.90000000e+00    9.93934806e-01
  8.00000000e+00    8.95000000e+00    9.72375609e-01
  8.00000000e+00    9.00000000e+00    9.35228024e-01
  8.00000000e+00    9.05000000e+00    8.83672331e-01
  8.00000000e+00    9.10000000e+00    8.19123533e-01
  8.00000000e+00    9.15000000e+00    7.42824893e-01
  8.00000000e+00    9.20000000e+00    6.55584305e-01
  8.00000000e+00    9.25000000e+00    5.57825976e-01
  8.00000000e+00    9.30000000e+00    4.49976755e-01
  8.00000000e+00    9.35000000e+00    3.33022186e-01
  8.00000000e+00    9.40000000e+00    2.08955627e-01
  8.00000000e+00    9.45000000e+00    8.08517136e-02
  8.00000000e+00    9.50000000e+00   -4.75017353e-02
  8.00000000e+00    9.55000000e+00   -1.72449495e-01
  8.00000000e+00    9.60000000e+00   -2.90956461e-01
  8.00000000e+00    9.65000000e+00   -4.02370188e-01
  8.00000000e+00    9.70000000e+00   -5.04267079e-01
  8.00000000e+00    9.75000000e+00   -6.06139243e-01
  8.00000000e+00    9.80000000e+00   -6.81624894e-01
  8.00000000e+00    9.85000000e+00   -8.18141898e-01
  8.00000000e+00    9.90000000e+00   -7.44673402e-01
  8.00000000e+00    9.95000000e+00   -1.27110254e+00
  8.00000000e+00    1.00000000e+01    0.00000000e+00
