  5.00000000e-01    0.00000000e+00    0.00000000e+00
  5.00000000e-01    5.00000000e-02    3.38275407e-05
  5.00000000e-01    1.00000000e-01    9.18028400e-06
  5.00000000e-01    1.50000000e-01   -2.21788601e-04
  5.00000000e-01    2.00000000e-01   -1.76954442e-05
  5.00000000e-01    2.50000000e-01    7.17093105e-04
  5.00000000e-01    3.00000000e-01   -9.24071889e-05
  5.00000000e-01    3.50000000e-01   -2.47473432e-03
  5.00000000e-01    4.00000000e-01   -1.07257798e-03
  5.00000000e-01    4.50000000e-01    6.19137513e-03
  5.00000000e-01    5.00000000e-01    9.30710830e-03
  5.00000000e-01    5.50000000e-01   -3.53899411e-03
  5.00000000e-01    6.00000000e-01   -2.71003375e-02
  5.00000000e-01    6.50000000e-01   -3.82374742e-02
  5.00000000e-01    7.00000000e-01   -1.46198110e-02
  5.00000000e-01    7.50000000e-01    4.96218298e-02
  5.00000000e-01    8.00000000e-01    1.44806924e-01
  5.00000000e-01    8.50000000e-01    2.56114083e-01
  5.00000000e-01    9.00000000e-01    3.71600902e-01
  5.00000000e-01    9.50000000e-01    4.84099874e-01
  5.00000000e-01    1.00000000e+00    5.89752746e-01
  5.00000000e-01    1.05000000e+00    6.86273619e-01
  5.00000000e-01    1.10000000e+00    7.71999211e-01
  5.00000000e-01    1.15000000e+00    8.45553275e-01
  5.00000000e-01    1.20000000e+00    9.05772744e-01
  5.00000000e-01    1.25000000e+00    9.51707651e-01
  5.00000000e-01    1.30000000e+00    9.82633560e-01
  5.00000000e-01    1.35000000e+00    9.98062750e-01
  5.00000000e-01    1.40000000e+00    9.97751896e-01
  5.00000000e-01    1.45000000e+00    9.81705897e-01
  5.00000000e-01    1.50000000e+00    9.50177810e-01
  5.00000000e-01    1.55000000e+00    9.03664852e-01
  5.00000000e-01    1.60000000e+00    8.42900559e-01
  5.00000000e-01    1.65000000e+00    7.68843221e-01
  5.00000000e-01    1.70000000e+00    6.82660765e-01
  5.00000000e-01    1.75000000e+00    5.85712342e-01
  5.00000000e-01    1.80000000e+00    4.79526885e-01
  5.00000000e-01    1.85000000e+00    3.65779003e-01
  5.00000000e-01    1.90000000e+00    2.46262567e-01
  5.00000000e-01    1.95000000e+00    1.22862424e-01
  5.00000000e-01    2.00000000e+00   -2.47533331e-03
  5.00000000e-01    2.05000000e+00   -1.27774053e-01
  5.00000000e-01    2.10000000e+00   -2.51057700e-01
  5.00000000e-01    2.15000000e+00   -3.70382015e-01
  5.00000000e-01    2.20000000e+00   -4.83865200e-01
  5.00000000e-01    2.25000000e+00   -5.89717438e-01
  5.00000000e-01    2.30000000e+00   -6.86270016e-01
  5.00000000e-01    2.35000000e+00   -7.71997655e-01
  5.00000000e-01    2.40000000e+00   -8.45555634e-01
  5.00000000e-01    2.45000000e+00   -9.05773211e-01
  5.00000000e-01    2.50000000e+00   -9.51691428e-01
  5.00000000e-01    2.55000000e+00   -9.82665984e-01
  5.00000000e-01    2.60000000e+00   -9.98093311e-01
  5.00000000e-01    2.65000000e+00   -9.97563572e-01
  5.00000000e-01    2.70000000e+00   -9.81718198e-01
  5.00000000e-01    2.75000000e+00   -9.50913839e-01
  5.00000000e-01    2.80000000e+00   -9.03581435e-01
  5.00000000e-01    2.85000000e+00   -8.40429120e-01
  5.00000000e-01    2.90000000e+00   -7.67771583e-01
  5.00000000e-01    2.95000000e+00   -6.88852348e-01
  5.00000000e-01    3.00000000e+00   -5.95019485e-01
  5.00000000e-01    3.05000000e+00   -4.75987895e-01
  5.00000000e-01    3.10000000e+00   -3.38678666e-01
  5.00000000e-01    3.15000000e+00   -2.08025093e-01
  5.00000000e-01    3.20000000e+00   -1.08242613e-01
  5.00000000e-01    3.25000000e+00   -4.71464965e-02
  5.00000000e-01    3.30000000e+00   -1.70328708e-02
  5.00000000e-01    3.35000000e+00   -5.05638375e-03
  5.00000000e-01    3.40000000e+00   -1.21888572e-03
  5.00000000e-01    3.45000000e+00   -2.34686478e-04
  5.00000000e-01    3.50000000e+00   -3.52306768e-05
  5.00000000e-01    3.55000000e+00   -3.97345414e-06
  5.00000000e-01    3.60000000e+00   -3.16745644e-07
  5.00000000e-01    3.65000000e+00   -1.59139425e-08
  5.00000000e-01    3.70000000e+00   -3.79045722e-10
  5.00000000e-01    3.75000000e+00   -7.40740690e-25
  5.00000000e-01    3.80000000e+00    0.00000000e+00
  5.00000000e-01    3.85000000e+00    0.00000000e+00
  5.00000000e-01    3.90000000e+00    0.00000000e+00
  5.00000000e-01    3.95000000e+00    0.00000000e+00
  5.00000000e-01    4.00000000e+00    0.00000000e+00
  5.00000000e-01    4.05000000e+00    0.00000000e+00
  5.00000000e-01    4.10000000e+00    0.00000000e+00
  5.00000000e-01    4.15000000e+00    0.00000000e+00
  5.00000000e-01    4.20000000e+00    0.00000000e+00
  5.00000000e-01    4.25000000e+00    0.00000000e+00
  5.00000000e-01    4.30000000e+00    0.00000000e+00
  5.00000000e-01    4.35000000e+00    0.00000000e+00
  5.00000000e-01    4.40000000e+00    0.00000000e+00
  5.00000000e-01    4.45000000e+00    0.00000000e+00
  5.00000000e-01    4.50000000e+00    0.00000000e+00
  5.00000000e-01    4.55000000e+00    0.00000000e+00
  5.00000000e-01    4.60000000e+00    0.00000000e+00
  5.00000000e-01    4.65000000e+00    0.00000000e+00
  5.00000000e-01    4.70000000e+00    0.00000000e+00
  5.00000000e-01    4.75000000e+00    0.00000000e+00
  5.00000000e-01    4.80000000e+00    0.00000000e+00
  5.00000000e-01    4.85000000e+00    0.00000000e+00
  5.00000000e-01    4.90000000e+00    0.00000000e+00
  5.00000000e-01    4.95000000e+00    0.00000000e+00
  5.00000000e-01    5.00000000e+00    0.00000000e+00
  5.00000000e-01    5.05000000e+00    0.00000000e+00
  5.00000000e-01    5.10000000e+00    0.00000000e+00
  5.00000000e-01    5.15000000e+00    0.00000000e+00
  5.00000000e-01    5.20000000e+00    0.00000000e+00
  5.00000000e-01    5.25000000e+00    0.00000000e+00
  5.00000000e-01    5.30000000e+00    0.00000000e+00
  5.00000000e-01    5.35000000e+00    0.00000000e+00
  5.00000000e-01    5.40000000e+00    0.00000000e+00
  5.00000000e-01    5.45000000e+00    0.00000000e+00
  5.00000000e-01    5.50000000e+00    0.00000000e+00
  5.00000000e-01    5.55000000e+00    0.00000000e+00
  5.00000000e-01    5.60000000e+00    0.00000000e+00
  5.00000000e-01    5.65000000e+00    0.00000000e+00
  5.00000000e-01    5.70000000e+00    0.00000000e+00
  5.00000000e-01    5.75000000e+00    0.00000000e+00
  5.00000000e-01    5.80000000e+00    0.00000000e+00
  5.00000000e-01    5.85000000e+00    0.00000000e+00
  5.00000000e-01    5.90000000e+00    0.00000000e+00
  5.00000000e-01    5.95000000e+00    0.00000000e+00
  5.00000000e-01    6.00000000e+00    0.00000000e+00
  5.00000000e-01    6.05000000e+00    0.00000000e+00
  5.00000000e-01    6.10000000e+00    0.00000000e+00
  5.00000000e-01    6.15000000e+00    0.00000000e+00
  5.00000000e-01    6.20000000e+00    0.00000000e+00
  5.00000000e-01    6.25000000e+00    0.00000000e+00
  5.00000000e-01    6.30000000e+00    0.00000000e+00
  5.00000000e-01    6.35000000e+00    0.00000000e+00
  5.00000000e-01    6.40000000e+00    0.00000000e+00
  5.00000000e-01    6.45000000e+00    0.00000000e+00
  5.00000000e-01    6.50000000e+00    0.00000000e+00
  5.00000000e-01    6.55000000e+00    0.00000000e+00
  5.00000000e-01    6.60000000e+00    0.00000000e+00
  5.00000000e-01    6.65000000e+00    0.00000000e+00
  5.00000000e-01    6.70000000e+00    0.00000000e+00
  5.00000000e-01    6.75000000e+00    0.00000000e+00
  5.00000000e-01    6.80000000e+00    0.00000000e+00
  5.00000000e-01    6.85000000e+00    0.00000000e+00
  5.00000000e-01    6.90000000e+00    0.00000000e+00
  5.00000000e-01    6.95000000e+00    0.00000000e+00
  5.00000000e-01    7.00000000e+00    0.00000000e+00
  5.00000000e-01    7.05000000e+00    0.00000000e+00
  5.00000000e-01    7.10000000e+00    0.00000000e+00
  5.00000000e-01    7.15000000e+00    0.00000000e+00
  5.00000000e-01    7.20000000e+00    0.00000000e+00
  5.00000000e-01    7.25000000e+00    0.00000000e+00
  5.00000000e-01    7.30000000e+00    0.00000000e+00
  5.00000000e-01    7.35000000e+00    0.00000000e+00
  5.00000000e-01    7.40000000e+00    0.00000000e+00
  5.00000000e-01    7.45000000e+00    0.00000000e+00
  5.00000000e-01    7.50000000e+00    0.00000000e+00
  5.00000000e-01    7.55000000e+00    0.00000000e+00
  5.00000000e-01    7.60000000e+00    0.00000000e+00
  5.00000000e-01    7.65000000e+00    0.00000000e+00
  5.00000000e-01    7.70000000e+00    0.00000000e+00
  5.00000000e-01    7.75000000e+00    0.00000000e+00
  5.00000000e-01    7.80000000e+00    0.00000000e+00
  5.00000000e-01    7.85000000e+00    0.00000000e+00
  5.00000000e-01    7.90000000e+00    0.00000000e+00
  5.00000000e-01    7.95000000e+00    0.00000000e+00
  5.00000000e-01    8.00000000e+00    0.00000000e+00
  5.00000000e-01    8.05000000e+00    0.00000000e+00
  5.00000000e-01    8.10000000e+00    0.00000000e+00
  5.00000000e-01    8.15000000e+00    0.00000000e+00
  5.00000000e-01    8.20000000e+00    0.00000000e+00
  5.00000000e-01    8.25000000e+00    0.00000000e+00
  5.00000000e-01    8.30000000e+00    0.00000000e+00
  5.00000000e-01    8.35000000e+00    0.00000000e+00
  5.00000000e-01    8.40000000e+00    0.00000000e+00
  5.00000000e-01    8.45000000e+00    0.00000000e+00
  5.00000000e-01    8.50000000e+00    0.00000000e+00
  5.00000000e-01    8.55000000e+00    0.00000000e+00
  5.00000000e-01    8.60000000e+00    0.00000000e+00
  5.00000000e-01    8.65000000e+00    0.00000000e+00
  5.00000000e-01    8.70000000e+00    0.00000000e+00
  5.00000000e-01    8.75000000e+00    0.00000000e+00
  5.00000000e-01    8.80000000e+00    0.00000000e+00
  5.00000000e-01    8.85000000e+00    0.00000000e+00
  5.00000000e-01    8.90000000e+00    0.00000000e+00
  5.00000000e-01    8.95000000e+00    0.00000000e+00
  5.00000000e-01    9.00000000e+00    0.00000000e+00
  5.00000000e-01    9.05000000e+00    0.00000000e+00
  5.00000000e-01    9.10000000e+00    0.00000000e+00
  5.00000000e-01    9.15000000e+00    0.00000000e+00
  5.00000000e-01    9.20000000e+00    0.00000000e+00
  5.00000000e-01    9.25000000e+00    0.00000000e+00
  5.00000000e-01    9.30000000e+00    0.00000000e+00
  5.00000000e-01    9.35000000e+00    0.00000000e+00
  5.00000000e-01    9.40000000e+00    0.00000000e+00
  5.00000000e-01    9.45000000e+00    0.00000000e+00
  5.00000000e-01    9.50000000e+00    0.00000000e+00
  5.00000000e-01    9.55000000e+00    0.00000000e+00
  5.00000000e-01    9.60000000e+00    0.00000000e+00
  5.00000000e-01    9.65000000e+00    0.00000000e+00
  5.00000000e-01    9.70000000e+00    0.00000000e+00
  5.00000000e-01    9.75000000e+00    0.00000000e+00
  5.00000000e-01    9.80000000e+00    0.00000000e+00
  5.00000000e-01    9.85000000e+00    0.00000000e+00
  5.00000000e-01    9.90000000e+00    0.00000000e+00
  5.00000000e-01    9.95000000e+00    0.00000000e+00
  5.00000000e-01    1.00000000e+01    0.00000000e+00
