  5.85000000e+00    0.00000000e+00    0.00000000e+00
  5.85000000e+00    5.00000000e-02    6.45057238e+32
  5.85000000e+00    1.00000000e-01   -2.80533466e+33
  5.85000000e+00    1.50000000e-01    8.98117142e+33
  5.85000000e+00    2.00000000e-01   -2.50847085e+34
  5.85000000e+00    2.50000000e-01    6.44627103e+34
  5.85000000e+00    3.00000000e-01   -1.56061515e+35
  5.85000000e+00    3.50000000e-01    3.60431216e+35
  5.85000000e+00    4.00000000e-01   -8.00052479e+35
  5.85000000e+00    4.50000000e-01    1.71491979e+36
  5.85000000e+00    5.00000000e-01   -3.56107727e+36
  5.85000000e+00    5.50000000e-01    7.17950972e+36
  5.85000000e+00    6.00000000e-01   -1.40758039e+37
  5.85000000e+00    6.50000000e-01    2.68669596e+37
  5.85000000e+00    7.00000000e-01   -4.99689258e+37
  5.85000000e+00    7.50000000e-01    9.06129611e+37
  5.85000000e+00    8.00000000e-01   -1.60283869e+38
  5.85000000e+00    8.50000000e-01    2.76658237e+38
  5.85000000e+00    9.00000000e-01   -4.66072735e+38
  5.85000000e+00    9.50000000e-01    7.66457131e+38
  5.85000000e+00    1.00000000e+00   -1.23051304e+39
  5.85000000e+00    1.05000000e+00    1.92870634e+39
  5.85000000e+00    1.10000000e+00   -2.95138512e+39
  5.85000000e+00    1.15000000e+00    4.40907760e+39
  5.85000000e+00    1.20000000e+00   -6.42983618e+39
  5.85000000e+00    1.25000000e+00    9.15246990e+39
  5.85000000e+00    1.30000000e+00   -1.27147507e+40
  5.85000000e+00    1.35000000e+00    1.72362736e+40
  5.85000000e+00    1.40000000e+00   -2.27966166e+40
  5.85000000e+00    1.45000000e+00    2.94107142e+40
  5.85000000e+00    1.50000000e+00   -3.70047164e+40
  5.85000000e+00    1.55000000e+00    4.53967559e+40
  5.85000000e+00    1.60000000e+00   -5.42875800e+40
  5.85000000e+00    1.65000000e+00    6.32655899e+40
  5.85000000e+00    1.70000000e+00   -7.18292338e+40
  5.85000000e+00    1.75000000e+00    7.94270038e+40
  5.85000000e+00    1.80000000e+00   -8.55118553e+40
  5.85000000e+00    1.85000000e+00    8.96034074e+40
  5.85000000e+00    1.90000000e+00   -9.13486491e+40
  5.85000000e+00    1.95000000e+00    9.05708722e+40
  5.85000000e+00    2.00000000e+00   -8.72976807e+40
  5.85000000e+00    2.05000000e+00    8.17621697e+40
  5.85000000e+00    2.10000000e+00   -7.43761465e+40
  5.85000000e+00    2.15000000e+00    6.56795160e+40
  5.85000000e+00    2.20000000e+00   -5.62744449e+40
  5.85000000e+00    2.25000000e+00    4.67555413e+40
  5.85000000e+00    2.30000000e+00   -3.76474566e+40
  5.85000000e+00    2.35000000e+00    2.93590675e+40
  5.85000000e+00    2.40000000e+00   -2.21594131e+40
  5.85000000e+00    2.45000000e+00    1.61759339e+40
  5.85000000e+00    2.50000000e+00   -1.14114290e+40
  5.85000000e+00    2.55000000e+00    7.77340896e+39
  5.85000000e+00    2.60000000e+00   -5.10857491e+39
  5.85000000e+00    2.65000000e+00    3.23588598e+39
  5.85000000e+00    2.70000000e+00   -1.97356264e+39
  5.85000000e+00    2.75000000e+00    1.15771926e+39
  5.85000000e+00    2.80000000e+00   -6.52475394e+38
  5.85000000e+00    2.85000000e+00    3.52933875e+38
  5.85000000e+00    2.90000000e+00   -1.83179249e+38
  5.85000000e+00    2.95000000e+00    9.15277062e+37
  5.85000000e+00    3.00000000e+00   -4.48740009e+37
  5.85000000e+00    3.05000000e+00    2.33918019e+37
  5.85000000e+00    3.10000000e+00   -1.62635786e+37
  5.85000000e+00    3.15000000e+00    1.86707467e+37
  5.85000000e+00    3.20000000e+00   -3.00055876e+37
  5.85000000e+00    3.25000000e+00    5.31533427e+37
  5.85000000e+00    3.30000000e+00   -9.46853138e+37
  5.85000000e+00    3.35000000e+00    1.65845166e+38
  5.85000000e+00    3.40000000e+00   -2.84252295e+38
  5.85000000e+00    3.45000000e+00    4.76251992e+38
  5.85000000e+00    3.50000000e+00   -7.79788315e+38
  5.85000000e+00    3.55000000e+00    1.24754989e+39
  5.85000000e+00    3.60000000e+00   -1.94994258e+39
  5.85000000e+00    3.65000000e+00    2.97719609e+39
  5.85000000e+00    3.70000000e+00   -4.43965848e+39
  5.85000000e+00    3.75000000e+00    6.46514563e+39
  5.85000000e+00    3.80000000e+00   -9.19218879e+39
  5.85000000e+00    3.85000000e+00    1.27582649e+40
  5.85000000e+00    3.90000000e+00   -1.72826873e+40
  5.85000000e+00    3.95000000e+00    2.28447992e+40
  5.85000000e+00    4.00000000e+00   -2.94593771e+40
  5.85000000e+00    4.05000000e+00    3.70525131e+40
  5.85000000e+00    4.10000000e+00   -4.54423917e+40
  5.85000000e+00    4.15000000e+00    5.43299178e+40
  5.85000000e+00    4.20000000e+00   -6.33037368e+40
  5.85000000e+00    4.25000000e+00    7.18625980e+40
  5.85000000e+00    4.30000000e+00   -7.94553152e+40
  5.85000000e+00    4.35000000e+00    8.55351500e+40
  5.85000000e+00    4.40000000e+00   -8.96219813e+40
  5.85000000e+00    4.45000000e+00    9.13629915e+40
  5.85000000e+00    4.50000000e+00   -9.05815904e+40
  5.85000000e+00    4.55000000e+00    8.73054267e+40
  5.85000000e+00    4.60000000e+00   -8.17675794e+40
  5.85000000e+00    4.65000000e+00    7.43797941e+40
  5.85000000e+00    4.70000000e+00   -6.56818887e+40
  5.85000000e+00    4.75000000e+00    5.62759324e+40
  5.85000000e+00    4.80000000e+00   -4.67564391e+40
  5.85000000e+00    4.85000000e+00    3.76479777e+40
  5.85000000e+00    4.90000000e+00   -2.93593580e+40
  5.85000000e+00    4.95000000e+00    2.21595684e+40
  5.85000000e+00    5.00000000e+00   -1.61760133e+40
  5.85000000e+00    5.05000000e+00    1.14114675e+40
  5.85000000e+00    5.10000000e+00   -7.77342585e+39
  5.85000000e+00    5.15000000e+00    5.10857965e+39
  5.85000000e+00    5.20000000e+00   -3.23588125e+39
  5.85000000e+00    5.25000000e+00    1.97354480e+39
  5.85000000e+00    5.30000000e+00   -1.15767562e+39
  5.85000000e+00    5.35000000e+00    6.52376381e+38
  5.85000000e+00    5.40000000e+00   -3.52716073e+38
  5.85000000e+00    5.45000000e+00    1.82711363e+38
  5.85000000e+00    5.50000000e+00   -9.05449904e+37
  5.85000000e+00    5.55000000e+00    4.28556559e+37
  5.85000000e+00    5.60000000e+00   -1.93382041e+37
  5.85000000e+00    5.65000000e+00    8.30293509e+36
  5.85000000e+00    5.70000000e+00   -3.38462484e+36
  5.85000000e+00    5.75000000e+00    1.30679630e+36
  5.85000000e+00    5.80000000e+00   -4.76608303e+35
  5.85000000e+00    5.85000000e+00    1.63708874e+35
  5.85000000e+00    5.90000000e+00   -5.27810421e+34
  5.85000000e+00    5.95000000e+00    1.59119413e+34
  5.85000000e+00    6.00000000e+00   -4.46599370e+33
  5.85000000e+00    6.05000000e+00    1.16114581e+33
  5.85000000e+00    6.10000000e+00   -2.78033997e+32
  5.85000000e+00    6.15000000e+00    6.08936642e+31
  5.85000000e+00    6.20000000e+00   -1.20991029e+31
  5.85000000e+00    6.25000000e+00    2.15936072e+30
  5.85000000e+00    6.30000000e+00   -3.41934664e+29
  5.85000000e+00    6.35000000e+00    4.72953778e+28
  5.85000000e+00    6.40000000e+00   -5.59821396e+27
  5.85000000e+00    6.45000000e+00    5.51384918e+26
  5.85000000e+00    6.50000000e+00   -4.33871833e+25
  5.85000000e+00    6.55000000e+00    2.55739327e+24
  5.85000000e+00    6.60000000e+00   -1.00385133e+23
  5.85000000e+00    6.65000000e+00    1.96833593e+21
  5.85000000e+00    6.70000000e+00    0.00000000e+00
  5.85000000e+00    6.75000000e+00    0.00000000e+00
  5.85000000e+00    6.80000000e+00    0.00000000e+00
  5.85000000e+00    6.85000000e+00    0.00000000e+00
  5.85000000e+00    6.90000000e+00    0.00000000e+00
  5.85000000e+00    6.95000000e+00    0.00000000e+00
  5.85000000e+00    7.00000000e+00    0.00000000e+00
  5.85000000e+00    7.05000000e+00    0.00000000e+00
  5.85000000e+00    7.10000000e+00    0.00000000e+00
  5.85000000e+00    7.15000000e+00    0.00000000e+00
  5.85000000e+00    7.20000000e+00    0.00000000e+00
  5.85000000e+00    7.25000000e+00    0.00000000e+00
  5.85000000e+00    7.30000000e+00    0.00000000e+00
  5.85000000e+00    7.35000000e+00    0.00000000e+00
  5.85000000e+00    7.40000000e+00    0.00000000e+00
  5.85000000e+00    7.45000000e+00    0.00000000e+00
  5.85000000e+00    7.50000000e+00    0.00000000e+00
  5.85000000e+00    7.55000000e+00    0.00000000e+00
  5.85000000e+00    7.60000000e+00    0.00000000e+00
  5.85000000e+00    7.65000000e+00    0.00000000e+00
  5.85000000e+00    7.70000000e+00    0.00000000e+00
  5.85000000e+00    7.75000000e+00    0.00000000e+00
  5.85000000e+00    7.80000000e+00    0.00000000e+00
  5.85000000e+00    7.85000000e+00    0.00000000e+00
  5.85000000e+00    7.90000000e+00    0.00000000e+00
  5.85000000e+00    7.95000000e+00    0.00000000e+00
  5.85000000e+00    8.00000000e+00    0.00000000e+00
  5.85000000e+00    8.05000000e+00    0.00000000e+00
  5.85000000e+00    8.10000000e+00    0.00000000e+00
  5.85000000e+00    8.15000000e+00    0.00000000e+00
  5.85000000e+00    8.20000000e+00    0.00000000e+00
  5.85000000e+00    8.25000000e+00    0.00000000e+00
  5.85000000e+00    8.30000000e+00    0.00000000e+00
  5.85000000e+00    8.35000000e+00    0.00000000e+00
  5.85000000e+00    8.40000000e+00    0.00000000e+00
  5.85000000e+00    8.45000000e+00    0.00000000e+00
  5.85000000e+00    8.50000000e+00    0.00000000e+00
  5.85000000e+00    8.55000000e+00    0.00000000e+00
  5.85000000e+00    8.60000000e+00    0.00000000e+00
  5.85000000e+00    8.65000000e+00    0.00000000e+00
  5.85000000e+00    8.70000000e+00    0.00000000e+00
  5.85000000e+00    8.75000000e+00    0.00000000e+00
  5.85000000e+00    8.80000000e+00    0.00000000e+00
  5.85000000e+00    8.85000000e+00    0.00000000e+00
  5.85000000e+00    8.90000000e+00    0.00000000e+00
  5.85000000e+00    8.95000000e+00    0.00000000e+00
  5.85000000e+00    9.00000000e+00    0.00000000e+00
  5.85000000e+00    9.05000000e+00    0.00000000e+00
  5.85000000e+00    9.10000000e+00    0.00000000e+00
  5.85000000e+00    9.15000000e+00    0.00000000e+00
  5.85000000e+00    9.20000000e+00    0.00000000e+00
  5.85000000e+00    9.25000000e+00    0.00000000e+00
  5.85000000e+00    9.30000000e+00    0.00000000e+00
  5.85000000e+00    9.35000000e+00    0.00000000e+00
  5.85000000e+00    9.40000000e+00    0.00000000e+00
  5.85000000e+00    9.45000000e+00    0.00000000e+00
  5.85000000e+00    9.50000000e+00    0.00000000e+00
  5.85000000e+00    9.55000000e+00    0.00000000e+00
  5.85000000e+00    9.60000000e+00    0.00000000e+00
  5.85000000e+00    9.65000000e+00    0.00000000e+00
  5.85000000e+00    9.70000000e+00    0.00000000e+00
  5.85000000e+00    9.75000000e+00    0.00000000e+00
  5.85000000e+00    9.80000000e+00    0.00000000e+00
  5.85000000e+00    9.85000000e+00    0.00000000e+00
  5.85000000e+00    9.90000000e+00    0.00000000e+00
  5.85000000e+00    9.95000000e+00    0.00000000e+00
  5.85000000e+00    1.00000000e+01    0.00000000e+00
