  3.50000000e+00    0.00000000e+00    0.00000000e+00
  3.50000000e+00    5.00000000e-02    2.17431979e-13
  3.50000000e+00    1.00000000e-01    8.38090158e-13
  3.50000000e+00    1.50000000e-01    1.91310230e-12
  3.50000000e+00    2.00000000e-01    4.85762384e-12
  3.50000000e+00    2.50000000e-01    9.14201979e-12
  3.50000000e+00    3.00000000e-01    2.06344393e-11
  3.50000000e+00    3.50000000e-01    3.58728730e-11
  3.50000000e+00    4.00000000e-01    7.61313007e-11
  3.50000000e+00    4.50000000e-01    1.26361995e-10
  3.50000000e+00    5.00000000e-01    2.57295249e-10
  3.50000000e+00    5.50000000e-01    4.13563453e-10
  3.50000000e+00    6.00000000e-01    8.15574059e-10
  3.50000000e+00    6.50000000e-01    1.27905489e-09
  3.50000000e+00    7.00000000e-01    2.45533690e-09
  3.50000000e+00    7.50000000e-01    3.77396446e-09
  3.50000000e+00    8.00000000e-01    7.07305561e-09
  3.50000000e+00    8.50000000e-01    1.06860524e-08
  3.50000000e+00    9.00000000e-01    1.95890814e-08
  3.50000000e+00    9.50000000e-01    2.91484827e-08
  3.50000000e+00    1.00000000e+00    5.23261933e-08
  3.50000000e+00    1.05000000e+00    7.67952006e-08
  3.50000000e+00    1.10000000e+00    1.35111171e-07
  3.50000000e+00    1.15000000e+00    1.95783517e-07
  3.50000000e+00    1.20000000e+00    3.37774312e-07
  3.50000000e+00    1.25000000e+00    4.83640584e-07
  3.50000000e+00    1.30000000e+00    8.18532411e-07
  3.50000000e+00    1.35000000e+00    1.15877702e-06
  3.50000000e+00    1.40000000e+00    1.92441698e-06
  3.50000000e+00    1.45000000e+00    2.69478054e-06
  3.50000000e+00    1.50000000e+00    4.39240436e-06
  3.50000000e+00    1.55000000e+00    6.08595819e-06
  3.50000000e+00    1.60000000e+00    9.73781179e-06
  3.50000000e+00    1.65000000e+00    1.33534241e-05
  3.50000000e+00    1.70000000e+00    2.09768384e-05
  3.50000000e+00    1.75000000e+00    2.84738133e-05
  3.50000000e+00    1.80000000e+00    4.39199613e-05
  3.50000000e+00    1.85000000e+00    5.90180572e-05
  3.50000000e+00    1.90000000e+00    8.93963809e-05
  3.50000000e+00    1.95000000e+00    1.18927182e-04
  3.50000000e+00    2.00000000e+00    1.76922394e-04
  3.50000000e+00    2.05000000e+00    2.33015378e-04
  3.50000000e+00    2.10000000e+00    3.40487041e-04
  3.50000000e+00    2.15000000e+00    4.43945620e-04
  3.50000000e+00    2.20000000e+00    6.37248130e-04
  3.50000000e+00    2.25000000e+00    8.22505691e-04
  3.50000000e+00    2.30000000e+00    1.15992646e-03
  3.50000000e+00    2.35000000e+00    1.48191969e-03
  3.50000000e+00    2.40000000e+00    2.05343439e-03
  3.50000000e+00    2.45000000e+00    2.59652386e-03
  3.50000000e+00    2.50000000e+00    3.53563234e-03
  3.50000000e+00    2.55000000e+00    4.42426768e-03
  3.50000000e+00    2.60000000e+00    5.92094418e-03
  3.50000000e+00    2.65000000e+00    7.33106263e-03
  3.50000000e+00    2.70000000e+00    9.64383007e-03
  3.50000000e+00    2.75000000e+00    1.18130031e-02
  3.50000000e+00    2.80000000e+00    1.52769296e-02
  3.50000000e+00    2.85000000e+00    1.85101446e-02
  3.50000000e+00    2.90000000e+00    2.35364102e-02
  3.50000000e+00    2.95000000e+00    2.82033439e-02
  3.50000000e+00    3.00000000e+00    3.52653319e-02
  3.50000000e+00    3.05000000e+00    4.17844241e-02
  3.50000000e+00    3.10000000e+00    5.13855435e-02
  3.50000000e+00    3.15000000e+00    6.01905800e-02
  3.50000000e+00    3.20000000e+00    7.28106738e-02
  3.50000000e+00    3.25000000e+00    8.42973500e-02
  3.50000000e+00    3.30000000e+00    1.00317826e-01
  3.50000000e+00    3.35000000e+00    1.14771078e-01
  3.50000000e+00    3.40000000e+00    1.34383639e-01
  3.50000000e+00    3.45000000e+00    1.51891170e-01
  3.50000000e+00    3.50000000e+00    1.75000489e-01
  3.50000000e+00    3.55000000e+00    1.95363147e-01
  3.50000000e+00    3.60000000e+00    2.21498832e-01
  3.50000000e+00    3.65000000e+00    2.44153067e-01
  3.50000000e+00    3.70000000e+00    2.72409240e-01
  3.50000000e+00    3.75000000e+00    2.96379340e-01
  3.50000000e+00    3.80000000e+00    3.25399795e-01
  3.50000000e+00    3.85000000e+00    3.49296655e-01
  3.50000000e+00    3.90000000e+00    3.77319059e-01
  3.50000000e+00    3.95000000e+00    3.99397295e-01
  3.50000000e+00    4.00000000e+00    4.24361553e-01
  3.50000000e+00    4.05000000e+00    4.42638148e-01
  3.50000000e+00    4.10000000e+00    4.62353248e-01
  3.50000000e+00    4.15000000e+00    4.74780175e-01
  3.50000000e+00    4.20000000e+00    4.87132831e-01
  3.50000000e+00    4.25000000e+00    4.91805440e-01
  3.50000000e+00    4.30000000e+00    4.94985115e-01
  3.50000000e+00    4.35000000e+00    4.90360095e-01
  3.50000000e+00    4.40000000e+00    4.83070699e-01
  3.50000000e+00    4.45000000e+00    4.68163927e-01
  3.50000000e+00    4.50000000e+00    4.49793433e-01
  3.50000000e+00    4.55000000e+00    4.24329978e-01
  3.50000000e+00    4.60000000e+00    3.95055193e-01
  3.50000000e+00    4.65000000e+00    3.59550458e-01
  3.50000000e+00    4.70000000e+00    3.20363540e-01
  3.50000000e+00    4.75000000e+00    2.76124460e-01
  3.50000000e+00    4.80000000e+00    2.28778425e-01
  3.50000000e+00    4.85000000e+00    1.77824499e-01
  3.50000000e+00    4.90000000e+00    1.24704835e-01
  3.50000000e+00    4.95000000e+00    6.96185389e-02
  3.50000000e+00    5.00000000e+00    1.35556823e-02
  3.50000000e+00    5.05000000e+00   -4.27209388e-02
  3.50000000e+00    5.10000000e+00   -9.86786222e-02
  3.50000000e+00    5.15000000e+00   -1.53080078e-01
  3.50000000e+00    5.20000000e+00   -2.05910907e-01
  3.50000000e+00    5.25000000e+00   -2.55494396e-01
  3.50000000e+00    5.30000000e+00   -3.02443372e-01
  3.50000000e+00    5.35000000e+00   -3.44622635e-01
  3.50000000e+00    5.40000000e+00   -3.83415715e-01
  3.50000000e+00    5.45000000e+00   -4.16162099e-01
  3.50000000e+00    5.50000000e+00   -4.45175802e-01
  3.50000000e+00    5.55000000e+00   -4.67168817e-01
  3.50000000e+00    5.60000000e+00   -4.85539579e-01
  3.50000000e+00    5.65000000e+00   -4.96253092e-01
  3.50000000e+00    5.70000000e+00   -5.03915518e-01
  3.50000000e+00    5.75000000e+00   -5.03630896e-01
  3.50000000e+00    5.80000000e+00   -5.01280506e-01
  3.50000000e+00    5.85000000e+00   -4.91024623e-01
  3.50000000e+00    5.90000000e+00   -4.80008596e-01
  3.50000000e+00    5.95000000e+00   -4.61422547e-01
  3.50000000e+00    6.00000000e+00   -4.43570648e-01
  3.50000000e+00    6.05000000e+00   -4.18723374e-01
  3.50000000e+00    6.10000000e+00   -3.96139337e-01
  3.50000000e+00    6.15000000e+00   -3.67307945e-01
  3.50000000e+00    6.20000000e+00   -3.42147487e-01
  3.50000000e+00    6.25000000e+00   -3.11591158e-01
  3.50000000e+00    6.30000000e+00   -2.85854850e-01
  3.50000000e+00    6.35000000e+00   -2.55610441e-01
  3.50000000e+00    6.40000000e+00   -2.30977073e-01
  3.50000000e+00    6.45000000e+00   -2.02701060e-01
  3.50000000e+00    6.50000000e+00   -1.80419933e-01
  3.50000000e+00    6.55000000e+00   -1.55293477e-01
  3.50000000e+00    6.60000000e+00   -1.36143586e-01
  3.50000000e+00    6.65000000e+00   -1.14846630e-01
  3.50000000e+00    6.70000000e+00   -9.91592184e-02
  3.50000000e+00    6.75000000e+00   -8.19080067e-02
  3.50000000e+00    6.80000000e+00   -6.96389590e-02
  3.50000000e+00    6.85000000e+00   -5.62716634e-02
  3.50000000e+00    6.90000000e+00   -4.71038778e-02
  3.50000000e+00    6.95000000e+00   -3.71932359e-02
  3.50000000e+00    7.00000000e+00   -3.06475028e-02
  3.50000000e+00    7.05000000e+00   -2.36184402e-02
  3.50000000e+00    7.10000000e+00   -1.91542755e-02
  3.50000000e+00    7.15000000e+00   -1.43880364e-02
  3.50000000e+00    7.20000000e+00   -1.14819713e-02
  3.50000000e+00    7.25000000e+00   -8.39482876e-03
  3.50000000e+00    7.30000000e+00   -6.59088080e-03
  3.50000000e+00    7.35000000e+00   -4.68299070e-03
  3.50000000e+00    7.40000000e+00   -3.61649666e-03
  3.50000000e+00    7.45000000e+00   -2.49296830e-03
  3.50000000e+00    7.50000000e+00   -1.89335488e-03
  3.50000000e+00    7.55000000e+00   -1.26388212e-03
  3.50000000e+00    7.60000000e+00   -9.43823849e-04
  3.50000000e+00    7.65000000e+00   -6.08880913e-04
  3.50000000e+00    7.70000000e+00   -4.46998418e-04
  3.50000000e+00    7.75000000e+00   -2.78066490e-04
  3.50000000e+00    7.80000000e+00   -2.00647289e-04
  3.50000000e+00    7.85000000e+00   -1.20063759e-04
  3.50000000e+00    7.90000000e+00   -8.51394794e-05
  3.50000000e+00    7.95000000e+00   -4.88724995e-05
  3.50000000e+00    8.00000000e+00   -3.40520288e-05
  3.50000000e+00    8.05000000e+00   -1.86945373e-05
  3.50000000e+00    8.10000000e+00   -1.27961398e-05
  3.50000000e+00    8.15000000e+00   -6.69593954e-06
  3.50000000e+00    8.20000000e+00   -4.50183244e-06
  3.50000000e+00    8.25000000e+00   -2.23672875e-06
  3.50000000e+00    8.30000000e+00   -1.47684028e-06
  3.50000000e+00    8.35000000e+00   -6.93661163e-07
  3.50000000e+00    8.40000000e+00   -4.49717507e-07
  3.50000000e+00    8.45000000e+00   -1.98681538e-07
  3.50000000e+00    8.50000000e+00   -1.26459852e-07
  3.50000000e+00    8.55000000e+00   -5.22438193e-08
  3.50000000e+00    8.60000000e+00   -3.26410328e-08
  3.50000000e+00    8.65000000e+00   -1.25234777e-08
  3.50000000e+00    8.70000000e+00   -7.67925590e-09
  3.50000000e+00    8.75000000e+00   -2.71392767e-09
  3.50000000e+00    8.80000000e+00   -1.63301142e-09
  3.50000000e+00    8.85000000e+00   -5.26341604e-10
  3.50000000e+00    8.90000000e+00   -3.10732645e-10
  3.50000000e+00    8.95000000e+00   -9.02232463e-11
  3.50000000e+00    9.00000000e+00   -5.22512965e-11
  3.50000000e+00    9.05000000e+00   -1.34553126e-11
  3.50000000e+00    9.10000000e+00   -7.64297807e-12
  3.50000000e+00    9.15000000e+00   -1.71010924e-12
  3.50000000e+00    9.20000000e+00   -9.52605323e-13
  3.50000000e+00    9.25000000e+00   -1.80078251e-13
  3.50000000e+00    9.30000000e+00   -9.83558183e-14
  3.50000000e+00    9.35000000e+00   -1.50822554e-14
  3.50000000e+00    9.40000000e+00   -8.07575337e-15
  3.50000000e+00    9.45000000e+00   -9.41891874e-16
  3.50000000e+00    9.50000000e+00   -4.94336788e-16
  3.50000000e+00    9.55000000e+00   -3.89857165e-17
  3.50000000e+00    9.60000000e+00   -2.00520305e-17
  3.50000000e+00    9.65000000e+00   -8.02111975e-19
  3.50000000e+00    9.70000000e+00   -4.04243569e-19
  3.50000000e+00    9.75000000e+00   -7.89982957e-34
  3.50000000e+00    9.80000000e+00    0.00000000e+00
  3.50000000e+00    9.85000000e+00    0.00000000e+00
  3.50000000e+00    9.90000000e+00    0.00000000e+00
  3.50000000e+00    9.95000000e+00    0.00000000e+00
  3.50000000e+00    1.00000000e+01    0.00000000e+00
