  4.00000000e+00    0.00000000e+00    0.00000000e+00
  4.00000000e+00    5.00000000e-02    1.04191445e-14
  4.00000000e+00    1.00000000e-01    4.00842817e-14
  4.00000000e+00    1.50000000e-01    9.18802969e-14
  4.00000000e+00    2.00000000e-01    2.33150353e-13
  4.00000000e+00    2.50000000e-01    4.41043503e-13
  4.00000000e+00    3.00000000e-01    9.96226004e-13
  4.00000000e+00    3.50000000e-01    1.74240000e-12
  4.00000000e+00    4.00000000e-01    3.70606416e-12
  4.00000000e+00    4.50000000e-01    6.19354677e-12
  4.00000000e+00    5.00000000e-01    1.26592329e-11
  4.00000000e+00    5.50000000e-01    2.05031190e-11
  4.00000000e+00    6.00000000e-01    4.06554564e-11
  4.00000000e+00    6.50000000e-01    6.42914272e-11
  4.00000000e+00    7.00000000e-01    1.24312501e-10
  4.00000000e+00    7.50000000e-01    1.92796531e-10
  4.00000000e+00    8.00000000e-01    3.64622916e-10
  4.00000000e+00    8.50000000e-01    5.56198431e-10
  4.00000000e+00    9.00000000e-01    1.03082983e-09
  4.00000000e+00    9.50000000e-01    1.54966053e-09
  4.00000000e+00    1.00000000e+00    2.81805869e-09
  4.00000000e+00    1.05000000e+00    4.18104193e-09
  4.00000000e+00    1.10000000e+00    7.46658542e-09
  4.00000000e+00    1.15000000e+00    1.09446813e-08
  4.00000000e+00    1.20000000e+00    1.92052350e-08
  4.00000000e+00    1.25000000e+00    2.78354442e-08
  4.00000000e+00    1.30000000e+00    4.80146827e-08
  4.00000000e+00    1.35000000e+00    6.88526126e-08
  4.00000000e+00    1.40000000e+00    1.16784709e-07
  4.00000000e+00    1.45000000e+00    1.65771548e-07
  4.00000000e+00    1.50000000e+00    2.76542136e-07
  4.00000000e+00    1.55000000e+00    3.88710068e-07
  4.00000000e+00    1.60000000e+00    6.37875122e-07
  4.00000000e+00    1.65000000e+00    8.88108524e-07
  4.00000000e+00    1.70000000e+00    1.43380939e-06
  4.00000000e+00    1.75000000e+00    1.97780171e-06
  4.00000000e+00    1.80000000e+00    3.14173809e-06
  4.00000000e+00    1.85000000e+00    4.29429852e-06
  4.00000000e+00    1.90000000e+00    6.71244522e-06
  4.00000000e+00    1.95000000e+00    9.09249156e-06
  4.00000000e+00    2.00000000e+00    1.39864632e-05
  4.00000000e+00    2.05000000e+00    1.87767824e-05
  4.00000000e+00    2.10000000e+00    2.84259812e-05
  4.00000000e+00    2.15000000e+00    3.78229951e-05
  4.00000000e+00    2.20000000e+00    5.63574421e-05
  4.00000000e+00    2.25000000e+00    7.43227895e-05
  4.00000000e+00    2.30000000e+00    1.09005926e-04
  4.00000000e+00    2.35000000e+00    1.42476425e-04
  4.00000000e+00    2.40000000e+00    2.05700867e-04
  4.00000000e+00    2.45000000e+00    2.66460854e-04
  4.00000000e+00    2.50000000e+00    3.78725708e-04
  4.00000000e+00    2.55000000e+00    4.86183594e-04
  4.00000000e+00    2.60000000e+00    6.80337591e-04
  4.00000000e+00    2.65000000e+00    8.65455491e-04
  4.00000000e+00    2.70000000e+00    1.19244313e-03
  4.00000000e+00    2.75000000e+00    1.50301348e-03
  4.00000000e+00    2.80000000e+00    2.03921044e-03
  4.00000000e+00    2.85000000e+00    2.54651817e-03
  4.00000000e+00    2.90000000e+00    3.40244486e-03
  4.00000000e+00    2.95000000e+00    4.20905949e-03
  4.00000000e+00    3.00000000e+00    5.53878840e-03
  4.00000000e+00    3.05000000e+00    6.78677267e-03
  4.00000000e+00    3.10000000e+00    8.79670012e-03
  4.00000000e+00    3.15000000e+00    1.06749103e-02
  4.00000000e+00    3.20000000e+00    1.36298070e-02
  4.00000000e+00    3.25000000e+00    1.63782590e-02
  4.00000000e+00    3.30000000e+00    2.06017827e-02
  4.00000000e+00    3.35000000e+00    2.45104050e-02
  4.00000000e+00    3.40000000e+00    3.03767699e-02
  4.00000000e+00    3.45000000e+00    3.57754694e-02
  4.00000000e+00    3.50000000e+00    4.36889855e-02
  4.00000000e+00    3.55000000e+00    5.09260739e-02
  4.00000000e+00    3.60000000e+00    6.12860734e-02
  4.00000000e+00    3.65000000e+00    7.06929877e-02
  4.00000000e+00    3.70000000e+00    8.38434137e-02
  4.00000000e+00    3.75000000e+00    9.56854659e-02
  4.00000000e+00    3.80000000e+00    1.11851110e-01
  4.00000000e+00    3.85000000e+00    1.26266681e-01
  4.00000000e+00    3.90000000e+00    1.45481434e-01
  4.00000000e+00    3.95000000e+00    1.62415278e-01
  4.00000000e+00    4.00000000e+00    1.84451215e-01
  4.00000000e+00    4.05000000e+00    2.03590780e-01
  4.00000000e+00    4.10000000e+00    2.27899684e-01
  4.00000000e+00    4.15000000e+00    2.48625774e-01
  4.00000000e+00    4.20000000e+00    2.74305825e-01
  4.00000000e+00    4.25000000e+00    2.95669740e-01
  4.00000000e+00    4.30000000e+00    3.21469034e-01
  4.00000000e+00    4.35000000e+00    3.42206817e-01
  4.00000000e+00    4.40000000e+00    3.66571675e-01
  4.00000000e+00    4.45000000e+00    3.85162144e-01
  4.00000000e+00    4.50000000e+00    4.06332237e-01
  4.00000000e+00    4.55000000e+00    4.21099415e-01
  4.00000000e+00    4.60000000e+00    4.37244451e-01
  4.00000000e+00    4.65000000e+00    4.46497764e-01
  4.00000000e+00    4.70000000e+00    4.55883183e-01
  4.00000000e+00    4.75000000e+00    4.58081846e-01
  4.00000000e+00    4.80000000e+00    4.59245152e-01
  4.00000000e+00    4.85000000e+00    4.53167819e-01
  4.00000000e+00    4.90000000e+00    4.45084100e-01
  4.00000000e+00    4.95000000e+00    4.29982419e-01
  4.00000000e+00    5.00000000e+00    4.12197872e-01
  4.00000000e+00    5.05000000e+00    3.87913530e-01
  4.00000000e+00    5.10000000e+00    3.60629431e-01
  4.00000000e+00    5.15000000e+00    3.27658483e-01
  4.00000000e+00    5.20000000e+00    2.91754209e-01
  4.00000000e+00    5.25000000e+00    2.51249083e-01
  4.00000000e+00    5.30000000e+00    2.08240353e-01
  4.00000000e+00    5.35000000e+00    1.61947707e-01
  4.00000000e+00    5.40000000e+00    1.13883841e-01
  4.00000000e+00    5.45000000e+00    6.40240422e-02
  4.00000000e+00    5.50000000e+00    1.33346824e-02
  4.00000000e+00    5.55000000e+00   -3.75649313e-02
  4.00000000e+00    5.60000000e+00   -8.82582759e-02
  4.00000000e+00    5.65000000e+00   -1.37559715e-01
  4.00000000e+00    5.70000000e+00   -1.85648987e-01
  4.00000000e+00    5.75000000e+00   -2.30810454e-01
  4.00000000e+00    5.80000000e+00   -2.73903868e-01
  4.00000000e+00    5.85000000e+00   -3.12677650e-01
  4.00000000e+00    5.90000000e+00   -3.48781312e-01
  4.00000000e+00    5.95000000e+00   -3.79384484e-01
  4.00000000e+00    6.00000000e+00   -4.07046267e-01
  4.00000000e+00    6.05000000e+00   -4.28288686e-01
  4.00000000e+00    6.10000000e+00   -4.46691286e-01
  4.00000000e+00    6.15000000e+00   -4.58049297e-01
  4.00000000e+00    6.20000000e+00   -4.67044150e-01
  4.00000000e+00    6.25000000e+00   -4.68673438e-01
  4.00000000e+00    6.30000000e+00   -4.68752950e-01
  4.00000000e+00    6.35000000e+00   -4.61439948e-01
  4.00000000e+00    6.40000000e+00   -4.53651948e-01
  4.00000000e+00    6.45000000e+00   -4.38709587e-01
  4.00000000e+00    6.50000000e+00   -4.24524412e-01
  4.00000000e+00    6.55000000e+00   -4.03644233e-01
  4.00000000e+00    6.60000000e+00   -3.84790439e-01
  4.00000000e+00    6.65000000e+00   -3.59868270e-01
  4.00000000e+00    6.70000000e+00   -3.38156752e-01
  4.00000000e+00    6.75000000e+00   -3.11112300e-01
  4.00000000e+00    6.80000000e+00   -2.88269643e-01
  4.00000000e+00    6.85000000e+00   -2.60880802e-01
  4.00000000e+00    6.90000000e+00   -2.38410689e-01
  4.00000000e+00    6.95000000e+00   -2.12180698e-01
  4.00000000e+00    7.00000000e+00   -1.91267269e-01
  4.00000000e+00    7.05000000e+00   -1.67337442e-01
  4.00000000e+00    7.10000000e+00   -1.48797523e-01
  4.00000000e+00    7.15000000e+00   -1.27910978e-01
  4.00000000e+00    7.20000000e+00   -1.12194379e-01
  4.00000000e+00    7.25000000e+00   -9.47084083e-02
  4.00000000e+00    7.30000000e+00   -8.19385517e-02
  4.00000000e+00    7.35000000e+00   -6.78764753e-02
  4.00000000e+00    7.40000000e+00   -5.79187152e-02
  4.00000000e+00    7.45000000e+00   -4.70475423e-02
  4.00000000e+00    7.50000000e+00   -3.95905152e-02
  4.00000000e+00    7.55000000e+00   -3.15091221e-02
  4.00000000e+00    7.60000000e+00   -2.61453054e-02
  4.00000000e+00    7.65000000e+00   -2.03691616e-02
  4.00000000e+00    7.70000000e+00   -1.66639656e-02
  4.00000000e+00    7.75000000e+00   -1.26959690e-02
  4.00000000e+00    7.80000000e+00   -1.02390793e-02
  4.00000000e+00    7.85000000e+00   -7.62071315e-03
  4.00000000e+00    7.90000000e+00   -6.05788672e-03
  4.00000000e+00    7.95000000e+00   -4.39952381e-03
  4.00000000e+00    8.00000000e+00   -3.44668603e-03
  4.00000000e+00    8.05000000e+00   -2.43949196e-03
  4.00000000e+00    8.10000000e+00   -1.88324138e-03
  4.00000000e+00    8.15000000e+00   -1.29729097e-03
  4.00000000e+00    8.20000000e+00   -9.86722355e-04
  4.00000000e+00    8.25000000e+00   -6.60592544e-04
  4.00000000e+00    8.30000000e+00   -4.94975068e-04
  4.00000000e+00    8.35000000e+00   -3.21551539e-04
  4.00000000e+00    8.40000000e+00   -2.37319970e-04
  4.00000000e+00    8.45000000e+00   -1.49345723e-04
  4.00000000e+00    8.50000000e+00   -1.08555893e-04
  4.00000000e+00    8.55000000e+00   -6.60540724e-05
  4.00000000e+00    8.60000000e+00   -4.72803838e-05
  4.00000000e+00    8.65000000e+00   -2.77610554e-05
  4.00000000e+00    8.70000000e+00   -1.95651397e-05
  4.00000000e+00    8.75000000e+00   -1.10606700e-05
  4.00000000e+00    8.80000000e+00   -7.67431639e-06
  4.00000000e+00    8.85000000e+00   -4.16693426e-06
  4.00000000e+00    8.90000000e+00   -2.84598581e-06
  4.00000000e+00    8.95000000e+00   -1.48015446e-06
  4.00000000e+00    9.00000000e+00   -9.95011720e-07
  4.00000000e+00    9.05000000e+00   -4.94177051e-07
  4.00000000e+00    9.10000000e+00   -3.26931450e-07
  4.00000000e+00    9.15000000e+00   -1.54529945e-07
  4.00000000e+00    9.20000000e+00   -1.00597725e-07
  4.00000000e+00    9.25000000e+00   -4.50790184e-08
  4.00000000e+00    9.30000000e+00   -2.88735482e-08
  4.00000000e+00    9.35000000e+00   -1.22127249e-08
  4.00000000e+00    9.40000000e+00   -7.69551308e-09
  4.00000000e+00    9.45000000e+00   -3.05693843e-09
  4.00000000e+00    9.50000000e+00   -1.89478646e-09
  4.00000000e+00    9.55000000e+00   -7.02752570e-10
  4.00000000e+00    9.60000000e+00   -4.28424129e-10
  4.00000000e+00    9.65000000e+00   -1.47339183e-10
  4.00000000e+00    9.70000000e+00   -8.83358305e-11
  4.00000000e+00    9.75000000e+00   -2.79393665e-11
  4.00000000e+00    9.80000000e+00   -1.64713672e-11
  4.00000000e+00    9.85000000e+00   -4.74335636e-12
  4.00000000e+00    9.90000000e+00   -2.74387846e-12
  4.00000000e+00    9.95000000e+00   -6.81210646e-13
  4.00000000e+00    1.00000000e+01    0.00000000e+00
