  3.00000000e+00    0.00000000e+00    0.00000000e+00
  3.00000000e+00    5.00000000e-02    2.98555727e-11
  3.00000000e+00    1.00000000e-01   -1.08540304e-10
  3.00000000e+00    1.50000000e-01   -2.73209219e-10
  3.00000000e+00    2.00000000e-01    5.71822535e-10
  3.00000000e+00    2.50000000e-01    1.39225702e-09
  3.00000000e+00    3.00000000e-01   -2.01171654e-09
  3.00000000e+00    3.50000000e-01   -5.83777518e-09
  3.00000000e+00    4.00000000e-01    5.22195206e-09
  3.00000000e+00    4.50000000e-01    2.14514027e-08
  3.00000000e+00    5.00000000e-01   -8.18065862e-09
  3.00000000e+00    5.50000000e-01   -6.95412113e-08
  3.00000000e+00    6.00000000e-01   -8.33083212e-09
  3.00000000e+00    6.50000000e-01    1.95603433e-07
  3.00000000e+00    7.00000000e-01    1.28309475e-07
  3.00000000e+00    7.50000000e-01   -4.56911528e-07
  3.00000000e+00    8.00000000e-01   -6.14068253e-07
  3.00000000e+00    8.50000000e-01    7.85673302e-07
  3.00000000e+00    9.00000000e-01    2.06554323e-06
  3.00000000e+00    9.50000000e-01   -4.87803862e-07
  3.00000000e+00    1.00000000e+00   -5.31097961e-06
  3.00000000e+00    1.05000000e+00   -2.87736246e-06
  3.00000000e+00    1.10000000e+00    9.95058802e-06
  3.00000000e+00    1.15000000e+00    1.46096090e-05
  3.00000000e+00    1.20000000e+00   -9.64890504e-06
  3.00000000e+00    1.25000000e+00   -4.01386978e-05
  3.00000000e+00    1.30000000e+00   -1.56964547e-05
  3.00000000e+00    1.35000000e+00    6.94192824e-05
  3.00000000e+00    1.40000000e+00    9.90651473e-05
  3.00000000e+00    1.45000000e+00   -4.24584041e-05
  3.00000000e+00    1.50000000e+00   -2.40880370e-04
  3.00000000e+00    1.55000000e+00   -1.69787301e-04
  3.00000000e+00    1.60000000e+00    2.82406555e-04
  3.00000000e+00    1.65000000e+00    6.38167334e-04
  3.00000000e+00    1.70000000e+00    1.99765852e-04
  3.00000000e+00    1.75000000e+00   -9.47991782e-04
  3.00000000e+00    1.80000000e+00   -1.51289812e-03
  3.00000000e+00    1.85000000e+00   -1.72560206e-04
  3.00000000e+00    1.90000000e+00    2.46984811e-03
  3.00000000e+00    1.95000000e+00    3.54235040e-03
  3.00000000e+00    2.00000000e+00    4.98557265e-04
  3.00000000e+00    2.05000000e+00   -5.34539560e-03
  3.00000000e+00    2.10000000e+00   -8.39237505e-03
  3.00000000e+00    2.15000000e+00   -3.31056998e-03
  3.00000000e+00    2.20000000e+00    8.75367055e-03
  3.00000000e+00    2.25000000e+00    1.85417917e-02
  3.00000000e+00    2.30000000e+00    1.48485767e-02
  3.00000000e+00    2.35000000e+00   -5.33530949e-03
  3.00000000e+00    2.40000000e+00   -3.12093542e-02
  3.00000000e+00    2.45000000e+00   -4.30992288e-02
  3.00000000e+00    2.50000000e+00   -2.58315543e-02
  3.00000000e+00    2.55000000e+00    1.86849146e-02
  3.00000000e+00    2.60000000e+00    6.90966532e-02
  3.00000000e+00    2.65000000e+00    9.49766816e-02
  3.00000000e+00    2.70000000e+00    7.38075063e-02
  3.00000000e+00    2.75000000e+00    4.33543506e-03
  3.00000000e+00    2.80000000e+00   -9.11820036e-02
  3.00000000e+00    2.85000000e+00   -1.76314869e-01
  3.00000000e+00    2.90000000e+00   -2.15587140e-01
  3.00000000e+00    2.95000000e+00   -1.87576433e-01
  3.00000000e+00    3.00000000e+00   -9.06318102e-02
  3.00000000e+00    3.05000000e+00    5.96109083e-02
  3.00000000e+00    3.10000000e+00    2.38002892e-01
  3.00000000e+00    3.15000000e+00    4.18689329e-01
  3.00000000e+00    3.20000000e+00    5.81605794e-01
  3.00000000e+00    3.25000000e+00    7.15296963e-01
  3.00000000e+00    3.30000000e+00    8.16484587e-01
  3.00000000e+00    3.35000000e+00    8.87748404e-01
  3.00000000e+00    3.40000000e+00    9.34741055e-01
  3.00000000e+00    3.45000000e+00    9.63890719e-01
  3.00000000e+00    3.50000000e+00    9.80963180e-01
  3.00000000e+00    3.55000000e+00    9.90430512e-01
  3.00000000e+00    3.60000000e+00    9.95405663e-01
  3.00000000e+00    3.65000000e+00    9.97882223e-01
  3.00000000e+00    3.70000000e+00    9.99061759e-01
  3.00000000e+00    3.75000000e+00    9.99620675e-01
  3.00000000e+00    3.80000000e+00    9.99880472e-01
  3.00000000e+00    3.85000000e+00    9.99952603e-01
  3.00000000e+00    3.90000000e+00    9.99911281e-01
  3.00000000e+00    3.95000000e+00    9.99901995e-01
  3.00000000e+00    4.00000000e+00    1.00004628e+00
  3.00000000e+00    4.05000000e+00    1.00023355e+00
  3.00000000e+00    4.10000000e+00    1.00015029e+00
  3.00000000e+00    4.15000000e+00    9.99701858e-01
  3.00000000e+00    4.20000000e+00    9.99370636e-01
  3.00000000e+00    4.25000000e+00    9.99837158e-01
  3.00000000e+00    4.30000000e+00    1.00098786e+00
  3.00000000e+00    4.35000000e+00    1.00151614e+00
  3.00000000e+00    4.40000000e+00    1.00011858e+00
  3.00000000e+00    4.45000000e+00    9.97442885e-01
  3.00000000e+00    4.50000000e+00    9.96398523e-01
  3.00000000e+00    4.55000000e+00    9.99529532e-01
  3.00000000e+00    4.60000000e+00    1.00547156e+00
  3.00000000e+00    4.65000000e+00    1.00856119e+00
  3.00000000e+00    4.70000000e+00    1.00342515e+00
  3.00000000e+00    4.75000000e+00    9.91221789e-01
  3.00000000e+00    4.80000000e+00    9.81271030e-01
  3.00000000e+00    4.85000000e+00    9.84856344e-01
  3.00000000e+00    4.90000000e+00    1.00504257e+00
  3.00000000e+00    4.95000000e+00    1.03103773e+00
  3.00000000e+00    5.00000000e+00    1.04313025e+00
  3.00000000e+00    5.05000000e+00    1.02608505e+00
  3.00000000e+00    5.10000000e+00    9.81751945e-01
  3.00000000e+00    5.15000000e+00    9.31447938e-01
  3.00000000e+00    5.20000000e+00    9.05592105e-01
  3.00000000e+00    5.25000000e+00    9.26716941e-01
  3.00000000e+00    5.30000000e+00    9.96102600e-01
  3.00000000e+00    5.35000000e+00    1.09151843e+00
  3.00000000e+00    5.40000000e+00    1.17655481e+00
  3.00000000e+00    5.45000000e+00    1.21574713e+00
  3.00000000e+00    5.50000000e+00    1.18767666e+00
  3.00000000e+00    5.55000000e+00    1.09069100e+00
  3.00000000e+00    5.60000000e+00    9.40422179e-01
  3.00000000e+00    5.65000000e+00    7.62014711e-01
  3.00000000e+00    5.70000000e+00    5.81319543e-01
  3.00000000e+00    5.75000000e+00    4.18398275e-01
  3.00000000e+00    5.80000000e+00    2.84704787e-01
  3.00000000e+00    5.85000000e+00    1.83516592e-01
  3.00000000e+00    5.90000000e+00    1.12252572e-01
  3.00000000e+00    5.95000000e+00    6.52585547e-02
  3.00000000e+00    6.00000000e+00    3.61074743e-02
  3.00000000e+00    6.05000000e+00    1.90369985e-02
  3.00000000e+00    6.10000000e+00    9.57407365e-03
  3.00000000e+00    6.15000000e+00    4.59712316e-03
  3.00000000e+00    6.20000000e+00    2.10914298e-03
  3.00000000e+00    6.25000000e+00    9.25223501e-04
  3.00000000e+00    6.30000000e+00    3.88287930e-04
  3.00000000e+00    6.35000000e+00    1.55967201e-04
  3.00000000e+00    6.40000000e+00    5.99864994e-05
  3.00000000e+00    6.45000000e+00    2.20978156e-05
  3.00000000e+00    6.50000000e+00    7.79873057e-06
  3.00000000e+00    6.55000000e+00    2.63724688e-06
  3.00000000e+00    6.60000000e+00    8.54624793e-07
  3.00000000e+00    6.65000000e+00    2.65409690e-07
  3.00000000e+00    6.70000000e+00    7.89891769e-08
  3.00000000e+00    6.75000000e+00    2.25266041e-08
  3.00000000e+00    6.80000000e+00    6.15522989e-09
  3.00000000e+00    6.85000000e+00    1.61113458e-09
  3.00000000e+00    6.90000000e+00    4.03880026e-10
  3.00000000e+00    6.95000000e+00    9.69337886e-11
  3.00000000e+00    7.00000000e+00    2.22661034e-11
  3.00000000e+00    7.05000000e+00    4.89302563e-12
  3.00000000e+00    7.10000000e+00    1.02817280e-12
  3.00000000e+00    7.15000000e+00    2.06477692e-13
  3.00000000e+00    7.20000000e+00    3.96033656e-14
  3.00000000e+00    7.25000000e+00    7.25012099e-15
  3.00000000e+00    7.30000000e+00    1.26584792e-15
  3.00000000e+00    7.35000000e+00    2.10607603e-16
  3.00000000e+00    7.40000000e+00    3.33593224e-17
  3.00000000e+00    7.45000000e+00    5.02531637e-18
  3.00000000e+00    7.50000000e+00    7.19149042e-19
  3.00000000e+00    7.55000000e+00    9.76425912e-20
  3.00000000e+00    7.60000000e+00    1.25609923e-20
  3.00000000e+00    7.65000000e+00    1.52865522e-21
  3.00000000e+00    7.70000000e+00    1.75696196e-22
  3.00000000e+00    7.75000000e+00    1.90357108e-23
  3.00000000e+00    7.80000000e+00    1.94010777e-24
  3.00000000e+00    7.85000000e+00    1.85577268e-25
  3.00000000e+00    7.90000000e+00    1.66164323e-26
  3.00000000e+00    7.95000000e+00    1.38866191e-27
  3.00000000e+00    8.00000000e+00    1.07961130e-28
  3.00000000e+00    8.05000000e+00    7.77893681e-30
  3.00000000e+00    8.10000000e+00    5.17234997e-31
  3.00000000e+00    8.15000000e+00    3.15801604e-32
  3.00000000e+00    8.20000000e+00    1.76029548e-33
  3.00000000e+00    8.25000000e+00    8.89686079e-35
  3.00000000e+00    8.30000000e+00    4.04411732e-36
  3.00000000e+00    8.35000000e+00    1.63696659e-37
  3.00000000e+00    8.40000000e+00    5.82836265e-39
  3.00000000e+00    8.45000000e+00    1.79704782e-40
  3.00000000e+00    8.50000000e+00    4.70086496e-42
  3.00000000e+00    8.55000000e+00    1.01442215e-43
  3.00000000e+00    8.60000000e+00    1.73382220e-45
  3.00000000e+00    8.65000000e+00    2.20067601e-47
  3.00000000e+00    8.70000000e+00    1.84403504e-49
  3.00000000e+00    8.75000000e+00    7.65159769e-52
  3.00000000e+00    8.80000000e+00    0.00000000e+00
  3.00000000e+00    8.85000000e+00    0.00000000e+00
  3.00000000e+00    8.90000000e+00    0.00000000e+00
  3.00000000e+00    8.95000000e+00    0.00000000e+00
  3.00000000e+00    9.00000000e+00    0.00000000e+00
  3.00000000e+00    9.05000000e+00    0.00000000e+00
  3.00000000e+00    9.10000000e+00    0.00000000e+00
  3.00000000e+00    9.15000000e+00    0.00000000e+00
  3.00000000e+00    9.20000000e+00    0.00000000e+00
  3.00000000e+00    9.25000000e+00    0.00000000e+00
  3.00000000e+00    9.30000000e+00    0.00000000e+00
  3.00000000e+00    9.35000000e+00    0.00000000e+00
  3.00000000e+00    9.40000000e+00    0.00000000e+00
  3.00000000e+00    9.45000000e+00    0.00000000e+00
  3.00000000e+00    9.50000000e+00    0.00000000e+00
  3.00000000e+00    9.55000000e+00    0.00000000e+00
  3.00000000e+00    9.60000000e+00    0.00000000e+00
  3.00000000e+00    9.65000000e+00    0.00000000e+00
  3.00000000e+00    9.70000000e+00    0.00000000e+00
  3.00000000e+00    9.75000000e+00    0.00000000e+00
  3.00000000e+00    9.80000000e+00    0.00000000e+00
  3.00000000e+00    9.85000000e+00    0.00000000e+00
  3.00000000e+00    9.90000000e+00    0.00000000e+00
  3.00000000e+00    9.95000000e+00    0.00000000e+00
  3.00000000e+00    1.00000000e+01    0.00000000e+00
