  5.40000000e+00    0.00000000e+00    0.00000000e+00
  5.40000000e+00    5.00000000e-02    1.13243285e+30
  5.40000000e+00    1.00000000e-01   -4.91589784e+30
  5.40000000e+00    1.50000000e-01    1.56898901e+31
  5.40000000e+00    2.00000000e-01   -4.36337775e+31
  5.40000000e+00    2.50000000e-01    1.11505961e+32
  5.40000000e+00    3.00000000e-01   -2.68101102e+32
  5.40000000e+00    3.50000000e-01    6.14132947e+32
  5.40000000e+00    4.00000000e-01   -1.35021931e+33
  5.40000000e+00    4.50000000e-01    2.86264294e+33
  5.40000000e+00    5.00000000e-01   -5.87104941e+33
  5.40000000e+00    5.50000000e-01    1.16733143e+34
  5.40000000e+00    6.00000000e-01   -2.25357228e+34
  5.40000000e+00    6.50000000e-01    4.22891141e+34
  5.40000000e+00    7.00000000e-01   -7.71992776e+34
  5.40000000e+00    7.50000000e-01    1.37175361e+35
  5.40000000e+00    8.00000000e-01   -2.37353281e+35
  5.40000000e+00    8.50000000e-01    4.00030441e+35
  5.40000000e+00    9.00000000e-01   -6.56823223e+35
  5.40000000e+00    9.50000000e-01    1.05076596e+36
  5.40000000e+00    1.00000000e+00   -1.63787900e+36
  5.40000000e+00    1.05000000e+00    2.48753382e+36
  5.40000000e+00    1.10000000e+00   -3.68078931e+36
  5.40000000e+00    1.15000000e+00    5.30584130e+36
  5.40000000e+00    1.20000000e+00   -7.44990273e+36
  5.40000000e+00    1.25000000e+00    1.01872839e+37
  5.40000000e+00    1.30000000e+00   -1.35641910e+37
  5.40000000e+00    1.35000000e+00    1.75817414e+37
  5.40000000e+00    1.40000000e+00   -2.21797335e+37
  5.40000000e+00    1.45000000e+00    2.72245429e+37
  5.40000000e+00    1.50000000e+00   -3.25048131e+37
  5.40000000e+00    1.55000000e+00    3.77381043e+37
  5.40000000e+00    1.60000000e+00   -4.25902075e+37
  5.40000000e+00    1.65000000e+00    4.67065488e+37
  5.40000000e+00    1.70000000e+00   -4.97523940e+37
  5.40000000e+00    1.75000000e+00    5.14560545e+37
  5.40000000e+00    1.80000000e+00   -5.16477105e+37
  5.40000000e+00    1.85000000e+00    5.02863996e+37
  5.40000000e+00    1.90000000e+00   -4.74694133e+37
  5.40000000e+00    1.95000000e+00    4.34215466e+37
  5.40000000e+00    2.00000000e+00   -3.84656696e+37
  5.40000000e+00    2.05000000e+00    3.29799073e+37
  5.40000000e+00    2.10000000e+00   -2.73493471e+37
  5.40000000e+00    2.15000000e+00    2.19209520e+37
  5.40000000e+00    2.20000000e+00   -1.69691013e+37
  5.40000000e+00    2.25000000e+00    1.26763429e+37
  5.40000000e+00    2.30000000e+00   -9.13036281e+36
  5.40000000e+00    2.35000000e+00    6.33484922e+36
  5.40000000e+00    2.40000000e+00   -4.22963853e+36
  5.40000000e+00    2.45000000e+00    2.71468587e+36
  5.40000000e+00    2.50000000e+00   -1.67293245e+36
  5.40000000e+00    2.55000000e+00    9.88624592e+35
  5.40000000e+00    2.60000000e+00   -5.59480772e+35
  5.40000000e+00    2.65000000e+00    3.02761720e+35
  5.40000000e+00    2.70000000e+00   -1.56427898e+35
  5.40000000e+00    2.75000000e+00    7.70641514e+34
  5.40000000e+00    2.80000000e+00   -3.62116412e+34
  5.40000000e+00    2.85000000e+00    1.63774107e+34
  5.40000000e+00    2.90000000e+00   -7.50896061e+33
  5.40000000e+00    2.95000000e+00    4.28679095e+33
  5.40000000e+00    3.00000000e+00   -4.28452276e+33
  5.40000000e+00    3.05000000e+00    6.88699742e+33
  5.40000000e+00    3.10000000e+00   -1.28121287e+34
  5.40000000e+00    3.15000000e+00    2.41076079e+34
  5.40000000e+00    3.20000000e+00   -4.45477152e+34
  5.40000000e+00    3.25000000e+00    8.04083985e+34
  5.40000000e+00    3.30000000e+00   -1.41630877e+35
  5.40000000e+00    3.35000000e+00    2.43382229e+35
  5.40000000e+00    3.40000000e+00   -4.07975814e+35
  5.40000000e+00    3.45000000e+00    6.67017789e+35
  5.40000000e+00    3.50000000e+00   -1.06349745e+36
  5.40000000e+00    3.55000000e+00    1.65334997e+36
  5.40000000e+00    3.60000000e+00   -2.50582103e+36
  5.40000000e+00    3.65000000e+00    3.70180889e+36
  5.40000000e+00    3.70000000e+00   -5.32932648e+36
  5.40000000e+00    3.75000000e+00    7.47539995e+36
  5.40000000e+00    3.80000000e+00   -1.02141712e+37
  5.40000000e+00    3.85000000e+00    1.35917187e+37
  5.40000000e+00    3.90000000e+00   -1.76090919e+37
  5.40000000e+00    3.95000000e+00    2.22060922e+37
  5.40000000e+00    4.00000000e+00   -2.72491704e+37
  5.40000000e+00    4.05000000e+00    3.25271088e+37
  5.40000000e+00    4.10000000e+00   -3.77576507e+37
  5.40000000e+00    4.15000000e+00    4.26067916e+37
  5.40000000e+00    4.20000000e+00   -4.67201571e+37
  5.40000000e+00    4.25000000e+00    4.97631859e+37
  5.40000000e+00    4.30000000e+00   -5.14643196e+37
  5.40000000e+00    4.35000000e+00    5.16538183e+37
  5.40000000e+00    4.40000000e+00   -5.02907513e+37
  5.40000000e+00    4.45000000e+00    4.74723996e+37
  5.40000000e+00    4.50000000e+00   -4.34235185e+37
  5.40000000e+00    4.55000000e+00    3.84669211e+37
  5.40000000e+00    4.60000000e+00   -3.29806698e+37
  5.40000000e+00    4.65000000e+00    2.73497927e+37
  5.40000000e+00    4.70000000e+00   -2.19212012e+37
  5.40000000e+00    4.75000000e+00    1.69692346e+37
  5.40000000e+00    4.80000000e+00   -1.26764109e+37
  5.40000000e+00    4.85000000e+00    9.13039591e+36
  5.40000000e+00    4.90000000e+00   -6.33486449e+36
  5.40000000e+00    4.95000000e+00    4.22964513e+36
  5.40000000e+00    5.00000000e+00   -2.71468833e+36
  5.40000000e+00    5.05000000e+00    1.67293265e+36
  5.40000000e+00    5.10000000e+00   -9.88622743e+35
  5.40000000e+00    5.15000000e+00    5.59475336e+35
  5.40000000e+00    5.20000000e+00   -3.02748296e+35
  5.40000000e+00    5.25000000e+00    1.56396156e+35
  5.40000000e+00    5.30000000e+00   -7.69910734e+34
  5.40000000e+00    5.35000000e+00    3.60474667e+34
  5.40000000e+00    5.40000000e+00   -1.60173996e+34
  5.40000000e+00    5.45000000e+00    6.73835957e+33
  5.40000000e+00    5.50000000e+00   -2.67673978e+33
  5.40000000e+00    5.55000000e+00    1.00104947e+33
  5.40000000e+00    5.60000000e+00   -3.51275361e+32
  5.40000000e+00    5.65000000e+00    1.15221670e+32
  5.40000000e+00    5.70000000e+00   -3.51748744e+31
  5.40000000e+00    5.75000000e+00    9.94430189e+30
  5.40000000e+00    5.80000000e+00   -2.58842612e+30
  5.40000000e+00    5.85000000e+00    6.16091635e+29
  5.40000000e+00    5.90000000e+00   -1.33000931e+29
  5.40000000e+00    5.95000000e+00    2.57843486e+28
  5.40000000e+00    6.00000000e+00   -4.43417827e+27
  5.40000000e+00    6.05000000e+00    6.65956853e+26
  5.40000000e+00    6.10000000e+00   -8.55779020e+25
  5.40000000e+00    6.15000000e+00    9.14931489e+24
  5.40000000e+00    6.20000000e+00   -7.81381894e+23
  5.40000000e+00    6.25000000e+00    4.99832589e+22
  5.40000000e+00    6.30000000e+00   -2.12906758e+21
  5.40000000e+00    6.35000000e+00    4.52993102e+19
  5.40000000e+00    6.40000000e+00    0.00000000e+00
  5.40000000e+00    6.45000000e+00    0.00000000e+00
  5.40000000e+00    6.50000000e+00    0.00000000e+00
  5.40000000e+00    6.55000000e+00    0.00000000e+00
  5.40000000e+00    6.60000000e+00    0.00000000e+00
  5.40000000e+00    6.65000000e+00    0.00000000e+00
  5.40000000e+00    6.70000000e+00    0.00000000e+00
  5.40000000e+00    6.75000000e+00    0.00000000e+00
  5.40000000e+00    6.80000000e+00    0.00000000e+00
  5.40000000e+00    6.85000000e+00    0.00000000e+00
  5.40000000e+00    6.90000000e+00    0.00000000e+00
  5.40000000e+00    6.95000000e+00    0.00000000e+00
  5.40000000e+00    7.00000000e+00    0.00000000e+00
  5.40000000e+00    7.05000000e+00    0.00000000e+00
  5.40000000e+00    7.10000000e+00    0.00000000e+00
  5.40000000e+00    7.15000000e+00    0.00000000e+00
  5.40000000e+00    7.20000000e+00    0.00000000e+00
  5.40000000e+00    7.25000000e+00    0.00000000e+00
  5.40000000e+00    7.30000000e+00    0.00000000e+00
  5.40000000e+00    7.35000000e+00    0.00000000e+00
  5.40000000e+00    7.40000000e+00    0.00000000e+00
  5.40000000e+00    7.45000000e+00    0.00000000e+00
  5.40000000e+00    7.50000000e+00    0.00000000e+00
  5.40000000e+00    7.55000000e+00    0.00000000e+00
  5.40000000e+00    7.60000000e+00    0.00000000e+00
  5.40000000e+00    7.65000000e+00    0.00000000e+00
  5.40000000e+00    7.70000000e+00    0.00000000e+00
  5.40000000e+00    7.75000000e+00    0.00000000e+00
  5.40000000e+00    7.80000000e+00    0.00000000e+00
  5.40000000e+00    7.85000000e+00    0.00000000e+00
  5.40000000e+00    7.90000000e+00    0.00000000e+00
  5.40000000e+00    7.95000000e+00    0.00000000e+00
  5.40000000e+00    8.00000000e+00    0.00000000e+00
  5.40000000e+00    8.05000000e+00    0.00000000e+00
  5.40000000e+00    8.10000000e+00    0.00000000e+00
  5.40000000e+00    8.15000000e+00    0.00000000e+00
  5.40000000e+00    8.20000000e+00    0.00000000e+00
  5.40000000e+00    8.25000000e+00    0.00000000e+00
  5.40000000e+00    8.30000000e+00    0.00000000e+00
  5.40000000e+00    8.35000000e+00    0.00000000e+00
  5.40000000e+00    8.40000000e+00    0.00000000e+00
  5.40000000e+00    8.45000000e+00    0.00000000e+00
  5.40000000e+00    8.50000000e+00    0.00000000e+00
  5.40000000e+00    8.55000000e+00    0.00000000e+00
  5.40000000e+00    8.60000000e+00    0.00000000e+00
  5.40000000e+00    8.65000000e+00    0.00000000e+00
  5.40000000e+00    8.70000000e+00    0.00000000e+00
  5.40000000e+00    8.75000000e+00    0.00000000e+00
  5.40000000e+00    8.80000000e+00    0.00000000e+00
  5.40000000e+00    8.85000000e+00    0.00000000e+00
  5.40000000e+00    8.90000000e+00    0.00000000e+00
  5.40000000e+00    8.95000000e+00    0.00000000e+00
  5.40000000e+00    9.00000000e+00    0.00000000e+00
  5.40000000e+00    9.05000000e+00    0.00000000e+00
  5.40000000e+00    9.10000000e+00    0.00000000e+00
  5.40000000e+00    9.15000000e+00    0.00000000e+00
  5.40000000e+00    9.20000000e+00    0.00000000e+00
  5.40000000e+00    9.25000000e+00    0.00000000e+00
  5.40000000e+00    9.30000000e+00    0.00000000e+00
  5.40000000e+00    9.35000000e+00    0.00000000e+00
  5.40000000e+00    9.40000000e+00    0.00000000e+00
  5.40000000e+00    9.45000000e+00    0.00000000e+00
  5.40000000e+00    9.50000000e+00    0.00000000e+00
  5.40000000e+00    9.55000000e+00    0.00000000e+00
  5.40000000e+00    9.60000000e+00    0.00000000e+00
  5.40000000e+00    9.65000000e+00    0.00000000e+00
  5.40000000e+00    9.70000000e+00    0.00000000e+00
  5.40000000e+00    9.75000000e+00    0.00000000e+00
  5.40000000e+00    9.80000000e+00    0.00000000e+00
  5.40000000e+00    9.85000000e+00    0.00000000e+00
  5.40000000e+00    9.90000000e+00    0.00000000e+00
  5.40000000e+00    9.95000000e+00    0.00000000e+00
  5.40000000e+00    1.00000000e+01    0.00000000e+00
