  5.00000000e-01    0.00000000e+00    0.00000000e+00
  5.00000000e-01    5.00000000e-02   -4.11379328e-04
  5.00000000e-01    1.00000000e-01   -1.60491432e-03
  5.00000000e-01    1.50000000e-01    2.35874791e-03
  5.00000000e-01    2.00000000e-01    6.79567665e-03
  5.00000000e-01    2.50000000e-01   -5.59450722e-03
  5.00000000e-01    3.00000000e-01   -1.84633126e-02
  5.00000000e-01    3.50000000e-01    1.11648472e-02
  5.00000000e-01    4.00000000e-01    5.76578169e-02
  5.00000000e-01    4.50000000e-01    2.52817048e-02
  5.00000000e-01    5.00000000e-01   -1.00920110e-01
  5.00000000e-01    5.50000000e-01   -1.86863595e-01
  5.00000000e-01    6.00000000e-01   -9.11449607e-02
  5.00000000e-01    6.50000000e-01    1.81342704e-01
  5.00000000e-01    7.00000000e-01    5.03630833e-01
  5.00000000e-01    7.50000000e-01    7.56764165e-01
  5.00000000e-01    8.00000000e-01    9.03618728e-01
  5.00000000e-01    8.50000000e-01    9.69193763e-01
  5.00000000e-01    9.00000000e-01    9.92112835e-01
  5.00000000e-01    9.50000000e-01    9.98403621e-01
  5.00000000e-01    1.00000000e+00    9.99750065e-01
  5.00000000e-01    1.05000000e+00    9.99970782e-01
  5.00000000e-01    1.10000000e+00    9.99997598e-01
  5.00000000e-01    1.15000000e+00    9.99999876e-01
  5.00000000e-01    1.20000000e+00    9.99999997e-01
  5.00000000e-01    1.25000000e+00    1.00000000e+00
  5.00000000e-01    1.30000000e+00    1.00000000e+00
  5.00000000e-01    1.35000000e+00    1.00000000e+00
  5.00000000e-01    1.40000000e+00    1.00000000e+00
  5.00000000e-01    1.45000000e+00    1.00000000e+00
  5.00000000e-01    1.50000000e+00    1.00000000e+00
  5.00000000e-01    1.55000000e+00    1.00000000e+00
  5.00000000e-01    1.60000000e+00    1.00000000e+00
  5.00000000e-01    1.65000000e+00    1.00000000e+00
  5.00000000e-01    1.70000000e+00    1.00000000e+00
  5.00000000e-01    1.75000000e+00    1.00000000e+00
  5.00000000e-01    1.80000000e+00    1.00000000e+00
  5.00000000e-01    1.85000000e+00    1.00000000e+00
  5.00000000e-01    1.90000000e+00    1.00000000e+00
  5.00000000e-01    1.95000000e+00    1.00000000e+00
  5.00000000e-01    2.00000000e+00    1.00000000e+00
  5.00000000e-01    2.05000000e+00    1.00000000e+00
  5.00000000e-01    2.10000000e+00    9.99999999e-01
  5.00000000e-01    2.15000000e+00    1.00000001e+00
  5.00000000e-01    2.20000000e+00    9.99999890e-01
  5.00000000e-01    2.25000000e+00    1.00000072e+00
  5.00000000e-01    2.30000000e+00    9.99996432e-01
  5.00000000e-01    2.35000000e+00    1.00001281e+00
  5.00000000e-01    2.40000000e+00    9.99971274e-01
  5.00000000e-01    2.45000000e+00    1.00001504e+00
  5.00000000e-01    2.50000000e+00    1.00013293e+00
  5.00000000e-01    2.55000000e+00    9.99613657e-01
  5.00000000e-01    2.60000000e+00    1.00001259e+00
  5.00000000e-01    2.65000000e+00    1.00174029e+00
  5.00000000e-01    2.70000000e+00    9.98416843e-01
  5.00000000e-01    2.75000000e+00    9.94241598e-01
  5.00000000e-01    2.80000000e+00    1.00646155e+00
  5.00000000e-01    2.85000000e+00    1.01898729e+00
  5.00000000e-01    2.90000000e+00    9.89076252e-01
  5.00000000e-01    2.95000000e+00    9.42428454e-01
  5.00000000e-01    3.00000000e+00    9.74742433e-01
  5.00000000e-01    3.05000000e+00    1.10092536e+00
  5.00000000e-01    3.10000000e+00    1.18686447e+00
  5.00000000e-01    3.15000000e+00    1.09114507e+00
  5.00000000e-01    3.20000000e+00    8.18657306e-01
  5.00000000e-01    3.25000000e+00    4.96369168e-01
  5.00000000e-01    3.30000000e+00    2.43235835e-01
  5.00000000e-01    3.35000000e+00    9.63812721e-02
  5.00000000e-01    3.40000000e+00    3.08062367e-02
  5.00000000e-01    3.45000000e+00    7.88716512e-03
  5.00000000e-01    3.50000000e+00    1.59637887e-03
  5.00000000e-01    3.55000000e+00    2.49934816e-04
  5.00000000e-01    3.60000000e+00    2.92177949e-05
  5.00000000e-01    3.65000000e+00    2.40230498e-06
  5.00000000e-01    3.70000000e+00    1.23996438e-07
  5.00000000e-01    3.75000000e+00    3.02430338e-09
  5.00000000e-01    3.80000000e+00    0.00000000e+00
  5.00000000e-01    3.85000000e+00    0.00000000e+00
  5.00000000e-01    3.90000000e+00    0.00000000e+00
  5.00000000e-01    3.95000000e+00    0.00000000e+00
  5.00000000e-01    4.00000000e+00    0.00000000e+00
  5.00000000e-01    4.05000000e+00    0.00000000e+00
  5.00000000e-01    4.10000000e+00    0.00000000e+00
  5.00000000e-01    4.15000000e+00    0.00000000e+00
  5.00000000e-01    4.20000000e+00    0.00000000e+00
  5.00000000e-01    4.25000000e+00    0.00000000e+00
  5.00000000e-01    4.30000000e+00    0.00000000e+00
  5.00000000e-01    4.35000000e+00    0.00000000e+00
  5.00000000e-01    4.40000000e+00    0.00000000e+00
  5.00000000e-01    4.45000000e+00    0.00000000e+00
  5.00000000e-01    4.50000000e+00    0.00000000e+00
  5.00000000e-01    4.55000000e+00    0.00000000e+00
  5.00000000e-01    4.60000000e+00    0.00000000e+00
  5.00000000e-01    4.65000000e+00    0.00000000e+00
  5.00000000e-01    4.70000000e+00    0.00000000e+00
  5.00000000e-01    4.75000000e+00    0.00000000e+00
  5.00000000e-01    4.80000000e+00    0.00000000e+00
  5.00000000e-01    4.85000000e+00    0.00000000e+00
  5.00000000e-01    4.90000000e+00    0.00000000e+00
  5.00000000e-01    4.95000000e+00    0.00000000e+00
  5.00000000e-01    5.00000000e+00    0.00000000e+00
  5.00000000e-01    5.05000000e+00    0.00000000e+00
  5.00000000e-01    5.10000000e+00    0.00000000e+00
  5.00000000e-01    5.15000000e+00    0.00000000e+00
  5.00000000e-01    5.20000000e+00    0.00000000e+00
  5.00000000e-01    5.25000000e+00    0.00000000e+00
  5.00000000e-01    5.30000000e+00    0.00000000e+00
  5.00000000e-01    5.35000000e+00    0.00000000e+00
  5.00000000e-01    5.40000000e+00    0.00000000e+00
  5.00000000e-01    5.45000000e+00    0.00000000e+00
  5.00000000e-01    5.50000000e+00    0.00000000e+00
  5.00000000e-01    5.55000000e+00    0.00000000e+00
  5.00000000e-01    5.60000000e+00    0.00000000e+00
  5.00000000e-01    5.65000000e+00    0.00000000e+00
  5.00000000e-01    5.70000000e+00    0.00000000e+00
  5.00000000e-01    5.75000000e+00    0.00000000e+00
  5.00000000e-01    5.80000000e+00    0.00000000e+00
  5.00000000e-01    5.85000000e+00    0.00000000e+00
  5.00000000e-01    5.90000000e+00    0.00000000e+00
  5.00000000e-01    5.95000000e+00    0.00000000e+00
  5.00000000e-01    6.00000000e+00    0.00000000e+00
  5.00000000e-01    6.05000000e+00    0.00000000e+00
  5.00000000e-01    6.10000000e+00    0.00000000e+00
  5.00000000e-01    6.15000000e+00    0.00000000e+00
  5.00000000e-01    6.20000000e+00    0.00000000e+00
  5.00000000e-01    6.25000000e+00    0.00000000e+00
  5.00000000e-01    6.30000000e+00    0.00000000e+00
  5.00000000e-01    6.35000000e+00    0.00000000e+00
  5.00000000e-01    6.40000000e+00    0.00000000e+00
  5.00000000e-01    6.45000000e+00    0.00000000e+00
  5.00000000e-01    6.50000000e+00    0.00000000e+00
  5.00000000e-01    6.55000000e+00    0.00000000e+00
  5.00000000e-01    6.60000000e+00    0.00000000e+00
  5.00000000e-01    6.65000000e+00    0.00000000e+00
  5.00000000e-01    6.70000000e+00    0.00000000e+00
  5.00000000e-01    6.75000000e+00    0.00000000e+00
  5.00000000e-01    6.80000000e+00    0.00000000e+00
  5.00000000e-01    6.85000000e+00    0.00000000e+00
  5.00000000e-01    6.90000000e+00    0.00000000e+00
  5.00000000e-01    6.95000000e+00    0.00000000e+00
  5.00000000e-01    7.00000000e+00    0.00000000e+00
  5.00000000e-01    7.05000000e+00    0.00000000e+00
  5.00000000e-01    7.10000000e+00    0.00000000e+00
  5.00000000e-01    7.15000000e+00    0.00000000e+00
  5.00000000e-01    7.20000000e+00    0.00000000e+00
  5.00000000e-01    7.25000000e+00    0.00000000e+00
  5.00000000e-01    7.30000000e+00    0.00000000e+00
  5.00000000e-01    7.35000000e+00    0.00000000e+00
  5.00000000e-01    7.40000000e+00    0.00000000e+00
  5.00000000e-01    7.45000000e+00    0.00000000e+00
  5.00000000e-01    7.50000000e+00    0.00000000e+00
  5.00000000e-01    7.55000000e+00    0.00000000e+00
  5.00000000e-01    7.60000000e+00    0.00000000e+00
  5.00000000e-01    7.65000000e+00    0.00000000e+00
  5.00000000e-01    7.70000000e+00    0.00000000e+00
  5.00000000e-01    7.75000000e+00    0.00000000e+00
  5.00000000e-01    7.80000000e+00    0.00000000e+00
  5.00000000e-01    7.85000000e+00    0.00000000e+00
  5.00000000e-01    7.90000000e+00    0.00000000e+00
  5.00000000e-01    7.95000000e+00    0.00000000e+00
  5.00000000e-01    8.00000000e+00    0.00000000e+00
  5.00000000e-01    8.05000000e+00    0.00000000e+00
  5.00000000e-01    8.10000000e+00    0.00000000e+00
  5.00000000e-01    8.15000000e+00    0.00000000e+00
  5.00000000e-01    8.20000000e+00    0.00000000e+00
  5.00000000e-01    8.25000000e+00    0.00000000e+00
  5.00000000e-01    8.30000000e+00    0.00000000e+00
  5.00000000e-01    8.35000000e+00    0.00000000e+00
  5.00000000e-01    8.40000000e+00    0.00000000e+00
  5.00000000e-01    8.45000000e+00    0.00000000e+00
  5.00000000e-01    8.50000000e+00    0.00000000e+00
  5.00000000e-01    8.55000000e+00    0.00000000e+00
  5.00000000e-01    8.60000000e+00    0.00000000e+00
  5.00000000e-01    8.65000000e+00    0.00000000e+00
  5.00000000e-01    8.70000000e+00    0.00000000e+00
  5.00000000e-01    8.75000000e+00    0.00000000e+00
  5.00000000e-01    8.80000000e+00    0.00000000e+00
  5.00000000e-01    8.85000000e+00    0.00000000e+00
  5.00000000e-01    8.90000000e+00    0.00000000e+00
  5.00000000e-01    8.95000000e+00    0.00000000e+00
  5.00000000e-01    9.00000000e+00    0.00000000e+00
  5.00000000e-01    9.05000000e+00    0.00000000e+00
  5.00000000e-01    9.10000000e+00    0.00000000e+00
  5.00000000e-01    9.15000000e+00    0.00000000e+00
  5.00000000e-01    9.20000000e+00    0.00000000e+00
  5.00000000e-01    9.25000000e+00    0.00000000e+00
  5.00000000e-01    9.30000000e+00    0.00000000e+00
  5.00000000e-01    9.35000000e+00    0.00000000e+00
  5.00000000e-01    9.40000000e+00    0.00000000e+00
  5.00000000e-01    9.45000000e+00    0.00000000e+00
  5.00000000e-01    9.50000000e+00    0.00000000e+00
  5.00000000e-01    9.55000000e+00    0.00000000e+00
  5.00000000e-01    9.60000000e+00    0.00000000e+00
  5.00000000e-01    9.65000000e+00    0.00000000e+00
  5.00000000e-01    9.70000000e+00    0.00000000e+00
  5.00000000e-01    9.75000000e+00    0.00000000e+00
  5.00000000e-01    9.80000000e+00    0.00000000e+00
  5.00000000e-01    9.85000000e+00    0.00000000e+00
  5.00000000e-01    9.90000000e+00    0.00000000e+00
  5.00000000e-01    9.95000000e+00    0.00000000e+00
  5.00000000e-01    1.00000000e+01    0.00000000e+00
