  2.70000000e+00    0.00000000e+00    0.00000000e+00
  2.70000000e+00    5.00000000e-02   -2.08433215e-03
  2.70000000e+00    1.00000000e-01    8.10693882e-03
  2.70000000e+00    1.50000000e-01    2.91469076e-02
  2.70000000e+00    2.00000000e-01   -7.10625996e-02
  2.70000000e+00    2.50000000e-01   -2.10705038e-01
  2.70000000e+00    3.00000000e-01    4.27069386e-01
  2.70000000e+00    3.50000000e-01    1.18649999e+00
  2.70000000e+00    4.00000000e-01   -2.07952342e+00
  2.70000000e+00    4.50000000e-01   -5.66361177e+00
  2.70000000e+00    5.00000000e-01    8.61834263e+00
  2.70000000e+00    5.50000000e-01    2.35933010e+01
  2.70000000e+00    6.00000000e-01   -3.09696474e+01
  2.70000000e+00    6.50000000e-01   -8.67333839e+01
  2.70000000e+00    7.00000000e-01    9.70912643e+01
  2.70000000e+00    7.50000000e-01    2.82337471e+02
  2.70000000e+00    8.00000000e-01   -2.65393715e+02
  2.70000000e+00    8.50000000e-01   -8.13327649e+02
  2.70000000e+00    9.00000000e-01    6.28929338e+02
  2.70000000e+00    9.50000000e-01    2.06674107e+03
  2.70000000e+00    1.00000000e+00   -1.27801264e+03
  2.70000000e+00    1.05000000e+00   -4.60823749e+03
  2.70000000e+00    1.10000000e+00    2.18564356e+03
  2.70000000e+00    1.15000000e+00    8.94969884e+03
  2.70000000e+00    1.20000000e+00   -3.04312601e+03
  2.70000000e+00    1.25000000e+00   -1.49909175e+04
  2.70000000e+00    1.30000000e+00    3.21651068e+03
  2.70000000e+00    1.35000000e+00    2.13745793e+04
  2.70000000e+00    1.40000000e+00   -2.07169021e+03
  2.70000000e+00    1.45000000e+00   -2.54856954e+04
  2.70000000e+00    1.50000000e+00   -3.52858556e+02
  2.70000000e+00    1.55000000e+00    2.47856019e+04
  2.70000000e+00    1.60000000e+00    2.94142507e+03
  2.70000000e+00    1.65000000e+00   -1.89491398e+04
  2.70000000e+00    1.70000000e+00   -4.14107725e+03
  2.70000000e+00    1.75000000e+00    1.07322925e+04
  2.70000000e+00    1.80000000e+00    3.37593002e+03
  2.70000000e+00    1.85000000e+00   -4.03367294e+03
  2.70000000e+00    1.90000000e+00   -1.64709880e+03
  2.70000000e+00    1.95000000e+00    7.65451081e+02
  2.70000000e+00    2.00000000e+00    3.85196859e+02
  2.70000000e+00    2.05000000e+00   -1.13214756e+00
  2.70000000e+00    2.10000000e+00   -1.23045469e+00
  2.70000000e+00    2.15000000e+00   -1.30935681e+00
  2.70000000e+00    2.20000000e+00   -1.36761771e+00
  2.70000000e+00    2.25000000e+00   -1.40431046e+00
  2.70000000e+00    2.30000000e+00   -1.41878153e+00
  2.70000000e+00    2.35000000e+00   -1.41087756e+00
  2.70000000e+00    2.40000000e+00   -1.38133818e+00
  2.70000000e+00    2.45000000e+00   -1.33001427e+00
  2.70000000e+00    2.50000000e+00   -1.25320553e+00
  2.70000000e+00    2.55000000e+00   -1.15663299e+00
  2.70000000e+00    2.60000000e+00   -1.07141460e+00
  2.70000000e+00    2.65000000e+00   -9.69299369e-01
  2.70000000e+00    2.70000000e+00   -6.77809783e-01
  2.70000000e+00    2.75000000e+00   -3.75630731e-01
  2.70000000e+00    2.80000000e+00   -9.86325128e-01
  2.70000000e+00    2.85000000e+00   -1.58146459e+00
  2.70000000e+00    2.90000000e+00    2.20053466e+00
  2.70000000e+00    2.95000000e+00    5.94783016e+00
  2.70000000e+00    3.00000000e+00   -8.89551696e+00
  2.70000000e+00    3.05000000e+00   -2.35985765e+01
  2.70000000e+00    3.10000000e+00    3.25346869e+01
  2.70000000e+00    3.15000000e+00    8.81548588e+01
  2.70000000e+00    3.20000000e+00   -9.78339487e+01
  2.70000000e+00    3.25000000e+00   -2.82279856e+02
  2.70000000e+00    3.30000000e+00    2.68826424e+02
  2.70000000e+00    3.35000000e+00    8.15693151e+02
  2.70000000e+00    3.40000000e+00   -6.30367852e+02
  2.70000000e+00    3.45000000e+00   -2.06648758e+03
  2.70000000e+00    3.50000000e+00    1.28213547e+03
  2.70000000e+00    3.55000000e+00    4.61053847e+03
  2.70000000e+00    3.60000000e+00   -2.18640088e+03
  2.70000000e+00    3.65000000e+00   -8.94885938e+03
  2.70000000e+00    3.70000000e+00    3.04579507e+03
  2.70000000e+00    3.75000000e+00    1.49924155e+04
  2.70000000e+00    3.80000000e+00   -3.21594926e+03
  2.70000000e+00    3.85000000e+00   -2.13735966e+04
  2.70000000e+00    3.90000000e+00    2.07279027e+03
  2.70000000e+00    3.95000000e+00    2.54864880e+04
  2.70000000e+00    4.00000000e+00    3.53462141e+02
  2.70000000e+00    4.05000000e+00   -2.47851380e+04
  2.70000000e+00    4.10000000e+00   -2.94113295e+03
  2.70000000e+00    4.15000000e+00    1.89492556e+04
  2.70000000e+00    4.20000000e+00    4.14101484e+03
  2.70000000e+00    4.25000000e+00   -1.07325321e+04
  2.70000000e+00    4.30000000e+00   -3.37634304e+03
  2.70000000e+00    4.35000000e+00    4.03309302e+03
  2.70000000e+00    4.40000000e+00    1.64636112e+03
  2.70000000e+00    4.45000000e+00   -7.66334881e+02
  2.70000000e+00    4.50000000e+00   -3.86212844e+02
  2.70000000e+00    4.55000000e+00   -7.54746861e-13
  2.70000000e+00    4.60000000e+00    0.00000000e+00
  2.70000000e+00    4.65000000e+00    0.00000000e+00
  2.70000000e+00    4.70000000e+00    0.00000000e+00
  2.70000000e+00    4.75000000e+00    0.00000000e+00
  2.70000000e+00    4.80000000e+00    0.00000000e+00
  2.70000000e+00    4.85000000e+00    0.00000000e+00
  2.70000000e+00    4.90000000e+00    0.00000000e+00
  2.70000000e+00    4.95000000e+00    0.00000000e+00
  2.70000000e+00    5.00000000e+00    0.00000000e+00
  2.70000000e+00    5.05000000e+00    0.00000000e+00
  2.70000000e+00    5.10000000e+00    0.00000000e+00
  2.70000000e+00    5.15000000e+00    0.00000000e+00
  2.70000000e+00    5.20000000e+00    0.00000000e+00
  2.70000000e+00    5.25000000e+00    0.00000000e+00
  2.70000000e+00    5.30000000e+00    0.00000000e+00
  2.70000000e+00    5.35000000e+00    0.00000000e+00
  2.70000000e+00    5.40000000e+00    0.00000000e+00
  2.70000000e+00    5.45000000e+00    0.00000000e+00
  2.70000000e+00    5.50000000e+00    0.00000000e+00
  2.70000000e+00    5.55000000e+00    0.00000000e+00
  2.70000000e+00    5.60000000e+00    0.00000000e+00
  2.70000000e+00    5.65000000e+00    0.00000000e+00
  2.70000000e+00    5.70000000e+00    0.00000000e+00
  2.70000000e+00    5.75000000e+00    0.00000000e+00
  2.70000000e+00    5.80000000e+00    0.00000000e+00
  2.70000000e+00    5.85000000e+00    0.00000000e+00
  2.70000000e+00    5.90000000e+00    0.00000000e+00
  2.70000000e+00    5.95000000e+00    0.00000000e+00
  2.70000000e+00    6.00000000e+00    0.00000000e+00
  2.70000000e+00    6.05000000e+00    0.00000000e+00
  2.70000000e+00    6.10000000e+00    0.00000000e+00
  2.70000000e+00    6.15000000e+00    0.00000000e+00
  2.70000000e+00    6.20000000e+00    0.00000000e+00
  2.70000000e+00    6.25000000e+00    0.00000000e+00
  2.70000000e+00    6.30000000e+00    0.00000000e+00
  2.70000000e+00    6.35000000e+00    0.00000000e+00
  2.70000000e+00    6.40000000e+00    0.00000000e+00
  2.70000000e+00    6.45000000e+00    0.00000000e+00
  2.70000000e+00    6.50000000e+00    0.00000000e+00
  2.70000000e+00    6.55000000e+00    0.00000000e+00
  2.70000000e+00    6.60000000e+00    0.00000000e+00
  2.70000000e+00    6.65000000e+00    0.00000000e+00
  2.70000000e+00    6.70000000e+00    0.00000000e+00
  2.70000000e+00    6.75000000e+00    0.00000000e+00
  2.70000000e+00    6.80000000e+00    0.00000000e+00
  2.70000000e+00    6.85000000e+00    0.00000000e+00
  2.70000000e+00    6.90000000e+00    0.00000000e+00
  2.70000000e+00    6.95000000e+00    0.00000000e+00
  2.70000000e+00    7.00000000e+00    0.00000000e+00
  2.70000000e+00    7.05000000e+00    0.00000000e+00
  2.70000000e+00    7.10000000e+00    0.00000000e+00
  2.70000000e+00    7.15000000e+00    0.00000000e+00
  2.70000000e+00    7.20000000e+00    0.00000000e+00
  2.70000000e+00    7.25000000e+00    0.00000000e+00
  2.70000000e+00    7.30000000e+00    0.00000000e+00
  2.70000000e+00    7.35000000e+00    0.00000000e+00
  2.70000000e+00    7.40000000e+00    0.00000000e+00
  2.70000000e+00    7.45000000e+00    0.00000000e+00
  2.70000000e+00    7.50000000e+00    0.00000000e+00
  2.70000000e+00    7.55000000e+00    0.00000000e+00
  2.70000000e+00    7.60000000e+00    0.00000000e+00
  2.70000000e+00    7.65000000e+00    0.00000000e+00
  2.70000000e+00    7.70000000e+00    0.00000000e+00
  2.70000000e+00    7.75000000e+00    0.00000000e+00
  2.70000000e+00    7.80000000e+00    0.00000000e+00
  2.70000000e+00    7.85000000e+00    0.00000000e+00
  2.70000000e+00    7.90000000e+00    0.00000000e+00
  2.70000000e+00    7.95000000e+00    0.00000000e+00
  2.70000000e+00    8.00000000e+00    0.00000000e+00
  2.70000000e+00    8.05000000e+00    0.00000000e+00
  2.70000000e+00    8.10000000e+00    0.00000000e+00
  2.70000000e+00    8.15000000e+00    0.00000000e+00
  2.70000000e+00    8.20000000e+00    0.00000000e+00
  2.70000000e+00    8.25000000e+00    0.00000000e+00
  2.70000000e+00    8.30000000e+00    0.00000000e+00
  2.70000000e+00    8.35000000e+00    0.00000000e+00
  2.70000000e+00    8.40000000e+00    0.00000000e+00
  2.70000000e+00    8.45000000e+00    0.00000000e+00
  2.70000000e+00    8.50000000e+00    0.00000000e+00
  2.70000000e+00    8.55000000e+00    0.00000000e+00
  2.70000000e+00    8.60000000e+00    0.00000000e+00
  2.70000000e+00    8.65000000e+00    0.00000000e+00
  2.70000000e+00    8.70000000e+00    0.00000000e+00
  2.70000000e+00    8.75000000e+00    0.00000000e+00
  2.70000000e+00    8.80000000e+00    0.00000000e+00
  2.70000000e+00    8.85000000e+00    0.00000000e+00
  2.70000000e+00    8.90000000e+00    0.00000000e+00
  2.70000000e+00    8.95000000e+00    0.00000000e+00
  2.70000000e+00    9.00000000e+00    0.00000000e+00
  2.70000000e+00    9.05000000e+00    0.00000000e+00
  2.70000000e+00    9.10000000e+00    0.00000000e+00
  2.70000000e+00    9.15000000e+00    0.00000000e+00
  2.70000000e+00    9.20000000e+00    0.00000000e+00
  2.70000000e+00    9.25000000e+00    0.00000000e+00
  2.70000000e+00    9.30000000e+00    0.00000000e+00
  2.70000000e+00    9.35000000e+00    0.00000000e+00
  2.70000000e+00    9.40000000e+00    0.00000000e+00
  2.70000000e+00    9.45000000e+00    0.00000000e+00
  2.70000000e+00    9.50000000e+00    0.00000000e+00
  2.70000000e+00    9.55000000e+00    0.00000000e+00
  2.70000000e+00    9.60000000e+00    0.00000000e+00
  2.70000000e+00    9.65000000e+00    0.00000000e+00
  2.70000000e+00    9.70000000e+00    0.00000000e+00
  2.70000000e+00    9.75000000e+00    0.00000000e+00
  2.70000000e+00    9.80000000e+00    0.00000000e+00
  2.70000000e+00    9.85000000e+00    0.00000000e+00
  2.70000000e+00    9.90000000e+00    0.00000000e+00
  2.70000000e+00    9.95000000e+00    0.00000000e+00
  2.70000000e+00    1.00000000e+01    0.00000000e+00
