  7.20000000e+00    0.00000000e+00    0.00000000e+00
  7.20000000e+00    5.00000000e-02   -5.46038204e-01
  7.20000000e+00    1.00000000e-01    1.84310812e+00
  7.20000000e+00    1.50000000e-01    7.90303507e+00
  7.20000000e+00    2.00000000e-01   -1.73955075e+01
  7.20000000e+00    2.50000000e-01   -6.13120802e+01
  7.20000000e+00    3.00000000e-01    1.18469748e+02
  7.20000000e+00    3.50000000e-01    3.85460463e+02
  7.20000000e+00    4.00000000e-01   -6.89915559e+02
  7.20000000e+00    4.50000000e-01   -2.14662424e+03
  7.20000000e+00    5.00000000e-01    3.62287295e+03
  7.20000000e+00    5.50000000e-01    1.09588084e+04
  7.20000000e+00    6.00000000e-01   -1.75624230e+04
  7.20000000e+00    6.50000000e-01   -5.21522158e+04
  7.20000000e+00    7.00000000e-01    7.95734510e+04
  7.20000000e+00    7.50000000e-01    2.33525966e+05
  7.20000000e+00    8.00000000e-01   -3.39426684e+05
  7.20000000e+00    8.50000000e-01   -9.89455222e+05
  7.20000000e+00    9.00000000e-01    1.36921819e+06
  7.20000000e+00    9.50000000e-01    3.98112654e+06
  7.20000000e+00    1.00000000e+00   -5.23852207e+06
  7.20000000e+00    1.05000000e+00   -1.52465869e+07
  7.20000000e+00    1.10000000e+00    1.90448020e+07
  7.20000000e+00    1.15000000e+00    5.56613198e+07
  7.20000000e+00    1.20000000e+00   -6.58722924e+07
  7.20000000e+00    1.25000000e+00   -1.93895183e+08
  7.20000000e+00    1.30000000e+00    2.16922528e+08
  7.20000000e+00    1.35000000e+00    6.44853564e+08
  7.20000000e+00    1.40000000e+00   -6.80363872e+08
  7.20000000e+00    1.45000000e+00   -2.04812657e+09
  7.20000000e+00    1.50000000e+00    2.03257645e+09
  7.20000000e+00    1.55000000e+00    6.21265121e+09
  7.20000000e+00    1.60000000e+00   -5.78298392e+09
  7.20000000e+00    1.65000000e+00   -1.79955711e+10
  7.20000000e+00    1.70000000e+00    1.56637454e+10
  7.20000000e+00    1.75000000e+00    4.97623463e+10
  7.20000000e+00    1.80000000e+00   -4.03675443e+10
  7.20000000e+00    1.85000000e+00   -1.31311719e+11
  7.20000000e+00    1.90000000e+00    9.89086344e+10
  7.20000000e+00    1.95000000e+00    3.30478224e+11
  7.20000000e+00    2.00000000e+00   -2.30191200e+11
  7.20000000e+00    2.05000000e+00   -7.92756887e+11
  7.20000000e+00    2.10000000e+00    5.08267492e+11
  7.20000000e+00    2.15000000e+00    1.81121290e+12
  7.20000000e+00    2.20000000e+00   -1.06325922e+12
  7.20000000e+00    2.25000000e+00   -3.93785133e+12
  7.20000000e+00    2.30000000e+00    2.10379393e+12
  7.20000000e+00    2.35000000e+00    8.13935436e+12
  7.20000000e+00    2.40000000e+00   -3.92926849e+12
  7.20000000e+00    2.45000000e+00   -1.59768866e+13
  7.20000000e+00    2.50000000e+00    6.91042986e+12
  7.20000000e+00    2.55000000e+00    2.97470251e+13
  7.20000000e+00    2.60000000e+00   -1.14097280e+13
  7.20000000e+00    2.65000000e+00   -5.24643403e+13
  7.20000000e+00    2.70000000e+00    1.76184762e+13
  7.20000000e+00    2.75000000e+00    8.75207539e+13
  7.20000000e+00    2.80000000e+00   -2.53175233e+13
  7.20000000e+00    2.85000000e+00   -1.37870269e+14
  7.20000000e+00    2.90000000e+00    3.36257961e+13
  7.20000000e+00    2.95000000e+00    2.04715425e+14
  7.20000000e+00    3.00000000e+00   -4.08699622e+13
  7.20000000e+00    3.05000000e+00   -2.85936070e+14
  7.20000000e+00    3.10000000e+00    4.47441725e+13
  7.20000000e+00    3.15000000e+00    3.74835986e+14
  7.20000000e+00    3.20000000e+00   -4.28731334e+13
  7.20000000e+00    3.25000000e+00   -4.60007170e+14
  7.20000000e+00    3.30000000e+00    3.37144906e+13
  7.20000000e+00    3.35000000e+00    5.26984326e+14
  7.20000000e+00    3.40000000e+00   -1.74876726e+13
  7.20000000e+00    3.45000000e+00   -5.61741426e+14
  7.20000000e+00    3.50000000e+00   -3.35863221e+12
  7.20000000e+00    3.55000000e+00    5.55114668e+14
  7.20000000e+00    3.60000000e+00    2.45557223e+13
  7.20000000e+00    3.65000000e+00   -5.06412472e+14
  7.20000000e+00    3.70000000e+00   -4.13337610e+13
  7.20000000e+00    3.75000000e+00    4.24408264e+14
  7.20000000e+00    3.80000000e+00    5.01523286e+13
  7.20000000e+00    3.85000000e+00   -3.24899780e+14
  7.20000000e+00    3.90000000e+00   -5.00075262e+13
  7.20000000e+00    3.95000000e+00    2.25675450e+14
  7.20000000e+00    4.00000000e+00    4.26278203e+13
  7.20000000e+00    4.05000000e+00   -1.41092771e+14
  7.20000000e+00    4.10000000e+00   -3.14774069e+13
  7.20000000e+00    4.15000000e+00    7.86345672e+13
  7.20000000e+00    4.20000000e+00    2.01645828e+13
  7.20000000e+00    4.25000000e+00   -3.86234511e+13
  7.20000000e+00    4.30000000e+00   -1.11287809e+13
  7.20000000e+00    4.35000000e+00    1.65414037e+13
  7.20000000e+00    4.40000000e+00    5.18029334e+12
  7.20000000e+00    4.45000000e+00   -6.26251406e+12
  7.20000000e+00    4.50000000e+00   -1.86283117e+12
  7.20000000e+00    4.55000000e+00    2.56622971e+12
  7.20000000e+00    4.60000000e+00    1.66964107e+11
  7.20000000e+00    4.65000000e+00   -2.23493462e+12
  7.20000000e+00    4.70000000e+00    8.98742543e+11
  7.20000000e+00    4.75000000e+00    4.01824600e+12
  7.20000000e+00    4.80000000e+00   -2.08604750e+12
  7.20000000e+00    4.85000000e+00   -8.15744278e+12
  7.20000000e+00    4.90000000e+00    3.94767299e+12
  7.20000000e+00    4.95000000e+00    1.59905316e+13
  7.20000000e+00    5.00000000e+00   -6.94157034e+12
  7.20000000e+00    5.05000000e+00   -2.97641996e+13
  7.20000000e+00    5.10000000e+00    1.14508845e+13
  7.20000000e+00    5.15000000e+00    5.24853813e+13
  7.20000000e+00    5.20000000e+00   -1.76690666e+13
  7.20000000e+00    5.25000000e+00   -8.75448628e+13
  7.20000000e+00    5.30000000e+00    2.53756781e+13
  7.20000000e+00    5.35000000e+00    1.37896029e+14
  7.20000000e+00    5.40000000e+00   -3.36881297e+13
  7.20000000e+00    5.45000000e+00   -2.04741007e+14
  7.20000000e+00    5.50000000e+00    4.09320552e+13
  7.20000000e+00    5.55000000e+00    2.85959594e+14
  7.20000000e+00    5.60000000e+00   -4.48014411e+13
  7.20000000e+00    5.65000000e+00   -3.74855931e+14
  7.20000000e+00    5.70000000e+00    4.29218276e+13
  7.20000000e+00    5.75000000e+00    4.60022683e+14
  7.20000000e+00    5.80000000e+00   -3.37524718e+13
  7.20000000e+00    5.85000000e+00   -5.26995330e+14
  7.20000000e+00    5.90000000e+00    1.75146911e+13
  7.20000000e+00    5.95000000e+00    5.61748495e+14
  7.20000000e+00    6.00000000e+00    3.34122595e+12
  7.20000000e+00    6.05000000e+00   -5.55118736e+14
  7.20000000e+00    6.10000000e+00   -2.45456617e+13
  7.20000000e+00    6.15000000e+00    5.06414513e+14
  7.20000000e+00    6.20000000e+00    4.13286397e+13
  7.20000000e+00    6.25000000e+00   -4.24409011e+14
  7.20000000e+00    6.30000000e+00   -5.01502103e+13
  7.20000000e+00    6.35000000e+00    3.24899489e+14
  7.20000000e+00    6.40000000e+00    5.00073246e+13
  7.20000000e+00    6.45000000e+00   -2.25673485e+14
  7.20000000e+00    6.50000000e+00   -4.26296389e+13
  7.20000000e+00    6.55000000e+00    1.41086502e+14
  7.20000000e+00    6.60000000e+00    3.14833137e+13
  7.20000000e+00    6.65000000e+00   -7.86163854e+13
  7.20000000e+00    6.70000000e+00   -2.01806761e+13
  7.20000000e+00    6.75000000e+00    3.85732945e+13
  7.20000000e+00    6.80000000e+00    1.11700645e+13
  7.20000000e+00    6.85000000e+00   -1.64093240e+13
  7.20000000e+00    6.90000000e+00   -5.28099438e+12
  7.20000000e+00    6.95000000e+00    5.93061969e+12
  7.20000000e+00    7.00000000e+00    2.09634138e+12
  7.20000000e+00    7.05000000e+00   -1.77099749e+12
  7.20000000e+00    7.10000000e+00   -6.81056245e+11
  7.20000000e+00    7.15000000e+00    4.19625667e+11
  7.20000000e+00    7.20000000e+00    1.74192433e+11
  7.20000000e+00    7.25000000e+00   -7.39879203e+10
  7.20000000e+00    7.30000000e+00   -3.29374830e+10
  7.20000000e+00    7.35000000e+00    8.63239810e+09
  7.20000000e+00    7.40000000e+00    4.09848843e+09
  7.20000000e+00    7.45000000e+00   -5.00056842e+08
  7.20000000e+00    7.50000000e+00   -2.52015640e+08
  7.20000000e+00    7.55000000e+00   -4.92495307e-07
  7.20000000e+00    7.60000000e+00    0.00000000e+00
  7.20000000e+00    7.65000000e+00    0.00000000e+00
  7.20000000e+00    7.70000000e+00    0.00000000e+00
  7.20000000e+00    7.75000000e+00    0.00000000e+00
  7.20000000e+00    7.80000000e+00    0.00000000e+00
  7.20000000e+00    7.85000000e+00    0.00000000e+00
  7.20000000e+00    7.90000000e+00    0.00000000e+00
  7.20000000e+00    7.95000000e+00    0.00000000e+00
  7.20000000e+00    8.00000000e+00    0.00000000e+00
  7.20000000e+00    8.05000000e+00    0.00000000e+00
  7.20000000e+00    8.10000000e+00    0.00000000e+00
  7.20000000e+00    8.15000000e+00    0.00000000e+00
  7.20000000e+00    8.20000000e+00    0.00000000e+00
  7.20000000e+00    8.25000000e+00    0.00000000e+00
  7.20000000e+00    8.30000000e+00    0.00000000e+00
  7.20000000e+00    8.35000000e+00    0.00000000e+00
  7.20000000e+00    8.40000000e+00    0.00000000e+00
  7.20000000e+00    8.45000000e+00    0.00000000e+00
  7.20000000e+00    8.50000000e+00    0.00000000e+00
  7.20000000e+00    8.55000000e+00    0.00000000e+00
  7.20000000e+00    8.60000000e+00    0.00000000e+00
  7.20000000e+00    8.65000000e+00    0.00000000e+00
  7.20000000e+00    8.70000000e+00    0.00000000e+00
  7.20000000e+00    8.75000000e+00    0.00000000e+00
  7.20000000e+00    8.80000000e+00    0.00000000e+00
  7.20000000e+00    8.85000000e+00    0.00000000e+00
  7.20000000e+00    8.90000000e+00    0.00000000e+00
  7.20000000e+00    8.95000000e+00    0.00000000e+00
  7.20000000e+00    9.00000000e+00    0.00000000e+00
  7.20000000e+00    9.05000000e+00    0.00000000e+00
  7.20000000e+00    9.10000000e+00    0.00000000e+00
  7.20000000e+00    9.15000000e+00    0.00000000e+00
  7.20000000e+00    9.20000000e+00    0.00000000e+00
  7.20000000e+00    9.25000000e+00    0.00000000e+00
  7.20000000e+00    9.30000000e+00    0.00000000e+00
  7.20000000e+00    9.35000000e+00    0.00000000e+00
  7.20000000e+00    9.40000000e+00    0.00000000e+00
  7.20000000e+00    9.45000000e+00    0.00000000e+00
  7.20000000e+00    9.50000000e+00    0.00000000e+00
  7.20000000e+00    9.55000000e+00    0.00000000e+00
  7.20000000e+00    9.60000000e+00    0.00000000e+00
  7.20000000e+00    9.65000000e+00    0.00000000e+00
  7.20000000e+00    9.70000000e+00    0.00000000e+00
  7.20000000e+00    9.75000000e+00    0.00000000e+00
  7.20000000e+00    9.80000000e+00    0.00000000e+00
  7.20000000e+00    9.85000000e+00    0.00000000e+00
  7.20000000e+00    9.90000000e+00    0.00000000e+00
  7.20000000e+00    9.95000000e+00    0.00000000e+00
  7.20000000e+00    1.00000000e+01    0.00000000e+00
