  8.55000000e+00    0.00000000e+00    0.00000000e+00
  8.55000000e+00    5.00000000e-02   -6.15284384e+01
  8.55000000e+00    1.00000000e-01   -1.41177435e+02
  8.55000000e+00    1.50000000e-01    8.93331644e+02
  8.55000000e+00    2.00000000e-01    1.34648554e+03
  8.55000000e+00    2.50000000e-01   -6.97449790e+03
  8.55000000e+00    3.00000000e-01   -9.33191895e+03
  8.55000000e+00    3.50000000e-01    4.42699513e+04
  8.55000000e+00    4.00000000e-01    5.56968104e+04
  8.55000000e+00    4.50000000e-01   -2.49752082e+05
  8.55000000e+00    5.00000000e-01   -3.01900010e+05
  8.55000000e+00    5.50000000e-01    1.29617503e+06
  8.55000000e+00    6.00000000e-01    1.52165936e+06
  8.55000000e+00    6.50000000e-01   -6.29388504e+06
  8.55000000e+00    7.00000000e-01   -7.22144934e+06
  8.55000000e+00    7.50000000e-01    2.88677406e+07
  8.55000000e+00    8.00000000e-01    3.25079136e+07
  8.55000000e+00    8.50000000e-01   -1.25802583e+08
  8.55000000e+00    9.00000000e-01   -1.39457372e+08
  8.55000000e+00    9.50000000e-01    5.22886714e+08
  8.55000000e+00    1.00000000e+00    5.71912092e+08
  8.55000000e+00    1.05000000e+00   -2.07822153e+09
  8.55000000e+00    1.10000000e+00   -2.24685529e+09
  8.55000000e+00    1.15000000e+00    7.91269510e+09
  8.55000000e+00    1.20000000e+00    8.46878307e+09
  8.55000000e+00    1.25000000e+00   -2.88971965e+10
  8.55000000e+00    1.30000000e+00   -3.06559676e+10
  8.55000000e+00    1.35000000e+00    1.01314612e+11
  8.55000000e+00    1.40000000e+00    1.06651128e+11
  8.55000000e+00    1.45000000e+00   -3.41223930e+11
  8.55000000e+00    1.50000000e+00   -3.56760085e+11
  8.55000000e+00    1.55000000e+00    1.10441450e+12
  8.55000000e+00    1.60000000e+00    1.14781247e+12
  8.55000000e+00    1.65000000e+00   -3.43599076e+12
  8.55000000e+00    1.70000000e+00   -3.55229467e+12
  8.55000000e+00    1.75000000e+00    1.02764384e+13
  8.55000000e+00    1.80000000e+00    1.05754152e+13
  8.55000000e+00    1.85000000e+00   -2.95459890e+13
  8.55000000e+00    1.90000000e+00   -3.02830141e+13
  8.55000000e+00    1.95000000e+00    8.16529907e+13
  8.55000000e+00    2.00000000e+00    8.33947113e+13
  8.55000000e+00    2.05000000e+00   -2.16859486e+14
  8.55000000e+00    2.10000000e+00   -2.20803544e+14
  8.55000000e+00    2.15000000e+00    5.53348514e+14
  8.55000000e+00    2.20000000e+00    5.61902382e+14
  8.55000000e+00    2.25000000e+00   -1.35607202e+15
  8.55000000e+00    2.30000000e+00   -1.37382986e+15
  8.55000000e+00    2.35000000e+00    3.19043604e+15
  8.55000000e+00    2.40000000e+00    3.22570135e+15
  8.55000000e+00    2.45000000e+00   -7.20262655e+15
  8.55000000e+00    2.50000000e+00   -7.26957247e+15
  8.55000000e+00    2.55000000e+00    1.55943219e+16
  8.55000000e+00    2.60000000e+00    1.57157091e+16
  8.55000000e+00    2.65000000e+00   -3.23600052e+16
  8.55000000e+00    2.70000000e+00   -3.25700498e+16
  8.55000000e+00    2.75000000e+00    6.43159525e+16
  8.55000000e+00    2.80000000e+00    6.46624636e+16
  8.55000000e+00    2.85000000e+00   -1.22339577e+17
  8.55000000e+00    2.90000000e+00   -1.22883986e+17
  8.55000000e+00    2.95000000e+00    2.22530934e+17
  8.55000000e+00    3.00000000e+00    2.23344561e+17
  8.55000000e+00    3.05000000e+00   -3.86714729e+17
  8.55000000e+00    3.10000000e+00   -3.87869924e+17
  8.55000000e+00    3.15000000e+00    6.41404214e+17
  8.55000000e+00    3.20000000e+00    6.42960170e+17
  8.55000000e+00    3.25000000e+00   -1.01423002e+18
  8.55000000e+00    3.30000000e+00   -1.01621507e+18
  8.55000000e+00    3.35000000e+00    1.52715296e+18
  8.55000000e+00    3.40000000e+00    1.52954753e+18
  8.55000000e+00    3.45000000e+00   -2.18674662e+18
  8.55000000e+00    3.50000000e+00   -2.18947268e+18
  8.55000000e+00    3.55000000e+00    2.97343057e+18
  8.55000000e+00    3.60000000e+00    2.97635321e+18
  8.55000000e+00    3.65000000e+00   -3.83330037e+18
  8.55000000e+00    3.70000000e+00   -3.83624427e+18
  8.55000000e+00    3.75000000e+00    4.67721142e+18
  8.55000000e+00    3.80000000e+00    4.67999012e+18
  8.55000000e+00    3.85000000e+00   -5.39095379e+18
  8.55000000e+00    3.90000000e+00   -5.39340431e+18
  8.55000000e+00    3.95000000e+00    5.85713192e+18
  8.55000000e+00    4.00000000e+00    5.85914457e+18
  8.55000000e+00    4.05000000e+00   -5.98438043e+18
  8.55000000e+00    4.10000000e+00   -5.98591480e+18
  8.55000000e+00    4.15000000e+00    5.73487030e+18
  8.55000000e+00    4.20000000e+00    5.73595365e+18
  8.55000000e+00    4.25000000e+00   -5.13943070e+18
  8.55000000e+00    4.30000000e+00   -5.14014262e+18
  8.55000000e+00    4.35000000e+00    4.29285741e+18
  8.55000000e+00    4.40000000e+00    4.29331124e+18
  8.55000000e+00    4.45000000e+00   -3.32946889e+18
  8.55000000e+00    4.50000000e+00   -3.32980551e+18
  8.55000000e+00    4.55000000e+00    2.38735956e+18
  8.55000000e+00    4.60000000e+00    2.38777463e+18
  8.55000000e+00    4.65000000e+00   -1.57465444e+18
  8.55000000e+00    4.70000000e+00   -1.57549168e+18
  8.55000000e+00    4.75000000e+00    9.49601306e+17
  8.55000000e+00    4.80000000e+00    9.51571393e+17
  8.55000000e+00    4.85000000e+00   -5.19362304e+17
  8.55000000e+00    4.90000000e+00   -5.23999456e+17
  8.55000000e+00    4.95000000e+00    2.53900003e+17
  8.55000000e+00    5.00000000e+00    2.64454273e+17
  8.55000000e+00    5.05000000e+00   -1.05974537e+17
  8.55000000e+00    5.10000000e+00   -1.29058896e+17
  8.55000000e+00    5.15000000e+00    2.81987287e+16
  8.55000000e+00    5.20000000e+00    7.66466836e+16
  8.55000000e+00    5.25000000e+00    1.78587669e+16
  8.55000000e+00    5.30000000e+00   -7.96278467e+16
  8.55000000e+00    5.35000000e+00   -6.05762044e+16
  8.55000000e+00    5.40000000e+00    1.27349781e+17
  8.55000000e+00    5.45000000e+00    1.22106210e+17
  8.55000000e+00    5.50000000e+00   -2.24661977e+17
  8.55000000e+00    5.55000000e+00   -2.23470256e+17
  8.55000000e+00    5.60000000e+00    3.88473602e+17
  8.55000000e+00    5.65000000e+00    3.88258878e+17
  8.55000000e+00    5.70000000e+00   -6.43506929e+17
  8.55000000e+00    5.75000000e+00   -6.43478172e+17
  8.55000000e+00    5.80000000e+00    1.01683462e+18
  8.55000000e+00    5.85000000e+00    1.01683208e+18
  8.55000000e+00    5.90000000e+00   -1.53023869e+18
  8.55000000e+00    5.95000000e+00   -1.53023857e+18
  8.55000000e+00    6.00000000e+00    2.19020187e+18
  8.55000000e+00    6.05000000e+00    2.19020187e+18
  8.55000000e+00    6.10000000e+00   -2.97707652e+18
  8.55000000e+00    6.15000000e+00   -2.97707652e+18
  8.55000000e+00    6.20000000e+00    3.83691696e+18
  8.55000000e+00    6.25000000e+00    3.83691696e+18
  8.55000000e+00    6.30000000e+00   -4.68057489e+18
  8.55000000e+00    6.35000000e+00   -4.68057489e+18
  8.55000000e+00    6.40000000e+00    5.39387783e+18
  8.55000000e+00    6.45000000e+00    5.39387783e+18
  8.55000000e+00    6.50000000e+00   -5.85950021e+18
  8.55000000e+00    6.55000000e+00   -5.85950021e+18
  8.55000000e+00    6.60000000e+00    5.98616089e+18
  8.55000000e+00    6.65000000e+00    5.98616089e+18
  8.55000000e+00    6.70000000e+00   -5.73610791e+18
  8.55000000e+00    6.75000000e+00   -5.73610791e+18
  8.55000000e+00    6.80000000e+00    5.14022396e+18
  8.55000000e+00    6.85000000e+00    5.14022396e+18
  8.55000000e+00    6.90000000e+00   -4.29332919e+18
  8.55000000e+00    6.95000000e+00   -4.29332919e+18
  8.55000000e+00    7.00000000e+00    3.32974406e+18
  8.55000000e+00    7.05000000e+00    3.32974406e+18
  8.55000000e+00    7.10000000e+00   -2.38756088e+18
  8.55000000e+00    7.15000000e+00   -2.38756088e+18
  8.55000000e+00    7.20000000e+00    1.57492770e+18
  8.55000000e+00    7.25000000e+00    1.57492770e+18
  8.55000000e+00    7.30000000e+00   -9.50187571e+17
  8.55000000e+00    7.35000000e+00   -9.50187571e+17
  8.55000000e+00    7.40000000e+00    5.20753362e+17
  8.55000000e+00    7.45000000e+00    5.20753362e+17
  8.55000000e+00    7.50000000e+00   -2.57148093e+17
  8.55000000e+00    7.55000000e+00   -2.57148093e+17
  8.55000000e+00    7.60000000e+00    1.13281171e+17
  8.55000000e+00    7.65000000e+00    1.13281171e+17
  8.55000000e+00    7.70000000e+00   -4.39765352e+16
  8.55000000e+00    7.75000000e+00   -4.39765352e+16
  8.55000000e+00    7.80000000e+00    1.48113925e+16
  8.55000000e+00    7.85000000e+00    1.48113925e+16
  8.55000000e+00    7.90000000e+00   -4.24025077e+15
  8.55000000e+00    7.95000000e+00   -4.24025077e+15
  8.55000000e+00    8.00000000e+00    1.00332076e+15
  8.55000000e+00    8.05000000e+00    1.00332076e+15
  8.55000000e+00    8.10000000e+00   -1.88400040e+14
  8.55000000e+00    8.15000000e+00   -1.88400040e+14
  8.55000000e+00    8.20000000e+00    2.63244284e+13
  8.55000000e+00    8.25000000e+00    2.63244284e+13
  8.55000000e+00    8.30000000e+00   -2.43331300e+12
  8.55000000e+00    8.35000000e+00   -2.43331300e+12
  8.55000000e+00    8.40000000e+00    1.11619862e+11
  8.55000000e+00    8.45000000e+00    1.11619862e+11
  8.55000000e+00    8.50000000e+00    0.00000000e+00
  8.55000000e+00    8.55000000e+00    0.00000000e+00
  8.55000000e+00    8.60000000e+00    0.00000000e+00
  8.55000000e+00    8.65000000e+00    0.00000000e+00
  8.55000000e+00    8.70000000e+00    0.00000000e+00
  8.55000000e+00    8.75000000e+00    0.00000000e+00
  8.55000000e+00    8.80000000e+00    0.00000000e+00
  8.55000000e+00    8.85000000e+00    0.00000000e+00
  8.55000000e+00    8.90000000e+00    0.00000000e+00
  8.55000000e+00    8.95000000e+00    0.00000000e+00
  8.55000000e+00    9.00000000e+00    0.00000000e+00
  8.55000000e+00    9.05000000e+00    0.00000000e+00
  8.55000000e+00    9.10000000e+00    0.00000000e+00
  8.55000000e+00    9.15000000e+00    0.00000000e+00
  8.55000000e+00    9.20000000e+00    0.00000000e+00
  8.55000000e+00    9.25000000e+00    0.00000000e+00
  8.55000000e+00    9.30000000e+00    0.00000000e+00
  8.55000000e+00    9.35000000e+00    0.00000000e+00
  8.55000000e+00    9.40000000e+00    0.00000000e+00
  8.55000000e+00    9.45000000e+00    0.00000000e+00
  8.55000000e+00    9.50000000e+00    0.00000000e+00
  8.55000000e+00    9.55000000e+00    0.00000000e+00
  8.55000000e+00    9.60000000e+00    0.00000000e+00
  8.55000000e+00    9.65000000e+00    0.00000000e+00
  8.55000000e+00    9.70000000e+00    0.00000000e+00
  8.55000000e+00    9.75000000e+00    0.00000000e+00
  8.55000000e+00    9.80000000e+00    0.00000000e+00
  8.55000000e+00    9.85000000e+00    0.00000000e+00
  8.55000000e+00    9.90000000e+00    0.00000000e+00
  8.55000000e+00    9.95000000e+00    0.00000000e+00
  8.55000000e+00    1.00000000e+01    0.00000000e+00
