  8.10000000e+00    0.00000000e+00    0.00000000e+00
  8.10000000e+00    5.00000000e-02    3.39725838e+01
  8.10000000e+00    1.00000000e-01    7.77128115e+01
  8.10000000e+00    1.50000000e-01   -4.92425957e+02
  8.10000000e+00    2.00000000e-01   -7.39464152e+02
  8.10000000e+00    2.50000000e-01    3.83169130e+03
  8.10000000e+00    3.00000000e-01    5.10500573e+03
  8.10000000e+00    3.50000000e-01   -2.41994959e+04
  8.10000000e+00    4.00000000e-01   -3.03027288e+04
  8.10000000e+00    4.50000000e-01    1.35609867e+05
  8.10000000e+00    5.00000000e-01    1.63098280e+05
  8.10000000e+00    5.50000000e-01   -6.97893213e+05
  8.10000000e+00    6.00000000e-01   -8.14962340e+05
  8.10000000e+00    6.50000000e-01    3.35456996e+06
  8.10000000e+00    7.00000000e-01    3.82794389e+06
  8.10000000e+00    7.50000000e-01   -1.52041679e+07
  8.10000000e+00    8.00000000e-01   -1.70264796e+07
  8.10000000e+00    8.50000000e-01    6.53578912e+07
  8.10000000e+00    9.00000000e-01    7.20492628e+07
  8.10000000e+00    9.50000000e-01   -2.67477548e+08
  8.10000000e+00    1.00000000e+00   -2.90944178e+08
  8.10000000e+00    1.05000000e+00    1.04481499e+09
  8.10000000e+00    1.10000000e+00    1.12348745e+09
  8.10000000e+00    1.15000000e+00   -3.90227932e+09
  8.10000000e+00    1.20000000e+00   -4.15456647e+09
  8.10000000e+00    1.25000000e+00    1.39525777e+10
  8.10000000e+00    1.30000000e+00    1.47267417e+10
  8.10000000e+00    1.35000000e+00   -4.77982350e+10
  8.10000000e+00    1.40000000e+00   -5.00718810e+10
  8.10000000e+00    1.45000000e+00    1.56975553e+11
  8.10000000e+00    1.50000000e+00    1.63366818e+11
  8.10000000e+00    1.55000000e+00   -4.94381556e+11
  8.10000000e+00    1.60000000e+00   -5.11576167e+11
  8.10000000e+00    1.65000000e+00    1.49339671e+12
  8.10000000e+00    1.70000000e+00    1.53766154e+12
  8.10000000e+00    1.75000000e+00   -4.32695260e+12
  8.10000000e+00    1.80000000e+00   -4.43596147e+12
  8.10000000e+00    1.85000000e+00    1.20238210e+13
  8.10000000e+00    1.90000000e+00    1.22805277e+13
  8.10000000e+00    1.95000000e+00   -3.20383652e+13
  8.10000000e+00    2.00000000e+00   -3.26161710e+13
  8.10000000e+00    2.05000000e+00    8.18349734e+13
  8.10000000e+00    2.10000000e+00    8.30773543e+13
  8.10000000e+00    2.15000000e+00   -2.00301338e+14
  8.10000000e+00    2.20000000e+00   -2.02851555e+14
  8.10000000e+00    2.25000000e+00    4.69574827e+14
  8.10000000e+00    2.30000000e+00    4.74568639e+14
  8.10000000e+00    2.35000000e+00   -1.05382079e+15
  8.10000000e+00    2.40000000e+00   -1.06314179e+15
  8.10000000e+00    2.45000000e+00    2.26255992e+15
  8.10000000e+00    2.50000000e+00    2.27912786e+15
  8.10000000e+00    2.55000000e+00   -4.64408498e+15
  8.10000000e+00    2.60000000e+00   -4.67210105e+15
  8.10000000e+00    2.65000000e+00    9.10597150e+15
  8.10000000e+00    2.70000000e+00    9.15098952e+15
  8.10000000e+00    2.75000000e+00   -1.70411973e+16
  8.10000000e+00    2.80000000e+00   -1.71098506e+16
  8.10000000e+00    2.85000000e+00    3.04090818e+16
  8.10000000e+00    2.90000000e+00    3.05083092e+16
  8.10000000e+00    2.95000000e+00   -5.16862228e+16
  8.10000000e+00    3.00000000e+00   -5.18219388e+16
  8.10000000e+00    3.05000000e+00    8.35809149e+16
  8.10000000e+00    3.10000000e+00    8.37562715e+16
  8.10000000e+00    3.15000000e+00   -1.28422805e+17
  8.10000000e+00    3.20000000e+00   -1.28636449e+17
  8.10000000e+00    3.25000000e+00    1.87225876e+17
  8.10000000e+00    3.30000000e+00    1.87470796e+17
  8.10000000e+00    3.35000000e+00   -2.58584274e+17
  8.10000000e+00    3.40000000e+00   -2.58847854e+17
  8.10000000e+00    3.45000000e+00    3.37757527e+17
  8.10000000e+00    3.50000000e+00    3.38023126e+17
  8.10000000e+00    3.55000000e+00   -4.16437804e+17
  8.10000000e+00    3.60000000e+00   -4.16687659e+17
  8.10000000e+00    3.65000000e+00    4.83641286e+17
  8.10000000e+00    3.70000000e+00    4.83859997e+17
  8.10000000e+00    3.75000000e+00   -5.27846729e+17
  8.10000000e+00    3.80000000e+00   -5.28024212e+17
  8.10000000e+00    3.85000000e+00    5.39967648e+17
  8.10000000e+00    3.90000000e+00    5.40100627e+17
  8.10000000e+00    3.95000000e+00   -5.16212336e+17
  8.10000000e+00    4.00000000e+00   -5.16303981e+17
  8.10000000e+00    4.05000000e+00    4.59675410e+17
  8.10000000e+00    4.10000000e+00    4.59733530e+17
  8.10000000e+00    4.15000000e+00   -3.79841752e+17
  8.10000000e+00    4.20000000e+00   -3.79876565e+17
  8.10000000e+00    4.25000000e+00    2.90010069e+17
  8.10000000e+00    4.30000000e+00    2.90032932e+17
  8.10000000e+00    4.35000000e+00   -2.03574065e+17
  8.10000000e+00    4.40000000e+00   -2.03598718e+17
  8.10000000e+00    4.45000000e+00    1.30617146e+17
  8.10000000e+00    4.50000000e+00    1.30665724e+17
  8.10000000e+00    4.55000000e+00   -7.60668248e+16
  8.10000000e+00    4.60000000e+00   -7.61848229e+16
  8.10000000e+00    4.65000000e+00    3.98389127e+16
  8.10000000e+00    4.70000000e+00    4.01275500e+16
  8.10000000e+00    4.75000000e+00   -1.84704012e+16
  8.10000000e+00    4.80000000e+00   -1.91523212e+16
  8.10000000e+00    4.85000000e+00    7.21678156e+15
  8.10000000e+00    4.90000000e+00    8.76230809e+15
  8.10000000e+00    4.95000000e+00   -1.68090558e+15
  8.10000000e+00    5.00000000e+00   -5.03629506e+15
  8.10000000e+00    5.05000000e+00   -1.45283874e+15
  8.10000000e+00    5.10000000e+00    5.51939494e+15
  8.10000000e+00    5.15000000e+00    4.47566974e+15
  8.10000000e+00    5.20000000e+00   -9.37940962e+15
  8.10000000e+00    5.25000000e+00   -9.12851414e+15
  8.10000000e+00    5.30000000e+00    1.71785986e+16
  8.10000000e+00    5.35000000e+00    1.71308089e+16
  8.10000000e+00    5.40000000e+00   -3.05508328e+16
  8.10000000e+00    5.45000000e+00   -3.05440701e+16
  8.10000000e+00    5.50000000e+00    5.18686440e+16
  8.10000000e+00    5.55000000e+00    5.18680120e+16
  8.10000000e+00    5.60000000e+00   -8.38114564e+16
  8.10000000e+00    5.65000000e+00   -8.38114272e+16
  8.10000000e+00    5.70000000e+00    1.28698584e+17
  8.10000000e+00    5.75000000e+00    1.28698584e+17
  8.10000000e+00    5.80000000e+00   -1.87536551e+17
  8.10000000e+00    5.85000000e+00   -1.87536551e+17
  8.10000000e+00    5.90000000e+00    2.58913051e+17
  8.10000000e+00    5.95000000e+00    2.58913051e+17
  8.10000000e+00    6.00000000e+00   -3.38083510e+17
  8.10000000e+00    6.05000000e+00   -3.38083510e+17
  8.10000000e+00    6.10000000e+00    4.16739728e+17
  8.10000000e+00    6.15000000e+00    4.16739728e+17
  8.10000000e+00    6.20000000e+00   -4.83901636e+17
  8.10000000e+00    6.25000000e+00   -4.83901636e+17
  8.10000000e+00    6.30000000e+00    5.28054953e+17
  8.10000000e+00    6.35000000e+00    5.28054953e+17
  8.10000000e+00    6.40000000e+00   -5.40121447e+17
  8.10000000e+00    6.45000000e+00   -5.40121447e+17
  8.10000000e+00    6.50000000e+00    5.16316751e+17
  8.10000000e+00    6.55000000e+00    5.16316751e+17
  8.10000000e+00    6.60000000e+00   -4.59740279e+17
  8.10000000e+00    6.65000000e+00   -4.59740279e+17
  8.10000000e+00    6.70000000e+00    3.79878671e+17
  8.10000000e+00    6.75000000e+00    3.79878671e+17
  8.10000000e+00    6.80000000e+00   -2.90030066e+17
  8.10000000e+00    6.85000000e+00   -2.90030066e+17
  8.10000000e+00    6.90000000e+00    2.03586898e+17
  8.10000000e+00    6.95000000e+00    2.03586898e+17
  8.10000000e+00    7.00000000e+00   -1.30632921e+17
  8.10000000e+00    7.05000000e+00   -1.30632921e+17
  8.10000000e+00    7.10000000e+00    7.61009877e+16
  8.10000000e+00    7.15000000e+00    7.61009877e+16
  8.10000000e+00    7.20000000e+00   -3.99231448e+16
  8.10000000e+00    7.25000000e+00   -3.99231448e+16
  8.10000000e+00    7.30000000e+00    1.86749019e+16
  8.10000000e+00    7.35000000e+00    1.86749019e+16
  8.10000000e+00    7.40000000e+00   -7.69421912e+15
  8.10000000e+00    7.45000000e+00   -7.69421912e+15
  8.10000000e+00    7.50000000e+00    2.74899713e+15
  8.10000000e+00    7.55000000e+00    2.74899713e+15
  8.10000000e+00    7.60000000e+00   -8.34459428e+14
  8.10000000e+00    7.65000000e+00   -8.34459428e+14
  8.10000000e+00    7.70000000e+00    2.09265783e+14
  8.10000000e+00    7.75000000e+00    2.09265783e+14
  8.10000000e+00    7.80000000e+00   -4.16297002e+13
  8.10000000e+00    7.85000000e+00   -4.16297002e+13
  8.10000000e+00    7.90000000e+00    6.15991566e+12
  8.10000000e+00    7.95000000e+00    6.15991566e+12
  8.10000000e+00    8.00000000e+00   -6.02765831e+11
  8.10000000e+00    8.05000000e+00   -6.02765831e+11
  8.10000000e+00    8.10000000e+00    2.92604772e+10
  8.10000000e+00    8.15000000e+00    2.92604772e+10
  8.10000000e+00    8.20000000e+00    0.00000000e+00
  8.10000000e+00    8.25000000e+00    0.00000000e+00
  8.10000000e+00    8.30000000e+00    0.00000000e+00
  8.10000000e+00    8.35000000e+00    0.00000000e+00
  8.10000000e+00    8.40000000e+00    0.00000000e+00
  8.10000000e+00    8.45000000e+00    0.00000000e+00
  8.10000000e+00    8.50000000e+00    0.00000000e+00
  8.10000000e+00    8.55000000e+00    0.00000000e+00
  8.10000000e+00    8.60000000e+00    0.00000000e+00
  8.10000000e+00    8.65000000e+00    0.00000000e+00
  8.10000000e+00    8.70000000e+00    0.00000000e+00
  8.10000000e+00    8.75000000e+00    0.00000000e+00
  8.10000000e+00    8.80000000e+00    0.00000000e+00
  8.10000000e+00    8.85000000e+00    0.00000000e+00
  8.10000000e+00    8.90000000e+00    0.00000000e+00
  8.10000000e+00    8.95000000e+00    0.00000000e+00
  8.10000000e+00    9.00000000e+00    0.00000000e+00
  8.10000000e+00    9.05000000e+00    0.00000000e+00
  8.10000000e+00    9.10000000e+00    0.00000000e+00
  8.10000000e+00    9.15000000e+00    0.00000000e+00
  8.10000000e+00    9.20000000e+00    0.00000000e+00
  8.10000000e+00    9.25000000e+00    0.00000000e+00
  8.10000000e+00    9.30000000e+00    0.00000000e+00
  8.10000000e+00    9.35000000e+00    0.00000000e+00
  8.10000000e+00    9.40000000e+00    0.00000000e+00
  8.10000000e+00    9.45000000e+00    0.00000000e+00
  8.10000000e+00    9.50000000e+00    0.00000000e+00
  8.10000000e+00    9.55000000e+00    0.00000000e+00
  8.10000000e+00    9.60000000e+00    0.00000000e+00
  8.10000000e+00    9.65000000e+00    0.00000000e+00
  8.10000000e+00    9.70000000e+00    0.00000000e+00
  8.10000000e+00    9.75000000e+00    0.00000000e+00
  8.10000000e+00    9.80000000e+00    0.00000000e+00
  8.10000000e+00    9.85000000e+00    0.00000000e+00
  8.10000000e+00    9.90000000e+00    0.00000000e+00
  8.10000000e+00    9.95000000e+00    0.00000000e+00
  8.10000000e+00    1.00000000e+01    0.00000000e+00
