  2.70000000e+00    0.00000000e+00    0.00000000e+00
  2.70000000e+00    5.00000000e-02    4.64492882e-02
  2.70000000e+00    1.00000000e-01    9.53100889e-02
  2.70000000e+00    1.50000000e-01   -6.38451229e-01
  2.70000000e+00    2.00000000e-01   -8.48022627e-01
  2.70000000e+00    2.50000000e-01    4.46404582e+00
  2.70000000e+00    3.00000000e-01    5.22467830e+00
  2.70000000e+00    3.50000000e-01   -2.39702915e+01
  2.70000000e+00    4.00000000e-01   -2.63430740e+01
  2.70000000e+00    4.50000000e-01    1.07824711e+02
  2.70000000e+00    5.00000000e-01    1.14226465e+02
  2.70000000e+00    5.50000000e-01   -4.19330957e+02
  2.70000000e+00    6.00000000e-01   -4.34284701e+02
  2.70000000e+00    6.50000000e-01    1.42879274e+03
  2.70000000e+00    7.00000000e-01    1.45895592e+03
  2.70000000e+00    7.50000000e-01   -4.28746197e+03
  2.70000000e+00    8.00000000e-01   -4.33969857e+03
  2.70000000e+00    8.50000000e-01    1.13379389e+04
  2.70000000e+00    9.00000000e-01    1.14149071e+04
  2.70000000e+00    9.50000000e-01   -2.63592659e+04
  2.70000000e+00    1.00000000e+00   -2.64545100e+04
  2.70000000e+00    1.05000000e+00    5.36143248e+04
  2.70000000e+00    1.10000000e+00    5.37115092e+04
  2.70000000e+00    1.15000000e+00   -9.47115305e+04
  2.70000000e+00    1.20000000e+00   -9.47911842e+04
  2.70000000e+00    1.25000000e+00    1.43854397e+05
  2.70000000e+00    1.30000000e+00    1.43904826e+05
  2.70000000e+00    1.35000000e+00   -1.85323614e+05
  2.70000000e+00    1.40000000e+00   -1.85346769e+05
  2.70000000e+00    1.45000000e+00    1.98778999e+05
  2.70000000e+00    1.50000000e+00    1.98785862e+05
  2.70000000e+00    1.55000000e+00   -1.72955767e+05
  2.70000000e+00    1.60000000e+00   -1.72956753e+05
  2.70000000e+00    1.65000000e+00    1.17467319e+05
  2.70000000e+00    1.70000000e+00    1.17467319e+05
  2.70000000e+00    1.75000000e+00   -5.85472703e+04
  2.70000000e+00    1.80000000e+00   -5.85472703e+04
  2.70000000e+00    1.85000000e+00    1.91062250e+04
  2.70000000e+00    1.90000000e+00    1.91062250e+04
  2.70000000e+00    1.95000000e+00   -3.08048791e+03
  2.70000000e+00    2.00000000e+00   -3.08048791e+03
  2.70000000e+00    2.05000000e+00    9.99999511e-01
  2.70000000e+00    2.10000000e+00    1.00000572e+00
  2.70000000e+00    2.15000000e+00    1.00000572e+00
  2.70000000e+00    2.20000000e+00    9.99941013e-01
  2.70000000e+00    2.25000000e+00    9.99941013e-01
  2.70000000e+00    2.30000000e+00    1.00053834e+00
  2.70000000e+00    2.35000000e+00    1.00053834e+00
  2.70000000e+00    2.40000000e+00    9.95631739e-01
  2.70000000e+00    2.45000000e+00    9.95631739e-01
  2.70000000e+00    2.50000000e+00    1.03161347e+00
  2.70000000e+00    2.55000000e+00    1.03161347e+00
  2.70000000e+00    2.60000000e+00    7.95483383e-01
  2.70000000e+00    2.65000000e+00    7.95483383e-01
  2.70000000e+00    2.70000000e+00    2.18448387e+00
  2.70000000e+00    2.75000000e+00    2.18448387e+00
  2.70000000e+00    2.80000000e+00   -5.14635204e+00
  2.70000000e+00    2.85000000e+00   -5.14635204e+00
  2.70000000e+00    2.90000000e+00    2.95786602e+01
  2.70000000e+00    2.95000000e+00    2.95786602e+01
  2.70000000e+00    3.00000000e+00   -1.18002642e+02
  2.70000000e+00    3.05000000e+00   -1.18002642e+02
  2.70000000e+00    3.10000000e+00    4.44211842e+02
  2.70000000e+00    3.15000000e+00    4.44211842e+02
  2.70000000e+00    3.20000000e+00   -1.47242844e+03
  2.70000000e+00    3.25000000e+00   -1.47242844e+03
  2.70000000e+00    3.30000000e+00    4.36082460e+03
  2.70000000e+00    3.35000000e+00    4.36082460e+03
  2.70000000e+00    3.40000000e+00   -1.14375691e+04
  2.70000000e+00    3.45000000e+00   -1.14375691e+04
  2.70000000e+00    3.50000000e+00    2.64785757e+04
  2.70000000e+00    3.55000000e+00    2.64785757e+04
  2.70000000e+00    3.60000000e+00   -5.37286536e+04
  2.70000000e+00    3.65000000e+00   -5.37286536e+04
  2.70000000e+00    3.70000000e+00    9.48032526e+04
  2.70000000e+00    3.75000000e+00    9.48032526e+04
  2.70000000e+00    3.80000000e+00   -1.43908739e+05
  2.70000000e+00    3.85000000e+00   -1.43908739e+05
  2.70000000e+00    3.90000000e+00    1.85349181e+05
  2.70000000e+00    3.95000000e+00    1.85349181e+05
  2.70000000e+00    4.00000000e+00   -1.98785060e+05
  2.70000000e+00    4.05000000e+00   -1.98785060e+05
  2.70000000e+00    4.10000000e+00    1.72957753e+05
  2.70000000e+00    4.15000000e+00    1.72957753e+05
  2.70000000e+00    4.20000000e+00   -1.17466319e+05
  2.70000000e+00    4.25000000e+00   -1.17466319e+05
  2.70000000e+00    4.30000000e+00    5.85482703e+04
  2.70000000e+00    4.35000000e+00    5.85482703e+04
  2.70000000e+00    4.40000000e+00   -1.91052250e+04
  2.70000000e+00    4.45000000e+00   -1.91052250e+04
  2.70000000e+00    4.50000000e+00    3.08148791e+03
  2.70000000e+00    4.55000000e+00    3.08148791e+03
  2.70000000e+00    4.60000000e+00    0.00000000e+00
  2.70000000e+00    4.65000000e+00    0.00000000e+00
  2.70000000e+00    4.70000000e+00    0.00000000e+00
  2.70000000e+00    4.75000000e+00    0.00000000e+00
  2.70000000e+00    4.80000000e+00    0.00000000e+00
  2.70000000e+00    4.85000000e+00    0.00000000e+00
  2.70000000e+00    4.90000000e+00    0.00000000e+00
  2.70000000e+00    4.95000000e+00    0.00000000e+00
  2.70000000e+00    5.00000000e+00    0.00000000e+00
  2.70000000e+00    5.05000000e+00    0.00000000e+00
  2.70000000e+00    5.10000000e+00    0.00000000e+00
  2.70000000e+00    5.15000000e+00    0.00000000e+00
  2.70000000e+00    5.20000000e+00    0.00000000e+00
  2.70000000e+00    5.25000000e+00    0.00000000e+00
  2.70000000e+00    5.30000000e+00    0.00000000e+00
  2.70000000e+00    5.35000000e+00    0.00000000e+00
  2.70000000e+00    5.40000000e+00    0.00000000e+00
  2.70000000e+00    5.45000000e+00    0.00000000e+00
  2.70000000e+00    5.50000000e+00    0.00000000e+00
  2.70000000e+00    5.55000000e+00    0.00000000e+00
  2.70000000e+00    5.60000000e+00    0.00000000e+00
  2.70000000e+00    5.65000000e+00    0.00000000e+00
  2.70000000e+00    5.70000000e+00    0.00000000e+00
  2.70000000e+00    5.75000000e+00    0.00000000e+00
  2.70000000e+00    5.80000000e+00    0.00000000e+00
  2.70000000e+00    5.85000000e+00    0.00000000e+00
  2.70000000e+00    5.90000000e+00    0.00000000e+00
  2.70000000e+00    5.95000000e+00    0.00000000e+00
  2.70000000e+00    6.00000000e+00    0.00000000e+00
  2.70000000e+00    6.05000000e+00    0.00000000e+00
  2.70000000e+00    6.10000000e+00    0.00000000e+00
  2.70000000e+00    6.15000000e+00    0.00000000e+00
  2.70000000e+00    6.20000000e+00    0.00000000e+00
  2.70000000e+00    6.25000000e+00    0.00000000e+00
  2.70000000e+00    6.30000000e+00    0.00000000e+00
  2.70000000e+00    6.35000000e+00    0.00000000e+00
  2.70000000e+00    6.40000000e+00    0.00000000e+00
  2.70000000e+00    6.45000000e+00    0.00000000e+00
  2.70000000e+00    6.50000000e+00    0.00000000e+00
  2.70000000e+00    6.55000000e+00    0.00000000e+00
  2.70000000e+00    6.60000000e+00    0.00000000e+00
  2.70000000e+00    6.65000000e+00    0.00000000e+00
  2.70000000e+00    6.70000000e+00    0.00000000e+00
  2.70000000e+00    6.75000000e+00    0.00000000e+00
  2.70000000e+00    6.80000000e+00    0.00000000e+00
  2.70000000e+00    6.85000000e+00    0.00000000e+00
  2.70000000e+00    6.90000000e+00    0.00000000e+00
  2.70000000e+00    6.95000000e+00    0.00000000e+00
  2.70000000e+00    7.00000000e+00    0.00000000e+00
  2.70000000e+00    7.05000000e+00    0.00000000e+00
  2.70000000e+00    7.10000000e+00    0.00000000e+00
  2.70000000e+00    7.15000000e+00    0.00000000e+00
  2.70000000e+00    7.20000000e+00    0.00000000e+00
  2.70000000e+00    7.25000000e+00    0.00000000e+00
  2.70000000e+00    7.30000000e+00    0.00000000e+00
  2.70000000e+00    7.35000000e+00    0.00000000e+00
  2.70000000e+00    7.40000000e+00    0.00000000e+00
  2.70000000e+00    7.45000000e+00    0.00000000e+00
  2.70000000e+00    7.50000000e+00    0.00000000e+00
  2.70000000e+00    7.55000000e+00    0.00000000e+00
  2.70000000e+00    7.60000000e+00    0.00000000e+00
  2.70000000e+00    7.65000000e+00    0.00000000e+00
  2.70000000e+00    7.70000000e+00    0.00000000e+00
  2.70000000e+00    7.75000000e+00    0.00000000e+00
  2.70000000e+00    7.80000000e+00    0.00000000e+00
  2.70000000e+00    7.85000000e+00    0.00000000e+00
  2.70000000e+00    7.90000000e+00    0.00000000e+00
  2.70000000e+00    7.95000000e+00    0.00000000e+00
  2.70000000e+00    8.00000000e+00    0.00000000e+00
  2.70000000e+00    8.05000000e+00    0.00000000e+00
  2.70000000e+00    8.10000000e+00    0.00000000e+00
  2.70000000e+00    8.15000000e+00    0.00000000e+00
  2.70000000e+00    8.20000000e+00    0.00000000e+00
  2.70000000e+00    8.25000000e+00    0.00000000e+00
  2.70000000e+00    8.30000000e+00    0.00000000e+00
  2.70000000e+00    8.35000000e+00    0.00000000e+00
  2.70000000e+00    8.40000000e+00    0.00000000e+00
  2.70000000e+00    8.45000000e+00    0.00000000e+00
  2.70000000e+00    8.50000000e+00    0.00000000e+00
  2.70000000e+00    8.55000000e+00    0.00000000e+00
  2.70000000e+00    8.60000000e+00    0.00000000e+00
  2.70000000e+00    8.65000000e+00    0.00000000e+00
  2.70000000e+00    8.70000000e+00    0.00000000e+00
  2.70000000e+00    8.75000000e+00    0.00000000e+00
  2.70000000e+00    8.80000000e+00    0.00000000e+00
  2.70000000e+00    8.85000000e+00    0.00000000e+00
  2.70000000e+00    8.90000000e+00    0.00000000e+00
  2.70000000e+00    8.95000000e+00    0.00000000e+00
  2.70000000e+00    9.00000000e+00    0.00000000e+00
  2.70000000e+00    9.05000000e+00    0.00000000e+00
  2.70000000e+00    9.10000000e+00    0.00000000e+00
  2.70000000e+00    9.15000000e+00    0.00000000e+00
  2.70000000e+00    9.20000000e+00    0.00000000e+00
  2.70000000e+00    9.25000000e+00    0.00000000e+00
  2.70000000e+00    9.30000000e+00    0.00000000e+00
  2.70000000e+00    9.35000000e+00    0.00000000e+00
  2.70000000e+00    9.40000000e+00    0.00000000e+00
  2.70000000e+00    9.45000000e+00    0.00000000e+00
  2.70000000e+00    9.50000000e+00    0.00000000e+00
  2.70000000e+00    9.55000000e+00    0.00000000e+00
  2.70000000e+00    9.60000000e+00    0.00000000e+00
  2.70000000e+00    9.65000000e+00    0.00000000e+00
  2.70000000e+00    9.70000000e+00    0.00000000e+00
  2.70000000e+00    9.75000000e+00    0.00000000e+00
  2.70000000e+00    9.80000000e+00    0.00000000e+00
  2.70000000e+00    9.85000000e+00    0.00000000e+00
  2.70000000e+00    9.90000000e+00    0.00000000e+00
  2.70000000e+00    9.95000000e+00    0.00000000e+00
  2.70000000e+00    1.00000000e+01    0.00000000e+00
