  3.15000000e+00    0.00000000e+00    0.00000000e+00
  3.15000000e+00    5.00000000e-02    3.49484564e-03
  3.15000000e+00    1.00000000e-01   -1.31715473e-02
  3.15000000e+00    1.50000000e-01   -4.91262878e-02
  3.15000000e+00    2.00000000e-01    1.17125800e-01
  3.15000000e+00    2.50000000e-01    3.59136156e-01
  3.15000000e+00    3.00000000e-01   -7.21492101e-01
  3.15000000e+00    3.50000000e-01   -2.06031952e+00
  3.15000000e+00    4.00000000e-01    3.64251413e+00
  3.15000000e+00    4.50000000e-01    1.01124105e+01
  3.15000000e+00    5.00000000e-01   -1.58571880e+01
  3.15000000e+00    5.50000000e-01   -4.38054748e+01
  3.15000000e+00    6.00000000e-01    6.07629562e+01
  3.15000000e+00    6.50000000e-01    1.69701065e+02
  3.15000000e+00    7.00000000e-01   -2.06744047e+02
  3.15000000e+00    7.50000000e-01   -5.91173295e+02
  3.15000000e+00    8.00000000e-01    6.26326149e+02
  3.15000000e+00    8.50000000e-01    1.85482273e+03
  3.15000000e+00    9.00000000e-01   -1.68765101e+03
  3.15000000e+00    9.50000000e-01   -5.23740406e+03
  3.15000000e+00    1.00000000e+00    4.02796727e+03
  3.15000000e+00    1.05000000e+00    1.32775749e+04
  3.15000000e+00    1.10000000e+00   -8.45322719e+03
  3.15000000e+00    1.15000000e+00   -3.01085035e+04
  3.15000000e+00    1.20000000e+00    1.54189382e+04
  3.15000000e+00    1.25000000e+00    6.07624088e+04
  3.15000000e+00    1.30000000e+00   -2.39950449e+04
  3.15000000e+00    1.35000000e+00   -1.08424443e+05
  3.15000000e+00    1.40000000e+00    3.08395021e+04
  3.15000000e+00    1.45000000e+00    1.69651727e+05
  3.15000000e+00    1.50000000e+00   -3.05585268e+04
  3.15000000e+00    1.55000000e+00   -2.30305365e+05
  3.15000000e+00    1.60000000e+00    1.87462720e+04
  3.15000000e+00    1.65000000e+00    2.67509483e+05
  3.15000000e+00    1.70000000e+00    3.29352135e+03
  3.15000000e+00    1.75000000e+00   -2.60976205e+05
  3.15000000e+00    1.80000000e+00   -2.65031197e+04
  3.15000000e+00    1.85000000e+00    2.08388160e+05
  3.15000000e+00    1.90000000e+00    3.89444679e+04
  3.15000000e+00    1.95000000e+00   -1.31113401e+05
  3.15000000e+00    2.00000000e+00   -3.52558557e+04
  3.15000000e+00    2.05000000e+00    6.11576959e+04
  3.15000000e+00    2.10000000e+00    2.13002524e+04
  3.15000000e+00    2.15000000e+00   -1.88931088e+04
  3.15000000e+00    2.20000000e+00   -8.04857620e+03
  3.15000000e+00    2.25000000e+00    2.92288724e+03
  3.15000000e+00    2.30000000e+00    1.47266016e+03
  3.15000000e+00    2.35000000e+00   -7.91652251e-01
  3.15000000e+00    2.40000000e+00   -9.44638977e-01
  3.15000000e+00    2.45000000e+00   -1.08272818e+00
  3.15000000e+00    2.50000000e+00   -1.21248467e+00
  3.15000000e+00    2.55000000e+00   -1.32311955e+00
  3.15000000e+00    2.60000000e+00   -1.35767193e+00
  3.15000000e+00    2.65000000e+00   -1.37081300e+00
  3.15000000e+00    2.70000000e+00   -1.67982821e+00
  3.15000000e+00    2.75000000e+00   -1.96235152e+00
  3.15000000e+00    2.80000000e+00   -5.50870549e-01
  3.15000000e+00    2.85000000e+00    8.69297990e-01
  3.15000000e+00    2.90000000e+00   -5.66155954e+00
  3.15000000e+00    2.95000000e+00   -1.21031309e+01
  3.15000000e+00    3.00000000e+00    1.61562440e+01
  3.15000000e+00    3.05000000e+00    4.41608254e+01
  3.15000000e+00    3.10000000e+00   -6.51334070e+01
  3.15000000e+00    3.15000000e+00   -1.73400447e+02
  3.15000000e+00    3.20000000e+00    2.12835678e+02
  3.15000000e+00    3.25000000e+00    5.95715257e+02
  3.15000000e+00    3.30000000e+00   -6.38504778e+02
  3.15000000e+00    3.35000000e+00   -1.86265521e+03
  3.15000000e+00    3.40000000e+00    1.70613940e+03
  3.15000000e+00    3.45000000e+00    5.24802718e+03
  3.15000000e+00    3.50000000e+00   -4.05241170e+03
  3.15000000e+00    3.55000000e+00   -1.32889416e+04
  3.15000000e+00    3.60000000e+00    8.48304608e+03
  3.15000000e+00    3.65000000e+00    3.01212511e+04
  3.15000000e+00    3.70000000e+00   -1.54466174e+04
  3.15000000e+00    3.75000000e+00   -6.07708835e+04
  3.15000000e+00    3.80000000e+00    2.40201017e+04
  3.15000000e+00    3.85000000e+00    1.08432275e+05
  3.15000000e+00    3.90000000e+00   -3.08539424e+04
  3.15000000e+00    3.95000000e+00   -1.69653575e+05
  3.15000000e+00    4.00000000e+00    3.05683150e+04
  3.15000000e+00    4.05000000e+00    2.30308125e+05
  3.15000000e+00    4.10000000e+00   -1.87479657e+04
  3.15000000e+00    4.15000000e+00   -2.67508389e+05
  3.15000000e+00    4.20000000e+00   -3.29141388e+03
  3.15000000e+00    4.25000000e+00    2.60977469e+05
  3.15000000e+00    4.30000000e+00    2.65041338e+04
  3.15000000e+00    4.35000000e+00   -2.08387188e+05
  3.15000000e+00    4.40000000e+00   -3.89436473e+04
  3.15000000e+00    4.45000000e+00    1.31114058e+05
  3.15000000e+00    4.50000000e+00    3.52563370e+04
  3.15000000e+00    4.55000000e+00   -6.11573971e+04
  3.15000000e+00    4.60000000e+00   -2.13001407e+04
  3.15000000e+00    4.65000000e+00    1.88930316e+04
  3.15000000e+00    4.70000000e+00    8.04831135e+03
  3.15000000e+00    4.75000000e+00   -2.92333557e+03
  3.15000000e+00    4.80000000e+00   -1.47328508e+03
  3.15000000e+00    4.85000000e+00   -2.87913079e-12
  3.15000000e+00    4.90000000e+00    0.00000000e+00
  3.15000000e+00    4.95000000e+00    0.00000000e+00
  3.15000000e+00    5.00000000e+00    0.00000000e+00
  3.15000000e+00    5.05000000e+00    0.00000000e+00
  3.15000000e+00    5.10000000e+00    0.00000000e+00
  3.15000000e+00    5.15000000e+00    0.00000000e+00
  3.15000000e+00    5.20000000e+00    0.00000000e+00
  3.15000000e+00    5.25000000e+00    0.00000000e+00
  3.15000000e+00    5.30000000e+00    0.00000000e+00
  3.15000000e+00    5.35000000e+00    0.00000000e+00
  3.15000000e+00    5.40000000e+00    0.00000000e+00
  3.15000000e+00    5.45000000e+00    0.00000000e+00
  3.15000000e+00    5.50000000e+00    0.00000000e+00
  3.15000000e+00    5.55000000e+00    0.00000000e+00
  3.15000000e+00    5.60000000e+00    0.00000000e+00
  3.15000000e+00    5.65000000e+00    0.00000000e+00
  3.15000000e+00    5.70000000e+00    0.00000000e+00
  3.15000000e+00    5.75000000e+00    0.00000000e+00
  3.15000000e+00    5.80000000e+00    0.00000000e+00
  3.15000000e+00    5.85000000e+00    0.00000000e+00
  3.15000000e+00    5.90000000e+00    0.00000000e+00
  3.15000000e+00    5.95000000e+00    0.00000000e+00
  3.15000000e+00    6.00000000e+00    0.00000000e+00
  3.15000000e+00    6.05000000e+00    0.00000000e+00
  3.15000000e+00    6.10000000e+00    0.00000000e+00
  3.15000000e+00    6.15000000e+00    0.00000000e+00
  3.15000000e+00    6.20000000e+00    0.00000000e+00
  3.15000000e+00    6.25000000e+00    0.00000000e+00
  3.15000000e+00    6.30000000e+00    0.00000000e+00
  3.15000000e+00    6.35000000e+00    0.00000000e+00
  3.15000000e+00    6.40000000e+00    0.00000000e+00
  3.15000000e+00    6.45000000e+00    0.00000000e+00
  3.15000000e+00    6.50000000e+00    0.00000000e+00
  3.15000000e+00    6.55000000e+00    0.00000000e+00
  3.15000000e+00    6.60000000e+00    0.00000000e+00
  3.15000000e+00    6.65000000e+00    0.00000000e+00
  3.15000000e+00    6.70000000e+00    0.00000000e+00
  3.15000000e+00    6.75000000e+00    0.00000000e+00
  3.15000000e+00    6.80000000e+00    0.00000000e+00
  3.15000000e+00    6.85000000e+00    0.00000000e+00
  3.15000000e+00    6.90000000e+00    0.00000000e+00
  3.15000000e+00    6.95000000e+00    0.00000000e+00
  3.15000000e+00    7.00000000e+00    0.00000000e+00
  3.15000000e+00    7.05000000e+00    0.00000000e+00
  3.15000000e+00    7.10000000e+00    0.00000000e+00
  3.15000000e+00    7.15000000e+00    0.00000000e+00
  3.15000000e+00    7.20000000e+00    0.00000000e+00
  3.15000000e+00    7.25000000e+00    0.00000000e+00
  3.15000000e+00    7.30000000e+00    0.00000000e+00
  3.15000000e+00    7.35000000e+00    0.00000000e+00
  3.15000000e+00    7.40000000e+00    0.00000000e+00
  3.15000000e+00    7.45000000e+00    0.00000000e+00
  3.15000000e+00    7.50000000e+00    0.00000000e+00
  3.15000000e+00    7.55000000e+00    0.00000000e+00
  3.15000000e+00    7.60000000e+00    0.00000000e+00
  3.15000000e+00    7.65000000e+00    0.00000000e+00
  3.15000000e+00    7.70000000e+00    0.00000000e+00
  3.15000000e+00    7.75000000e+00    0.00000000e+00
  3.15000000e+00    7.80000000e+00    0.00000000e+00
  3.15000000e+00    7.85000000e+00    0.00000000e+00
  3.15000000e+00    7.90000000e+00    0.00000000e+00
  3.15000000e+00    7.95000000e+00    0.00000000e+00
  3.15000000e+00    8.00000000e+00    0.00000000e+00
  3.15000000e+00    8.05000000e+00    0.00000000e+00
  3.15000000e+00    8.10000000e+00    0.00000000e+00
  3.15000000e+00    8.15000000e+00    0.00000000e+00
  3.15000000e+00    8.20000000e+00    0.00000000e+00
  3.15000000e+00    8.25000000e+00    0.00000000e+00
  3.15000000e+00    8.30000000e+00    0.00000000e+00
  3.15000000e+00    8.35000000e+00    0.00000000e+00
  3.15000000e+00    8.40000000e+00    0.00000000e+00
  3.15000000e+00    8.45000000e+00    0.00000000e+00
  3.15000000e+00    8.50000000e+00    0.00000000e+00
  3.15000000e+00    8.55000000e+00    0.00000000e+00
  3.15000000e+00    8.60000000e+00    0.00000000e+00
  3.15000000e+00    8.65000000e+00    0.00000000e+00
  3.15000000e+00    8.70000000e+00    0.00000000e+00
  3.15000000e+00    8.75000000e+00    0.00000000e+00
  3.15000000e+00    8.80000000e+00    0.00000000e+00
  3.15000000e+00    8.85000000e+00    0.00000000e+00
  3.15000000e+00    8.90000000e+00    0.00000000e+00
  3.15000000e+00    8.95000000e+00    0.00000000e+00
  3.15000000e+00    9.00000000e+00    0.00000000e+00
  3.15000000e+00    9.05000000e+00    0.00000000e+00
  3.15000000e+00    9.10000000e+00    0.00000000e+00
  3.15000000e+00    9.15000000e+00    0.00000000e+00
  3.15000000e+00    9.20000000e+00    0.00000000e+00
  3.15000000e+00    9.25000000e+00    0.00000000e+00
  3.15000000e+00    9.30000000e+00    0.00000000e+00
  3.15000000e+00    9.35000000e+00    0.00000000e+00
  3.15000000e+00    9.40000000e+00    0.00000000e+00
  3.15000000e+00    9.45000000e+00    0.00000000e+00
  3.15000000e+00    9.50000000e+00    0.00000000e+00
  3.15000000e+00    9.55000000e+00    0.00000000e+00
  3.15000000e+00    9.60000000e+00    0.00000000e+00
  3.15000000e+00    9.65000000e+00    0.00000000e+00
  3.15000000e+00    9.70000000e+00    0.00000000e+00
  3.15000000e+00    9.75000000e+00    0.00000000e+00
  3.15000000e+00    9.80000000e+00    0.00000000e+00
  3.15000000e+00    9.85000000e+00    0.00000000e+00
  3.15000000e+00    9.90000000e+00    0.00000000e+00
  3.15000000e+00    9.95000000e+00    0.00000000e+00
  3.15000000e+00    1.00000000e+01    0.00000000e+00
