  8.50000000e+00    0.00000000e+00    0.00000000e+00
  8.50000000e+00    5.00000000e-02    1.36376264e-25
  8.50000000e+00    1.00000000e-01    3.11130878e-25
  8.50000000e+00    1.50000000e-01    1.21372180e-24
  8.50000000e+00    2.00000000e-01    1.83608563e-24
  8.50000000e+00    2.50000000e-01    5.93423250e-24
  8.50000000e+00    3.00000000e-01    8.03715718e-24
  8.50000000e+00    3.50000000e-01    2.41005078e-23
  8.50000000e+00    4.00000000e-01    3.09283702e-23
  8.50000000e+00    4.50000000e-01    8.88874187e-23
  8.50000000e+00    5.00000000e-01    1.10351746e-22
  8.50000000e+00    5.50000000e-01    3.08173238e-22
  8.50000000e+00    6.00000000e-01    3.73824142e-22
  8.50000000e+00    6.50000000e-01    1.02160578e-21
  8.50000000e+00    7.00000000e-01    1.21762571e-21
  8.50000000e+00    7.50000000e-01    3.26964416e-21
  8.50000000e+00    8.00000000e-01    3.84234114e-21
  8.50000000e+00    8.50000000e-01    1.01638152e-20
  8.50000000e+00    9.00000000e-01    1.18039252e-20
  8.50000000e+00    9.50000000e-01    3.08096663e-20
  8.50000000e+00    1.00000000e+00    3.54198567e-20
  8.50000000e+00    1.05000000e+00    9.13276893e-20
  8.50000000e+00    1.10000000e+00    1.04060010e-19
  8.50000000e+00    1.15000000e+00    2.65266253e-19
  8.50000000e+00    1.20000000e+00    2.99843500e-19
  8.50000000e+00    1.25000000e+00    7.56106653e-19
  8.50000000e+00    1.30000000e+00    8.48501835e-19
  8.50000000e+00    1.35000000e+00    2.11743447e-18
  8.50000000e+00    1.40000000e+00    2.36049443e-18
  8.50000000e+00    1.45000000e+00    5.83119747e-18
  8.50000000e+00    1.50000000e+00    6.46095177e-18
  8.50000000e+00    1.55000000e+00    1.58030586e-17
  8.50000000e+00    1.60000000e+00    1.74106622e-17
  8.50000000e+00    1.65000000e+00    4.21710854e-17
  8.50000000e+00    1.70000000e+00    4.62156134e-17
  8.50000000e+00    1.75000000e+00    1.10863135e-16
  8.50000000e+00    1.80000000e+00    1.20894227e-16
  8.50000000e+00    1.85000000e+00    2.87230746e-16
  8.50000000e+00    1.90000000e+00    3.11761657e-16
  8.50000000e+00    1.95000000e+00    7.33652424e-16
  8.50000000e+00    2.00000000e+00    7.92814576e-16
  8.50000000e+00    2.05000000e+00    1.84793618e-15
  8.50000000e+00    2.10000000e+00    1.98867282e-15
  8.50000000e+00    2.15000000e+00    4.59117469e-15
  8.50000000e+00    2.20000000e+00    4.92143905e-15
  8.50000000e+00    2.25000000e+00    1.12535309e-14
  8.50000000e+00    2.30000000e+00    1.20181721e-14
  8.50000000e+00    2.35000000e+00    2.72180677e-14
  8.50000000e+00    2.40000000e+00    2.89648470e-14
  8.50000000e+00    2.45000000e+00    6.49671921e-14
  8.50000000e+00    2.50000000e+00    6.89048656e-14
  8.50000000e+00    2.55000000e+00    1.53057707e-13
  8.50000000e+00    2.60000000e+00    1.61817508e-13
  8.50000000e+00    2.65000000e+00    3.55950038e-13
  8.50000000e+00    2.70000000e+00    3.75182218e-13
  8.50000000e+00    2.75000000e+00    8.17217383e-13
  8.50000000e+00    2.80000000e+00    8.58891401e-13
  8.50000000e+00    2.85000000e+00    1.85241066e-12
  8.50000000e+00    2.90000000e+00    1.94154067e-12
  8.50000000e+00    2.95000000e+00    4.14590794e-12
  8.50000000e+00    3.00000000e+00    4.33406488e-12
  8.50000000e+00    3.05000000e+00    9.16246045e-12
  8.50000000e+00    3.10000000e+00    9.55453369e-12
  8.50000000e+00    3.15000000e+00    1.99957788e-11
  8.50000000e+00    3.20000000e+00    2.08022246e-11
  8.50000000e+00    3.25000000e+00    4.30941879e-11
  8.50000000e+00    3.30000000e+00    4.47315787e-11
  8.50000000e+00    3.35000000e+00    9.17214221e-11
  8.50000000e+00    3.40000000e+00    9.50031638e-11
  8.50000000e+00    3.45000000e+00    1.92801110e-10
  8.50000000e+00    3.50000000e+00    1.99293957e-10
  8.50000000e+00    3.55000000e+00    4.00265012e-10
  8.50000000e+00    3.60000000e+00    4.12945816e-10
  8.50000000e+00    3.65000000e+00    8.20721318e-10
  8.50000000e+00    3.70000000e+00    8.45169099e-10
  8.50000000e+00    3.75000000e+00    1.66212077e-09
  8.50000000e+00    3.80000000e+00    1.70864850e-09
  8.50000000e+00    3.85000000e+00    3.32472214e-09
  8.50000000e+00    3.90000000e+00    3.41213216e-09
  8.50000000e+00    3.95000000e+00    6.56870406e-09
  8.50000000e+00    4.00000000e+00    6.73080422e-09
  8.50000000e+00    4.05000000e+00    1.28185794e-08
  8.50000000e+00    4.10000000e+00    1.31153172e-08
  8.50000000e+00    4.15000000e+00    2.47080824e-08
  8.50000000e+00    4.20000000e+00    2.52442776e-08
  8.50000000e+00    4.25000000e+00    4.70412776e-08
  8.50000000e+00    4.30000000e+00    4.79976468e-08
  8.50000000e+00    4.35000000e+00    8.84628833e-08
  8.50000000e+00    4.40000000e+00    9.01466104e-08
  8.50000000e+00    4.45000000e+00    1.64317979e-07
  8.50000000e+00    4.50000000e+00    1.67243823e-07
  8.50000000e+00    4.55000000e+00    3.01474366e-07
  8.50000000e+00    4.60000000e+00    3.06492618e-07
  8.50000000e+00    4.65000000e+00    5.46330680e-07
  8.50000000e+00    4.70000000e+00    5.54825684e-07
  8.50000000e+00    4.75000000e+00    9.77909431e-07
  8.50000000e+00    4.80000000e+00    9.92102330e-07
  8.50000000e+00    4.85000000e+00    1.72892807e-06
  8.50000000e+00    4.90000000e+00    1.75233049e-06
  8.50000000e+00    4.95000000e+00    3.01916874e-06
  8.50000000e+00    5.00000000e+00    3.05725052e-06
  8.50000000e+00    5.05000000e+00    5.20746718e-06
  8.50000000e+00    5.10000000e+00    5.26862113e-06
  8.50000000e+00    5.15000000e+00    8.87136793e-06
  8.50000000e+00    5.20000000e+00    8.96827719e-06
  8.50000000e+00    5.25000000e+00    1.49271016e-05
  8.50000000e+00    5.30000000e+00    1.50786396e-05
  8.50000000e+00    5.35000000e+00    2.48071581e-05
  8.50000000e+00    5.40000000e+00    2.50409743e-05
  8.50000000e+00    5.45000000e+00    4.07184147e-05
  8.50000000e+00    5.50000000e+00    4.10743769e-05
  8.50000000e+00    5.55000000e+00    6.60104527e-05
  8.50000000e+00    5.60000000e+00    6.65451269e-05
  8.50000000e+00    5.65000000e+00    1.05691078e-04
  8.50000000e+00    5.70000000e+00    1.06483413e-04
  8.50000000e+00    5.75000000e+00    1.67133556e-04
  8.50000000e+00    5.80000000e+00    1.68291905e-04
  8.50000000e+00    5.85000000e+00    2.61026678e-04
  8.50000000e+00    5.90000000e+00    2.62697219e-04
  8.50000000e+00    5.95000000e+00    4.02623059e-04
  8.50000000e+00    6.00000000e+00    4.04999557e-04
  8.50000000e+00    6.05000000e+00    6.13340979e-04
  8.50000000e+00    6.10000000e+00    6.16675661e-04
  8.50000000e+00    6.15000000e+00    9.22768186e-04
  8.50000000e+00    6.20000000e+00    9.27383278e-04
  8.50000000e+00    6.25000000e+00    1.37109958e-03
  8.50000000e+00    6.30000000e+00    1.37739879e-03
  8.50000000e+00    6.35000000e+00    2.01201170e-03
  8.50000000e+00    6.40000000e+00    2.02049064e-03
  8.50000000e+00    6.45000000e+00    2.91593314e-03
  8.50000000e+00    6.50000000e+00    2.92718728e-03
  8.50000000e+00    6.55000000e+00    4.17361000e-03
  8.50000000e+00    6.60000000e+00    4.18833866e-03
  8.50000000e+00    6.65000000e+00    5.89978993e-03
  8.50000000e+00    6.70000000e+00    5.91879432e-03
  8.50000000e+00    6.75000000e+00    8.23676022e-03
  8.50000000e+00    6.80000000e+00    8.26093364e-03
  8.50000000e+00    6.85000000e+00    1.13573814e-02
  8.50000000e+00    6.90000000e+00    1.13876898e-02
  8.50000000e+00    6.95000000e+00    1.54671686e-02
  8.50000000e+00    7.00000000e+00    1.55046194e-02
  8.50000000e+00    7.05000000e+00    2.08048999e-02
  8.50000000e+00    7.10000000e+00    2.08504985e-02
  8.50000000e+00    7.15000000e+00    2.76411963e-02
  8.50000000e+00    7.20000000e+00    2.76958888e-02
  8.50000000e+00    7.25000000e+00    3.62745293e-02
  8.50000000e+00    7.30000000e+00    3.63391312e-02
  8.50000000e+00    7.35000000e+00    4.70241981e-02
  8.50000000e+00    7.40000000e+00    4.70993088e-02
  8.50000000e+00    7.45000000e+00    6.02199762e-02
  8.50000000e+00    7.50000000e+00    6.03058791e-02
  8.50000000e+00    7.55000000e+00    7.61883723e-02
  8.50000000e+00    7.60000000e+00    7.62849193e-02
  8.50000000e+00    7.65000000e+00    9.52357671e-02
  8.50000000e+00    7.70000000e+00    9.53422432e-02
  8.50000000e+00    7.75000000e+00    1.17629053e-01
  8.50000000e+00    7.80000000e+00    1.17744015e-01
  8.50000000e+00    7.85000000e+00    1.43574791e-01
  8.50000000e+00    7.90000000e+00    1.43695869e-01
  8.50000000e+00    7.95000000e+00    1.73198256e-01
  8.50000000e+00    8.00000000e+00    1.73321895e-01
  8.50000000e+00    8.05000000e+00    2.06524014e-01
  8.50000000e+00    8.10000000e+00    2.06645134e-01
  8.50000000e+00    8.15000000e+00    2.43459806e-01
  8.50000000e+00    8.20000000e+00    2.43571341e-01
  8.50000000e+00    8.25000000e+00    2.83785495e-01
  8.50000000e+00    8.30000000e+00    2.83877761e-01
  8.50000000e+00    8.35000000e+00    3.27148565e-01
  8.50000000e+00    8.40000000e+00    3.27208407e-01
  8.50000000e+00    8.45000000e+00    3.73067228e-01
  8.50000000e+00    8.50000000e+00    3.73076881e-01
  8.50000000e+00    8.55000000e+00    4.20941574e-01
  8.50000000e+00    8.60000000e+00    4.20877172e-01
  8.50000000e+00    8.65000000e+00    4.70072446e-01
  8.50000000e+00    8.70000000e+00    4.69902128e-01
  8.50000000e+00    8.75000000e+00    5.19686960e-01
  8.50000000e+00    8.80000000e+00    5.19368531e-01
  8.50000000e+00    8.85000000e+00    5.68968875e-01
  8.50000000e+00    8.90000000e+00    5.68447005e-01
  8.50000000e+00    8.95000000e+00    6.17091452e-01
  8.50000000e+00    9.00000000e+00    6.16294463e-01
  8.50000000e+00    9.05000000e+00    6.63250152e-01
  8.50000000e+00    9.10000000e+00    6.62086480e-01
  8.50000000e+00    9.15000000e+00    7.06692489e-01
  8.50000000e+00    9.20000000e+00    7.05046991e-01
  8.50000000e+00    9.25000000e+00    7.46742636e-01
  8.50000000e+00    9.30000000e+00    7.44472971e-01
  8.50000000e+00    9.35000000e+00    7.82818786e-01
  8.50000000e+00    9.40000000e+00    7.79751709e-01
  8.50000000e+00    9.45000000e+00    8.14440172e-01
  8.50000000e+00    9.50000000e+00    8.10363582e-01
  8.50000000e+00    9.55000000e+00    8.41204455e-01
  8.50000000e+00    9.60000000e+00    8.35812953e-01
  8.50000000e+00    9.65000000e+00    8.62559622e-01
  8.50000000e+00    9.70000000e+00    8.54962895e-01
  8.50000000e+00    9.75000000e+00    8.75761615e-01
  8.50000000e+00    9.80000000e+00    8.59999444e-01
  8.50000000e+00    9.85000000e+00    8.57428988e-01
  8.50000000e+00    9.90000000e+00    7.81879939e-01
  8.50000000e+00    9.95000000e+00    5.97300595e-01
  8.50000000e+00    1.00000000e+01    0.00000000e+00
