  2.25000000e+00    0.00000000e+00    0.00000000e+00
  2.25000000e+00    5.00000000e-02   -2.74278394e+09
  2.25000000e+00    1.00000000e-01    1.17910662e+10
  2.25000000e+00    1.50000000e-01   -3.69607294e+10
  2.25000000e+00    2.00000000e-01    9.98769633e+10
  2.25000000e+00    2.50000000e-01   -2.44654636e+11
  2.25000000e+00    3.00000000e-01    5.54517227e+11
  2.25000000e+00    3.50000000e-01   -1.17398724e+12
  2.25000000e+00    4.00000000e-01    2.33220933e+12
  2.25000000e+00    4.50000000e-01   -4.35641433e+12
  2.25000000e+00    5.00000000e-01    7.65730683e+12
  2.25000000e+00    5.50000000e-01   -1.26649353e+13
  2.25000000e+00    6.00000000e-01    1.97011926e+13
  2.25000000e+00    6.50000000e-01   -2.87987962e+13
  2.25000000e+00    7.00000000e-01    3.95140934e+13
  2.25000000e+00    7.50000000e-01   -5.08173108e+13
  2.25000000e+00    8.00000000e-01    6.11532496e+13
  2.25000000e+00    8.50000000e-01   -6.87245771e+13
  2.25000000e+00    9.00000000e-01    7.19581430e+13
  2.25000000e+00    9.50000000e-01   -7.00077008e+13
  2.25000000e+00    1.00000000e+00    6.30863049e+13
  2.25000000e+00    1.05000000e+00   -5.24611396e+13
  2.25000000e+00    1.10000000e+00    4.00827934e+13
  2.25000000e+00    1.15000000e+00   -2.79928821e+13
  2.25000000e+00    1.20000000e+00    1.77588625e+13
  2.25000000e+00    1.25000000e+00   -1.01578059e+13
  2.25000000e+00    1.30000000e+00    5.19029710e+12
  2.25000000e+00    1.35000000e+00   -2.34189591e+12
  2.25000000e+00    1.40000000e+00    9.19342244e+11
  2.25000000e+00    1.45000000e+00   -3.07880959e+11
  2.25000000e+00    1.50000000e+00    8.56051861e+10
  2.25000000e+00    1.55000000e+00   -1.89930176e+10
  2.25000000e+00    1.60000000e+00    3.15636571e+09
  2.25000000e+00    1.65000000e+00   -3.49749619e+08
  2.25000000e+00    1.70000000e+00    1.94135245e+07
  2.25000000e+00    1.75000000e+00   -9.46726604e-01
  2.25000000e+00    1.80000000e+00   -1.31001838e+00
  2.25000000e+00    1.85000000e+00    2.02365652e+00
  2.25000000e+00    1.90000000e+00   -2.41715468e+01
  2.25000000e+00    1.95000000e+00    1.59368494e+02
  2.25000000e+00    2.00000000e+00   -1.01740214e+03
  2.25000000e+00    2.05000000e+00    5.93600389e+03
  2.25000000e+00    2.10000000e+00   -3.20881824e+04
  2.25000000e+00    2.15000000e+00    1.61009013e+05
  2.25000000e+00    2.20000000e+00   -7.52213326e+05
  2.25000000e+00    2.25000000e+00    3.27978361e+06
  2.25000000e+00    2.30000000e+00   -1.33741365e+07
  2.25000000e+00    2.35000000e+00    5.10945145e+07
  2.25000000e+00    2.40000000e+00   -1.83160277e+08
  2.25000000e+00    2.45000000e+00    6.16875354e+08
  2.25000000e+00    2.50000000e+00   -1.95408408e+09
  2.25000000e+00    2.55000000e+00    5.82716071e+09
  2.25000000e+00    2.60000000e+00   -1.63700731e+10
  2.25000000e+00    2.65000000e+00    4.33475438e+10
  2.25000000e+00    2.70000000e+00   -1.08235798e+11
  2.25000000e+00    2.75000000e+00    2.54903962e+11
  2.25000000e+00    2.80000000e+00   -5.66270553e+11
  2.25000000e+00    2.85000000e+00    1.18656616e+12
  2.25000000e+00    2.90000000e+00   -2.34474356e+12
  2.25000000e+00    2.95000000e+00    4.36801036e+12
  2.25000000e+00    3.00000000e+00   -7.66723487e+12
  2.25000000e+00    3.05000000e+00    1.26727716e+13
  2.25000000e+00    3.10000000e+00   -1.97068693e+13
  2.25000000e+00    3.15000000e+00    2.88025505e+13
  2.25000000e+00    3.20000000e+00   -3.95163459e+13
  2.25000000e+00    3.25000000e+00    5.08185274e+13
  2.25000000e+00    3.30000000e+00   -6.11538356e+13
  2.25000000e+00    3.35000000e+00    6.87248259e+13
  2.25000000e+00    3.40000000e+00   -7.19582347e+13
  2.25000000e+00    3.45000000e+00    7.00077295e+13
  2.25000000e+00    3.50000000e+00   -6.30863123e+13
  2.25000000e+00    3.55000000e+00    5.24611412e+13
  2.25000000e+00    3.60000000e+00   -4.00827936e+13
  2.25000000e+00    3.65000000e+00    2.79928821e+13
  2.25000000e+00    3.70000000e+00   -1.77588625e+13
  2.25000000e+00    3.75000000e+00    1.01578059e+13
  2.25000000e+00    3.80000000e+00   -5.19029710e+12
  2.25000000e+00    3.85000000e+00    2.34189591e+12
  2.25000000e+00    3.90000000e+00   -9.19342244e+11
  2.25000000e+00    3.95000000e+00    3.07880959e+11
  2.25000000e+00    4.00000000e+00   -8.56051861e+10
  2.25000000e+00    4.05000000e+00    1.89930176e+10
  2.25000000e+00    4.10000000e+00   -3.15636571e+09
  2.25000000e+00    4.15000000e+00    3.49749619e+08
  2.25000000e+00    4.20000000e+00   -1.94135253e+07
  2.25000000e+00    4.25000000e+00   -3.79383998e-08
  2.25000000e+00    4.30000000e+00    0.00000000e+00
  2.25000000e+00    4.35000000e+00    0.00000000e+00
  2.25000000e+00    4.40000000e+00    0.00000000e+00
  2.25000000e+00    4.45000000e+00    0.00000000e+00
  2.25000000e+00    4.50000000e+00    0.00000000e+00
  2.25000000e+00    4.55000000e+00    0.00000000e+00
  2.25000000e+00    4.60000000e+00    0.00000000e+00
  2.25000000e+00    4.65000000e+00    0.00000000e+00
  2.25000000e+00    4.70000000e+00    0.00000000e+00
  2.25000000e+00    4.75000000e+00    0.00000000e+00
  2.25000000e+00    4.80000000e+00    0.00000000e+00
  2.25000000e+00    4.85000000e+00    0.00000000e+00
  2.25000000e+00    4.90000000e+00    0.00000000e+00
  2.25000000e+00    4.95000000e+00    0.00000000e+00
  2.25000000e+00    5.00000000e+00    0.00000000e+00
  2.25000000e+00    5.05000000e+00    0.00000000e+00
  2.25000000e+00    5.10000000e+00    0.00000000e+00
  2.25000000e+00    5.15000000e+00    0.00000000e+00
  2.25000000e+00    5.20000000e+00    0.00000000e+00
  2.25000000e+00    5.25000000e+00    0.00000000e+00
  2.25000000e+00    5.30000000e+00    0.00000000e+00
  2.25000000e+00    5.35000000e+00    0.00000000e+00
  2.25000000e+00    5.40000000e+00    0.00000000e+00
  2.25000000e+00    5.45000000e+00    0.00000000e+00
  2.25000000e+00    5.50000000e+00    0.00000000e+00
  2.25000000e+00    5.55000000e+00    0.00000000e+00
  2.25000000e+00    5.60000000e+00    0.00000000e+00
  2.25000000e+00    5.65000000e+00    0.00000000e+00
  2.25000000e+00    5.70000000e+00    0.00000000e+00
  2.25000000e+00    5.75000000e+00    0.00000000e+00
  2.25000000e+00    5.80000000e+00    0.00000000e+00
  2.25000000e+00    5.85000000e+00    0.00000000e+00
  2.25000000e+00    5.90000000e+00    0.00000000e+00
  2.25000000e+00    5.95000000e+00    0.00000000e+00
  2.25000000e+00    6.00000000e+00    0.00000000e+00
  2.25000000e+00    6.05000000e+00    0.00000000e+00
  2.25000000e+00    6.10000000e+00    0.00000000e+00
  2.25000000e+00    6.15000000e+00    0.00000000e+00
  2.25000000e+00    6.20000000e+00    0.00000000e+00
  2.25000000e+00    6.25000000e+00    0.00000000e+00
  2.25000000e+00    6.30000000e+00    0.00000000e+00
  2.25000000e+00    6.35000000e+00    0.00000000e+00
  2.25000000e+00    6.40000000e+00    0.00000000e+00
  2.25000000e+00    6.45000000e+00    0.00000000e+00
  2.25000000e+00    6.50000000e+00    0.00000000e+00
  2.25000000e+00    6.55000000e+00    0.00000000e+00
  2.25000000e+00    6.60000000e+00    0.00000000e+00
  2.25000000e+00    6.65000000e+00    0.00000000e+00
  2.25000000e+00    6.70000000e+00    0.00000000e+00
  2.25000000e+00    6.75000000e+00    0.00000000e+00
  2.25000000e+00    6.80000000e+00    0.00000000e+00
  2.25000000e+00    6.85000000e+00    0.00000000e+00
  2.25000000e+00    6.90000000e+00    0.00000000e+00
  2.25000000e+00    6.95000000e+00    0.00000000e+00
  2.25000000e+00    7.00000000e+00    0.00000000e+00
  2.25000000e+00    7.05000000e+00    0.00000000e+00
  2.25000000e+00    7.10000000e+00    0.00000000e+00
  2.25000000e+00    7.15000000e+00    0.00000000e+00
  2.25000000e+00    7.20000000e+00    0.00000000e+00
  2.25000000e+00    7.25000000e+00    0.00000000e+00
  2.25000000e+00    7.30000000e+00    0.00000000e+00
  2.25000000e+00    7.35000000e+00    0.00000000e+00
  2.25000000e+00    7.40000000e+00    0.00000000e+00
  2.25000000e+00    7.45000000e+00    0.00000000e+00
  2.25000000e+00    7.50000000e+00    0.00000000e+00
  2.25000000e+00    7.55000000e+00    0.00000000e+00
  2.25000000e+00    7.60000000e+00    0.00000000e+00
  2.25000000e+00    7.65000000e+00    0.00000000e+00
  2.25000000e+00    7.70000000e+00    0.00000000e+00
  2.25000000e+00    7.75000000e+00    0.00000000e+00
  2.25000000e+00    7.80000000e+00    0.00000000e+00
  2.25000000e+00    7.85000000e+00    0.00000000e+00
  2.25000000e+00    7.90000000e+00    0.00000000e+00
  2.25000000e+00    7.95000000e+00    0.00000000e+00
  2.25000000e+00    8.00000000e+00    0.00000000e+00
  2.25000000e+00    8.05000000e+00    0.00000000e+00
  2.25000000e+00    8.10000000e+00    0.00000000e+00
  2.25000000e+00    8.15000000e+00    0.00000000e+00
  2.25000000e+00    8.20000000e+00    0.00000000e+00
  2.25000000e+00    8.25000000e+00    0.00000000e+00
  2.25000000e+00    8.30000000e+00    0.00000000e+00
  2.25000000e+00    8.35000000e+00    0.00000000e+00
  2.25000000e+00    8.40000000e+00    0.00000000e+00
  2.25000000e+00    8.45000000e+00    0.00000000e+00
  2.25000000e+00    8.50000000e+00    0.00000000e+00
  2.25000000e+00    8.55000000e+00    0.00000000e+00
  2.25000000e+00    8.60000000e+00    0.00000000e+00
  2.25000000e+00    8.65000000e+00    0.00000000e+00
  2.25000000e+00    8.70000000e+00    0.00000000e+00
  2.25000000e+00    8.75000000e+00    0.00000000e+00
  2.25000000e+00    8.80000000e+00    0.00000000e+00
  2.25000000e+00    8.85000000e+00    0.00000000e+00
  2.25000000e+00    8.90000000e+00    0.00000000e+00
  2.25000000e+00    8.95000000e+00    0.00000000e+00
  2.25000000e+00    9.00000000e+00    0.00000000e+00
  2.25000000e+00    9.05000000e+00    0.00000000e+00
  2.25000000e+00    9.10000000e+00    0.00000000e+00
  2.25000000e+00    9.15000000e+00    0.00000000e+00
  2.25000000e+00    9.20000000e+00    0.00000000e+00
  2.25000000e+00    9.25000000e+00    0.00000000e+00
  2.25000000e+00    9.30000000e+00    0.00000000e+00
  2.25000000e+00    9.35000000e+00    0.00000000e+00
  2.25000000e+00    9.40000000e+00    0.00000000e+00
  2.25000000e+00    9.45000000e+00    0.00000000e+00
  2.25000000e+00    9.50000000e+00    0.00000000e+00
  2.25000000e+00    9.55000000e+00    0.00000000e+00
  2.25000000e+00    9.60000000e+00    0.00000000e+00
  2.25000000e+00    9.65000000e+00    0.00000000e+00
  2.25000000e+00    9.70000000e+00    0.00000000e+00
  2.25000000e+00    9.75000000e+00    0.00000000e+00
  2.25000000e+00    9.80000000e+00    0.00000000e+00
  2.25000000e+00    9.85000000e+00    0.00000000e+00
  2.25000000e+00    9.90000000e+00    0.00000000e+00
  2.25000000e+00    9.95000000e+00    0.00000000e+00
  2.25000000e+00    1.00000000e+01    0.00000000e+00
