  0.00000000e+00   1.00000000e-01   0.00000000e+00   0.00000000e+00
  5.00000000e-03   9.99509009e-02   3.12548732e-03   0.00000000e+00
  1.00000000e-02   9.98036521e-02   6.24789016e-03   0.00000000e+00
  1.50000000e-02   9.95583990e-02   9.36412709e-03   0.00000000e+00
  2.00000000e-02   9.92153835e-02   1.24711228e-02   0.00000000e+00
  2.50000000e-02   9.87749441e-02   1.55658109e-02   0.00000000e+00
  3.00000000e-02   9.82375156e-02   1.86451375e-02   0.00000000e+00
  3.50000000e-02   9.76036283e-02   2.17060636e-02   0.00000000e+00
  4.00000000e-02   9.68739077e-02   2.47455685e-02   0.00000000e+00
  4.50000000e-02   9.60490741e-02   2.77606524e-02   0.00000000e+00
  5.00000000e-02   9.51299414e-02   3.07483399e-02   0.00000000e+00
  5.50000000e-02   9.41174167e-02   3.37056826e-02   0.00000000e+00
  6.00000000e-02   9.30124993e-02   3.66297618e-02   0.00000000e+00
  6.50000000e-02   9.18162795e-02   3.95176918e-02   0.00000000e+00
  7.00000000e-02   9.05299379e-02   4.23666227e-02   0.00000000e+00
  7.50000000e-02   8.91547440e-02   4.51737428e-02   0.00000000e+00
  8.00000000e-02   8.76920548e-02   4.79362819e-02   0.00000000e+00
  8.50000000e-02   8.61433140e-02   5.06515136e-02   0.00000000e+00
  9.00000000e-02   8.45100499e-02   5.33167585e-02   0.00000000e+00
  9.50000000e-02   8.27938743e-02   5.59293861e-02   0.00000000e+00
  1.00000000e-01   8.09964810e-02   5.84868182e-02   0.00000000e+00
  1.05000000e-01   7.91196436e-02   6.09865308e-02   0.00000000e+00
  1.10000000e-01   7.71652145e-02   6.34260571e-02   0.00000000e+00
  1.15000000e-01   7.51351225e-02   6.58029896e-02   0.00000000e+00
  1.20000000e-01   7.30313709e-02   6.81149824e-02   0.00000000e+00
  1.25000000e-01   7.08560359e-02   7.03597540e-02   0.00000000e+00
  1.30000000e-01   6.86112643e-02   7.25350890e-02   0.00000000e+00
  1.35000000e-01   6.62992715e-02   7.46388406e-02   0.00000000e+00
  1.40000000e-01   6.39223391e-02   7.66689327e-02   0.00000000e+00
  1.45000000e-01   6.14828128e-02   7.86233619e-02   0.00000000e+00
  1.50000000e-01   5.89831002e-02   8.05001992e-02   0.00000000e+00
  1.55000000e-01   5.64256681e-02   8.22975926e-02   0.00000000e+00
  1.60000000e-01   5.38130405e-02   8.40137682e-02   0.00000000e+00
  1.65000000e-01   5.11477957e-02   8.56470324e-02   0.00000000e+00
  1.70000000e-01   4.84325639e-02   8.71957732e-02   0.00000000e+00
  1.75000000e-01   4.56700249e-02   8.86584624e-02   0.00000000e+00
  1.80000000e-01   4.28629048e-02   9.00336564e-02   0.00000000e+00
  1.85000000e-01   4.00139740e-02   9.13199980e-02   0.00000000e+00
  1.90000000e-01   3.71260439e-02   9.25162178e-02   0.00000000e+00
  1.95000000e-01   3.42019647e-02   9.36211353e-02   0.00000000e+00
  2.00000000e-01   3.12446221e-02   9.46336600e-02   0.00000000e+00
  2.05000000e-01   2.82569346e-02   9.55527928e-02   0.00000000e+00
  2.10000000e-01   2.52418507e-02   9.63776264e-02   0.00000000e+00
  2.15000000e-01   2.22023458e-02   9.71073470e-02   0.00000000e+00
  2.20000000e-01   1.91414197e-02   9.77412344e-02   0.00000000e+00
  2.25000000e-01   1.60620932e-02   9.82786629e-02   0.00000000e+00
  2.30000000e-01   1.29674050e-02   9.87191023e-02   0.00000000e+00
  2.35000000e-01   9.86040933e-03   9.90621179e-02   0.00000000e+00
  2.40000000e-01   6.74417240e-03   9.93073711e-02   0.00000000e+00
  2.45000000e-01   3.62176957e-03   9.94546199e-02   0.00000000e+00
  2.50000000e-01   4.96282247e-04   9.95037190e-02   0.00000000e+00
  2.55000000e-01  -2.62920507e-03   9.94546199e-02   0.00000000e+00
  2.60000000e-01  -5.75160791e-03   9.93073712e-02   0.00000000e+00
  2.65000000e-01  -8.86784485e-03   9.90621181e-02   0.00000000e+00
  2.70000000e-01  -1.19748405e-02   9.87191026e-02   0.00000000e+00
  2.75000000e-01  -1.50695287e-02   9.82786633e-02   0.00000000e+00
  2.80000000e-01  -1.81488553e-02   9.77412348e-02   0.00000000e+00
  2.85000000e-01  -2.12097814e-02   9.71073475e-02   0.00000000e+00
  2.90000000e-01  -2.42492862e-02   9.63776270e-02   0.00000000e+00
  2.95000000e-01  -2.72643702e-02   9.55527935e-02   0.00000000e+00
  3.00000000e-01  -3.02520577e-02   9.46336608e-02   0.00000000e+00
  3.05000000e-01  -3.32094004e-02   9.36211362e-02   0.00000000e+00
  3.10000000e-01  -3.61334796e-02   9.25162187e-02   0.00000000e+00
  3.15000000e-01  -3.90214097e-02   9.13199990e-02   0.00000000e+00
  3.20000000e-01  -4.18703405e-02   9.00336574e-02   0.00000000e+00
  3.25000000e-01  -4.46774607e-02   8.86584635e-02   0.00000000e+00
  3.30000000e-01  -4.74399998e-02   8.71957744e-02   0.00000000e+00
  3.35000000e-01  -5.01552315e-02   8.56470336e-02   0.00000000e+00
  3.40000000e-01  -5.28204764e-02   8.40137695e-02   0.00000000e+00
  3.45000000e-01  -5.54331040e-02   8.22975940e-02   0.00000000e+00
  3.50000000e-01  -5.79905361e-02   8.05002007e-02   0.00000000e+00
  3.55000000e-01  -6.04902488e-02   7.86233634e-02   0.00000000e+00
  3.60000000e-01  -6.29297752e-02   7.66689343e-02   0.00000000e+00
  3.65000000e-01  -6.53067076e-02   7.46388423e-02   0.00000000e+00
  3.70000000e-01  -6.76187005e-02   7.25350907e-02   0.00000000e+00
  3.75000000e-01  -6.98634721e-02   7.03597558e-02   0.00000000e+00
  3.80000000e-01  -7.20388071e-02   6.81149843e-02   0.00000000e+00
  3.85000000e-01  -7.41425588e-02   6.58029915e-02   0.00000000e+00
  3.90000000e-01  -7.61726509e-02   6.34260591e-02   0.00000000e+00
  3.95000000e-01  -7.81270801e-02   6.09865328e-02   0.00000000e+00
  4.00000000e-01  -8.00039175e-02   5.84868202e-02   0.00000000e+00
  4.05000000e-01  -8.18013109e-02   5.59293882e-02   0.00000000e+00
  4.10000000e-01  -8.35174865e-02   5.33167606e-02   0.00000000e+00
  4.15000000e-01  -8.51507507e-02   5.06515158e-02   0.00000000e+00
  4.20000000e-01  -8.66994916e-02   4.79362841e-02   0.00000000e+00
  4.25000000e-01  -8.81621808e-02   4.51737450e-02   0.00000000e+00
  4.30000000e-01  -8.95373748e-02   4.23666249e-02   0.00000000e+00
  4.35000000e-01  -9.08237165e-02   3.95176941e-02   0.00000000e+00
  4.40000000e-01  -9.20199363e-02   3.66297641e-02   0.00000000e+00
  4.45000000e-01  -9.31248539e-02   3.37056849e-02   0.00000000e+00
  4.50000000e-01  -9.41373786e-02   3.07483423e-02   0.00000000e+00
  4.55000000e-01  -9.50565114e-02   2.77606548e-02   0.00000000e+00
  4.60000000e-01  -9.58813451e-02   2.47455709e-02   0.00000000e+00
  4.65000000e-01  -9.66110657e-02   2.17060661e-02   0.00000000e+00
  4.70000000e-01  -9.72449531e-02   1.86451400e-02   0.00000000e+00
  4.75000000e-01  -9.77823817e-02   1.55658134e-02   0.00000000e+00
  4.80000000e-01  -9.82228211e-02   1.24711253e-02   0.00000000e+00
  4.85000000e-01  -9.85658367e-02   9.36412961e-03   0.00000000e+00
  4.90000000e-01  -9.88110900e-02   6.24789269e-03   0.00000000e+00
  4.95000000e-01  -9.89583388e-02   3.12548985e-03   0.00000000e+00
  5.00000000e-01  -9.90074380e-02   2.53661365e-09   0.00000000e+00
  5.05000000e-01  -9.89583390e-02  -3.12548478e-03   0.00000000e+00
  5.10000000e-01  -9.88110903e-02  -6.24788763e-03   0.00000000e+00
  5.15000000e-01  -9.85658372e-02  -9.36412456e-03   0.00000000e+00
  5.20000000e-01  -9.82228218e-02  -1.24711202e-02   0.00000000e+00
  5.25000000e-01  -9.77823825e-02  -1.55658084e-02   0.00000000e+00
  5.30000000e-01  -9.72449541e-02  -1.86451350e-02   0.00000000e+00
  5.35000000e-01  -9.66110668e-02  -2.17060611e-02   0.00000000e+00
  5.40000000e-01  -9.58813463e-02  -2.47455660e-02   0.00000000e+00
  5.45000000e-01  -9.50565128e-02  -2.77606499e-02   0.00000000e+00
  5.50000000e-01  -9.41373802e-02  -3.07483375e-02   0.00000000e+00
  5.55000000e-01  -9.31248556e-02  -3.37056802e-02   0.00000000e+00
  5.60000000e-01  -9.20199382e-02  -3.66297594e-02   0.00000000e+00
  5.65000000e-01  -9.08237185e-02  -3.95176895e-02   0.00000000e+00
  5.70000000e-01  -8.95373770e-02  -4.23666203e-02   0.00000000e+00
  5.75000000e-01  -8.81621831e-02  -4.51737405e-02   0.00000000e+00
  5.80000000e-01  -8.66994940e-02  -4.79362796e-02   0.00000000e+00
  5.85000000e-01  -8.51507533e-02  -5.06515114e-02   0.00000000e+00
  5.90000000e-01  -8.35174892e-02  -5.33167563e-02   0.00000000e+00
  5.95000000e-01  -8.18013137e-02  -5.59293840e-02   0.00000000e+00
  6.00000000e-01  -8.00039204e-02  -5.84868161e-02   0.00000000e+00
  6.05000000e-01  -7.81270832e-02  -6.09865288e-02   0.00000000e+00
  6.10000000e-01  -7.61726541e-02  -6.34260551e-02   0.00000000e+00
  6.15000000e-01  -7.41425621e-02  -6.58029876e-02   0.00000000e+00
  6.20000000e-01  -7.20388106e-02  -6.81149805e-02   0.00000000e+00
  6.25000000e-01  -6.98634757e-02  -7.03597522e-02   0.00000000e+00
  6.30000000e-01  -6.76187042e-02  -7.25350872e-02   0.00000000e+00
  6.35000000e-01  -6.53067114e-02  -7.46388389e-02   0.00000000e+00
  6.40000000e-01  -6.29297790e-02  -7.66689311e-02   0.00000000e+00
  6.45000000e-01  -6.04902528e-02  -7.86233603e-02   0.00000000e+00
  6.50000000e-01  -5.79905402e-02  -8.05001977e-02   0.00000000e+00
  6.55000000e-01  -5.54331082e-02  -8.22975911e-02   0.00000000e+00
  6.60000000e-01  -5.28204807e-02  -8.40137668e-02   0.00000000e+00
  6.65000000e-01  -5.01552359e-02  -8.56470310e-02   0.00000000e+00
  6.70000000e-01  -4.74400042e-02  -8.71957720e-02   0.00000000e+00
  6.75000000e-01  -4.46774652e-02  -8.86584612e-02   0.00000000e+00
  6.80000000e-01  -4.18703451e-02  -9.00336552e-02   0.00000000e+00
  6.85000000e-01  -3.90214143e-02  -9.13199969e-02   0.00000000e+00
  6.90000000e-01  -3.61334843e-02  -9.25162168e-02   0.00000000e+00
  6.95000000e-01  -3.32094051e-02  -9.36211344e-02   0.00000000e+00
  7.00000000e-01  -3.02520626e-02  -9.46336592e-02   0.00000000e+00
  7.05000000e-01  -2.72643751e-02  -9.55527920e-02   0.00000000e+00
  7.10000000e-01  -2.42492911e-02  -9.63776257e-02   0.00000000e+00
  7.15000000e-01  -2.12097863e-02  -9.71073464e-02   0.00000000e+00
  7.20000000e-01  -1.81488603e-02  -9.77412338e-02   0.00000000e+00
  7.25000000e-01  -1.50695337e-02  -9.82786625e-02   0.00000000e+00
  7.30000000e-01  -1.19748455e-02  -9.87191019e-02   0.00000000e+00
  7.35000000e-01  -8.86784989e-03  -9.90621175e-02   0.00000000e+00
  7.40000000e-01  -5.75161297e-03  -9.93073708e-02   0.00000000e+00
  7.45000000e-01  -2.62921014e-03  -9.94546197e-02   0.00000000e+00
  7.50000000e-01   4.96277174e-04  -9.95037189e-02   0.00000000e+00
  7.55000000e-01   3.62176449e-03  -9.94546200e-02   0.00000000e+00
  7.60000000e-01   6.74416734e-03  -9.93073713e-02   0.00000000e+00
  7.65000000e-01   9.86040427e-03  -9.90621183e-02   0.00000000e+00
  7.70000000e-01   1.29673999e-02  -9.87191029e-02   0.00000000e+00
  7.75000000e-01   1.60620881e-02  -9.82786636e-02   0.00000000e+00
  7.80000000e-01   1.91414147e-02  -9.77412352e-02   0.00000000e+00
  7.85000000e-01   2.22023409e-02  -9.71073480e-02   0.00000000e+00
  7.90000000e-01   2.52418457e-02  -9.63776276e-02   0.00000000e+00
  7.95000000e-01   2.82569297e-02  -9.55527941e-02   0.00000000e+00
  8.00000000e-01   3.12446173e-02  -9.46336615e-02   0.00000000e+00
  8.05000000e-01   3.42019599e-02  -9.36211369e-02   0.00000000e+00
  8.10000000e-01   3.71260392e-02  -9.25162196e-02   0.00000000e+00
  8.15000000e-01   4.00139693e-02  -9.13199999e-02   0.00000000e+00
  8.20000000e-01   4.28629002e-02  -9.00336585e-02   0.00000000e+00
  8.25000000e-01   4.56700203e-02  -8.86584646e-02   0.00000000e+00
  8.30000000e-01   4.84325595e-02  -8.71957756e-02   0.00000000e+00
  8.35000000e-01   5.11477913e-02  -8.56470349e-02   0.00000000e+00
  8.40000000e-01   5.38130362e-02  -8.40137708e-02   0.00000000e+00
  8.45000000e-01   5.64256639e-02  -8.22975954e-02   0.00000000e+00
  8.50000000e-01   5.89830960e-02  -8.05002021e-02   0.00000000e+00
  8.55000000e-01   6.14828087e-02  -7.86233649e-02   0.00000000e+00
  8.60000000e-01   6.39223351e-02  -7.66689359e-02   0.00000000e+00
  8.65000000e-01   6.62992676e-02  -7.46388439e-02   0.00000000e+00
  8.70000000e-01   6.86112606e-02  -7.25350924e-02   0.00000000e+00
  8.75000000e-01   7.08560322e-02  -7.03597575e-02   0.00000000e+00
  8.80000000e-01   7.30313673e-02  -6.81149861e-02   0.00000000e+00
  8.85000000e-01   7.51351190e-02  -6.58029933e-02   0.00000000e+00
  8.90000000e-01   7.71652112e-02  -6.34260610e-02   0.00000000e+00
  8.95000000e-01   7.91196404e-02  -6.09865348e-02   0.00000000e+00
  9.00000000e-01   8.09964779e-02  -5.84868222e-02   0.00000000e+00
  9.05000000e-01   8.27938714e-02  -5.59293902e-02   0.00000000e+00
  9.10000000e-01   8.45100471e-02  -5.33167627e-02   0.00000000e+00
  9.15000000e-01   8.61433113e-02  -5.06515179e-02   0.00000000e+00
  9.20000000e-01   8.76920523e-02  -4.79362863e-02   0.00000000e+00
  9.25000000e-01   8.91547416e-02  -4.51737472e-02   0.00000000e+00
  9.30000000e-01   9.05299356e-02  -4.23666272e-02   0.00000000e+00
  9.35000000e-01   9.18162774e-02  -3.95176964e-02   0.00000000e+00
  9.40000000e-01   9.30124973e-02  -3.66297664e-02   0.00000000e+00
  9.45000000e-01   9.41174149e-02  -3.37056873e-02   0.00000000e+00
  9.50000000e-01   9.51299397e-02  -3.07483447e-02   0.00000000e+00
  9.55000000e-01   9.60490726e-02  -2.77606572e-02   0.00000000e+00
  9.60000000e-01   9.68739064e-02  -2.47455733e-02   0.00000000e+00
  9.65000000e-01   9.76036271e-02  -2.17060685e-02   0.00000000e+00
  9.70000000e-01   9.82375145e-02  -1.86451425e-02   0.00000000e+00
  9.75000000e-01   9.87749432e-02  -1.55658159e-02   0.00000000e+00
  9.80000000e-01   9.92153827e-02  -1.24711278e-02   0.00000000e+00
  9.85000000e-01   9.95583984e-02  -9.36413213e-03   0.00000000e+00
  9.90000000e-01   9.98036517e-02  -6.24789522e-03   0.00000000e+00
  9.95000000e-01   9.99509006e-02  -3.12549239e-03   0.00000000e+00
  1.00000000e+00   9.99999999e-02  -5.07322735e-09   0.00000000e+00
  1.00500000e+00   9.99509009e-02   3.12548225e-03   0.00000000e+00
  1.01000000e+00   9.98036523e-02   6.24788509e-03   0.00000000e+00
  1.01500000e+00   9.95583993e-02   9.36412203e-03   0.00000000e+00
  1.02000000e+00   9.92153840e-02   1.24711177e-02   0.00000000e+00
  1.02500000e+00   9.87749448e-02   1.55658059e-02   0.00000000e+00
  1.03000000e+00   9.82375164e-02   1.86451325e-02   0.00000000e+00
  1.03500000e+00   9.76036293e-02   2.17060586e-02   0.00000000e+00
  1.04000000e+00   9.68739089e-02   2.47455635e-02   0.00000000e+00
  1.04500000e+00   9.60490754e-02   2.77606475e-02   0.00000000e+00
  1.05000000e+00   9.51299429e-02   3.07483351e-02   0.00000000e+00
  1.05500000e+00   9.41174183e-02   3.37056778e-02   0.00000000e+00
  1.06000000e+00   9.30125010e-02   3.66297570e-02   0.00000000e+00
  1.06500000e+00   9.18162814e-02   3.95176871e-02   0.00000000e+00
  1.07000000e+00   9.05299400e-02   4.23666180e-02   0.00000000e+00
  1.07500000e+00   8.91547462e-02   4.51737382e-02   0.00000000e+00
  1.08000000e+00   8.76920572e-02   4.79362774e-02   0.00000000e+00
  1.08500000e+00   8.61433165e-02   5.06515092e-02   0.00000000e+00
  1.09000000e+00   8.45100525e-02   5.33167541e-02   0.00000000e+00
  1.09500000e+00   8.27938771e-02   5.59293818e-02   0.00000000e+00
  1.10000000e+00   8.09964838e-02   5.84868140e-02   0.00000000e+00
  1.10500000e+00   7.91196466e-02   6.09865267e-02   0.00000000e+00
  1.11000000e+00   7.71652177e-02   6.34260531e-02   0.00000000e+00
  1.11500000e+00   7.51351257e-02   6.58029857e-02   0.00000000e+00
  1.12000000e+00   7.30313742e-02   6.81149786e-02   0.00000000e+00
  1.12500000e+00   7.08560394e-02   7.03597503e-02   0.00000000e+00
  1.13000000e+00   6.86112679e-02   7.25350854e-02   0.00000000e+00
  1.13500000e+00   6.62992752e-02   7.46388372e-02   0.00000000e+00
  1.14000000e+00   6.39223429e-02   7.66689294e-02   0.00000000e+00
  1.14500000e+00   6.14828167e-02   7.86233587e-02   0.00000000e+00
  1.15000000e+00   5.89831042e-02   8.05001961e-02   0.00000000e+00
  1.15500000e+00   5.64256722e-02   8.22975896e-02   0.00000000e+00
  1.16000000e+00   5.38130447e-02   8.40137654e-02   0.00000000e+00
  1.16500000e+00   5.11478000e-02   8.56470297e-02   0.00000000e+00
  1.17000000e+00   4.84325683e-02   8.71957707e-02   0.00000000e+00
  1.17500000e+00   4.56700293e-02   8.86584600e-02   0.00000000e+00
  1.18000000e+00   4.28629093e-02   9.00336541e-02   0.00000000e+00
  1.18500000e+00   4.00139786e-02   9.13199959e-02   0.00000000e+00
  1.19000000e+00   3.71260486e-02   9.25162158e-02   0.00000000e+00
  1.19500000e+00   3.42019695e-02   9.36211335e-02   0.00000000e+00
  1.20000000e+00   3.12446269e-02   9.46336583e-02   0.00000000e+00
  1.20500000e+00   2.82569394e-02   9.55527912e-02   0.00000000e+00
  1.21000000e+00   2.52418555e-02   9.63776250e-02   0.00000000e+00
  1.21500000e+00   2.22023508e-02   9.71073458e-02   0.00000000e+00
  1.22000000e+00   1.91414247e-02   9.77412333e-02   0.00000000e+00
  1.22500000e+00   1.60620981e-02   9.82786620e-02   0.00000000e+00
  1.23000000e+00   1.29674100e-02   9.87191015e-02   0.00000000e+00
  1.23500000e+00   9.86041437e-03   9.90621172e-02   0.00000000e+00
  1.24000000e+00   6.74417746e-03   9.93073706e-02   0.00000000e+00
  1.24500000e+00   3.62177463e-03   9.94546196e-02   0.00000000e+00
  1.25000000e+00   4.96287321e-04   9.95037189e-02   0.00000000e+00
  1.25500000e+00  -2.62920000e-03   9.94546200e-02   0.00000000e+00
  1.26000000e+00  -5.75160284e-03   9.93073714e-02   0.00000000e+00
  1.26500000e+00  -8.86783978e-03   9.90621184e-02   0.00000000e+00
  1.27000000e+00  -1.19748355e-02   9.87191031e-02   0.00000000e+00
  1.27500000e+00  -1.50695237e-02   9.82786640e-02   0.00000000e+00
  1.28000000e+00  -1.81488503e-02   9.77412356e-02   0.00000000e+00
  1.28500000e+00  -2.12097764e-02   9.71073485e-02   0.00000000e+00
  1.29000000e+00  -2.42492813e-02   9.63776282e-02   0.00000000e+00
  1.29500000e+00  -2.72643653e-02   9.55527947e-02   0.00000000e+00
  1.30000000e+00  -3.02520529e-02   9.46336622e-02   0.00000000e+00
  1.30500000e+00  -3.32093956e-02   9.36211377e-02   0.00000000e+00
  1.31000000e+00  -3.61334748e-02   9.25162205e-02   0.00000000e+00
  1.31500000e+00  -3.90214049e-02   9.13200009e-02   0.00000000e+00
  1.32000000e+00  -4.18703359e-02   9.00336595e-02   0.00000000e+00
  1.32500000e+00  -4.46774561e-02   8.86584657e-02   0.00000000e+00
  1.33000000e+00  -4.74399952e-02   8.71957768e-02   0.00000000e+00
  1.33500000e+00  -5.01552271e-02   8.56470361e-02   0.00000000e+00
  1.34000000e+00  -5.28204720e-02   8.40137722e-02   0.00000000e+00
  1.34500000e+00  -5.54330998e-02   8.22975968e-02   0.00000000e+00
  1.35000000e+00  -5.79905320e-02   8.05002036e-02   0.00000000e+00
  1.35500000e+00  -6.04902447e-02   7.86233664e-02   0.00000000e+00
  1.36000000e+00  -6.29297712e-02   7.66689375e-02   0.00000000e+00
  1.36500000e+00  -6.53067037e-02   7.46388456e-02   0.00000000e+00
  1.37000000e+00  -6.76186967e-02   7.25350941e-02   0.00000000e+00
  1.37500000e+00  -6.98634684e-02   7.03597593e-02   0.00000000e+00
  1.38000000e+00  -7.20388036e-02   6.81149879e-02   0.00000000e+00
  1.38500000e+00  -7.41425553e-02   6.58029952e-02   0.00000000e+00
  1.39000000e+00  -7.61726476e-02   6.34260629e-02   0.00000000e+00
  1.39500000e+00  -7.81270769e-02   6.09865367e-02   0.00000000e+00
  1.40000000e+00  -8.00039144e-02   5.84868242e-02   0.00000000e+00
  1.40500000e+00  -8.18013079e-02   5.59293923e-02   0.00000000e+00
  1.41000000e+00  -8.35174837e-02   5.33167648e-02   0.00000000e+00
  1.41500000e+00  -8.51507480e-02   5.06515201e-02   0.00000000e+00
  1.42000000e+00  -8.66994891e-02   4.79362884e-02   0.00000000e+00
  1.42500000e+00  -8.81621784e-02   4.51737495e-02   0.00000000e+00
  1.43000000e+00  -8.95373726e-02   4.23666295e-02   0.00000000e+00
  1.43500000e+00  -9.08237144e-02   3.95176987e-02   0.00000000e+00
  1.44000000e+00  -9.20199344e-02   3.66297688e-02   0.00000000e+00
  1.44500000e+00  -9.31248520e-02   3.37056897e-02   0.00000000e+00
  1.45000000e+00  -9.41373769e-02   3.07483471e-02   0.00000000e+00
  1.45500000e+00  -9.50565099e-02   2.77606597e-02   0.00000000e+00
  1.46000000e+00  -9.58813437e-02   2.47455758e-02   0.00000000e+00
  1.46500000e+00  -9.66110645e-02   2.17060710e-02   0.00000000e+00
  1.47000000e+00  -9.72449520e-02   1.86451450e-02   0.00000000e+00
  1.47500000e+00  -9.77823808e-02   1.55658184e-02   0.00000000e+00
  1.48000000e+00  -9.82228204e-02   1.24711303e-02   0.00000000e+00
  1.48500000e+00  -9.85658361e-02   9.36413465e-03   0.00000000e+00
  1.49000000e+00  -9.88110895e-02   6.24789774e-03   0.00000000e+00
  1.49500000e+00  -9.89583385e-02   3.12549492e-03   0.00000000e+00
  1.50000000e+00  -9.90074378e-02   7.60984102e-09   0.00000000e+00
  1.50500000e+00  -9.89583390e-02  -3.12547971e-03   0.00000000e+00
  1.51000000e+00  -9.88110905e-02  -6.24788255e-03   0.00000000e+00
  1.51500000e+00  -9.85658375e-02  -9.36411950e-03   0.00000000e+00
  1.52000000e+00  -9.82228223e-02  -1.24711152e-02   0.00000000e+00
  1.52500000e+00  -9.77823832e-02  -1.55658034e-02   0.00000000e+00
  1.53000000e+00  -9.72449549e-02  -1.86451300e-02   0.00000000e+00
  1.53500000e+00  -9.66110678e-02  -2.17060562e-02   0.00000000e+00
  1.54000000e+00  -9.58813475e-02  -2.47455610e-02   0.00000000e+00
  1.54500000e+00  -9.50565141e-02  -2.77606450e-02   0.00000000e+00
  1.55000000e+00  -9.41373816e-02  -3.07483326e-02   0.00000000e+00
  1.55500000e+00  -9.31248572e-02  -3.37056753e-02   0.00000000e+00
  1.56000000e+00  -9.20199399e-02  -3.66297546e-02   0.00000000e+00
  1.56500000e+00  -9.08237204e-02  -3.95176848e-02   0.00000000e+00
  1.57000000e+00  -8.95373790e-02  -4.23666157e-02   0.00000000e+00
  1.57500000e+00  -8.81621853e-02  -4.51737359e-02   0.00000000e+00
  1.58000000e+00  -8.66994964e-02  -4.79362751e-02   0.00000000e+00
  1.58500000e+00  -8.51507557e-02  -5.06515070e-02   0.00000000e+00
  1.59000000e+00  -8.35174918e-02  -5.33167519e-02   0.00000000e+00
  1.59500000e+00  -8.18013165e-02  -5.59293797e-02   0.00000000e+00
  1.60000000e+00  -8.00039233e-02  -5.84868119e-02   0.00000000e+00
  1.60500000e+00  -7.81270862e-02  -6.09865247e-02   0.00000000e+00
  1.61000000e+00  -7.61726573e-02  -6.34260511e-02   0.00000000e+00
  1.61500000e+00  -7.41425654e-02  -6.58029837e-02   0.00000000e+00
  1.62000000e+00  -7.20388140e-02  -6.81149767e-02   0.00000000e+00
  1.62500000e+00  -6.98634792e-02  -7.03597485e-02   0.00000000e+00
  1.63000000e+00  -6.76187078e-02  -7.25350837e-02   0.00000000e+00
  1.63500000e+00  -6.53067151e-02  -7.46388355e-02   0.00000000e+00
  1.64000000e+00  -6.29297829e-02  -7.66689277e-02   0.00000000e+00
  1.64500000e+00  -6.04902567e-02  -7.86233570e-02   0.00000000e+00
  1.65000000e+00  -5.79905443e-02  -8.05001946e-02   0.00000000e+00
  1.65500000e+00  -5.54331123e-02  -8.22975882e-02   0.00000000e+00
  1.66000000e+00  -5.28204849e-02  -8.40137640e-02   0.00000000e+00
  1.66500000e+00  -5.01552402e-02  -8.56470283e-02   0.00000000e+00
  1.67000000e+00  -4.74400086e-02  -8.71957694e-02   0.00000000e+00
  1.67500000e+00  -4.46774696e-02  -8.86584588e-02   0.00000000e+00
  1.68000000e+00  -4.18703496e-02  -9.00336530e-02   0.00000000e+00
  1.68500000e+00  -3.90214189e-02  -9.13199948e-02   0.00000000e+00
  1.69000000e+00  -3.61334890e-02  -9.25162148e-02   0.00000000e+00
  1.69500000e+00  -3.32094099e-02  -9.36211325e-02   0.00000000e+00
  1.70000000e+00  -3.02520673e-02  -9.46336575e-02   0.00000000e+00
  1.70500000e+00  -2.72643799e-02  -9.55527904e-02   0.00000000e+00
  1.71000000e+00  -2.42492960e-02  -9.63776243e-02   0.00000000e+00
  1.71500000e+00  -2.12097913e-02  -9.71073451e-02   0.00000000e+00
  1.72000000e+00  -1.81488652e-02  -9.77412327e-02   0.00000000e+00
  1.72500000e+00  -1.50695387e-02  -9.82786615e-02   0.00000000e+00
  1.73000000e+00  -1.19748506e-02  -9.87191011e-02   0.00000000e+00
  1.73500000e+00  -8.86785493e-03  -9.90621169e-02   0.00000000e+00
  1.74000000e+00  -5.75161803e-03  -9.93073704e-02   0.00000000e+00
  1.74500000e+00  -2.62921521e-03  -9.94546194e-02   0.00000000e+00
  1.75000000e+00   4.96272101e-04  -9.95037188e-02   0.00000000e+00
  1.75500000e+00   3.62175942e-03  -9.94546200e-02   0.00000000e+00
  1.76000000e+00   6.74416227e-03  -9.93073715e-02   0.00000000e+00
  1.76500000e+00   9.86039921e-03  -9.90621186e-02   0.00000000e+00
  1.77000000e+00   1.29673949e-02  -9.87191034e-02   0.00000000e+00
  1.77500000e+00   1.60620831e-02  -9.82786643e-02   0.00000000e+00
  1.78000000e+00   1.91414097e-02  -9.77412361e-02   0.00000000e+00
  1.78500000e+00   2.22023359e-02  -9.71073490e-02   0.00000000e+00
  1.79000000e+00   2.52418408e-02  -9.63776287e-02   0.00000000e+00
  1.79500000e+00   2.82569248e-02  -9.55527954e-02   0.00000000e+00
  1.80000000e+00   3.12446124e-02  -9.46336630e-02   0.00000000e+00
  1.80500000e+00   3.42019551e-02  -9.36211385e-02   0.00000000e+00
  1.81000000e+00   3.71260344e-02  -9.25162214e-02   0.00000000e+00
  1.81500000e+00   4.00139646e-02  -9.13200018e-02   0.00000000e+00
  1.82000000e+00   4.28628955e-02  -9.00336605e-02   0.00000000e+00
  1.82500000e+00   4.56700157e-02  -8.86584668e-02   0.00000000e+00
  1.83000000e+00   4.84325550e-02  -8.71957779e-02   0.00000000e+00
  1.83500000e+00   5.11477868e-02  -8.56470373e-02   0.00000000e+00
  1.84000000e+00   5.38130318e-02  -8.40137735e-02   0.00000000e+00
  1.84500000e+00   5.64256596e-02  -8.22975981e-02   0.00000000e+00
  1.85000000e+00   5.89830918e-02  -8.05002050e-02   0.00000000e+00
  1.85500000e+00   6.14828046e-02  -7.86233679e-02   0.00000000e+00
  1.86000000e+00   6.39223311e-02  -7.66689390e-02   0.00000000e+00
  1.86500000e+00   6.62992638e-02  -7.46388472e-02   0.00000000e+00
  1.87000000e+00   6.86112568e-02  -7.25350958e-02   0.00000000e+00
  1.87500000e+00   7.08560285e-02  -7.03597610e-02   0.00000000e+00
  1.88000000e+00   7.30313637e-02  -6.81149897e-02   0.00000000e+00
  1.88500000e+00   7.51351156e-02  -6.58029970e-02   0.00000000e+00
  1.89000000e+00   7.71652079e-02  -6.34260648e-02   0.00000000e+00
  1.89500000e+00   7.91196372e-02  -6.09865387e-02   0.00000000e+00
  1.90000000e+00   8.09964748e-02  -5.84868262e-02   0.00000000e+00
  1.90500000e+00   8.27938684e-02  -5.59293943e-02   0.00000000e+00
  1.91000000e+00   8.45100442e-02  -5.33167669e-02   0.00000000e+00
  1.91500000e+00   8.61433086e-02  -5.06515222e-02   0.00000000e+00
  1.92000000e+00   8.76920497e-02  -4.79362906e-02   0.00000000e+00
  1.92500000e+00   8.91547391e-02  -4.51737517e-02   0.00000000e+00
  1.93000000e+00   9.05299334e-02  -4.23666317e-02   0.00000000e+00
  1.93500000e+00   9.18162752e-02  -3.95177010e-02   0.00000000e+00
  1.94000000e+00   9.30124953e-02  -3.66297711e-02   0.00000000e+00
  1.94500000e+00   9.41174131e-02  -3.37056920e-02   0.00000000e+00
  1.95000000e+00   9.51299380e-02  -3.07483495e-02   0.00000000e+00
  1.95500000e+00   9.60490710e-02  -2.77606621e-02   0.00000000e+00
  1.96000000e+00   9.68739050e-02  -2.47455782e-02   0.00000000e+00
  1.96500000e+00   9.76036258e-02  -2.17060735e-02   0.00000000e+00
  1.97000000e+00   9.82375134e-02  -1.86451474e-02   0.00000000e+00
  1.97500000e+00   9.87749423e-02  -1.55658209e-02   0.00000000e+00
  1.98000000e+00   9.92153819e-02  -1.24711328e-02   0.00000000e+00
  1.98500000e+00   9.95583978e-02  -9.36413717e-03   0.00000000e+00
  1.99000000e+00   9.98036512e-02  -6.24790027e-03   0.00000000e+00
  1.99500000e+00   9.99509003e-02  -3.12549745e-03   0.00000000e+00
  2.00000000e+00   9.99999997e-02  -1.01464546e-08   0.00000000e+00
  2.00500000e+00   9.99509010e-02   3.12547717e-03   0.00000000e+00
  2.01000000e+00   9.98036525e-02   6.24788002e-03   0.00000000e+00
  2.01500000e+00   9.95583997e-02   9.36411696e-03   0.00000000e+00
  2.02000000e+00   9.92153845e-02   1.24711127e-02   0.00000000e+00
  2.02500000e+00   9.87749454e-02   1.55658009e-02   0.00000000e+00
  2.03000000e+00   9.82375172e-02   1.86451275e-02   0.00000000e+00
  2.03500000e+00   9.76036302e-02   2.17060537e-02   0.00000000e+00
  2.04000000e+00   9.68739100e-02   2.47455586e-02   0.00000000e+00
  2.04500000e+00   9.60490767e-02   2.77606426e-02   0.00000000e+00
  2.05000000e+00   9.51299443e-02   3.07483302e-02   0.00000000e+00
  2.05500000e+00   9.41174199e-02   3.37056729e-02   0.00000000e+00
  2.06000000e+00   9.30125028e-02   3.66297522e-02   0.00000000e+00
  2.06500000e+00   9.18162833e-02   3.95176824e-02   0.00000000e+00
  2.07000000e+00   9.05299420e-02   4.23666134e-02   0.00000000e+00
  2.07500000e+00   8.91547483e-02   4.51737336e-02   0.00000000e+00
  2.08000000e+00   8.76920595e-02   4.79362728e-02   0.00000000e+00
  2.08500000e+00   8.61433189e-02   5.06515048e-02   0.00000000e+00
  2.09000000e+00   8.45100551e-02   5.33167498e-02   0.00000000e+00
  2.09500000e+00   8.27938798e-02   5.59293775e-02   0.00000000e+00
  2.10000000e+00   8.09964867e-02   5.84868098e-02   0.00000000e+00
  2.10500000e+00   7.91196496e-02   6.09865226e-02   0.00000000e+00
  2.11000000e+00   7.71652208e-02   6.34260491e-02   0.00000000e+00
  2.11500000e+00   7.51351290e-02   6.58029818e-02   0.00000000e+00
  2.12000000e+00   7.30313776e-02   6.81149749e-02   0.00000000e+00
  2.12500000e+00   7.08560429e-02   7.03597467e-02   0.00000000e+00
  2.13000000e+00   6.86112715e-02   7.25350819e-02   0.00000000e+00
  2.13500000e+00   6.62992789e-02   7.46388337e-02   0.00000000e+00
  2.14000000e+00   6.39223467e-02   7.66689261e-02   0.00000000e+00
  2.14500000e+00   6.14828207e-02   7.86233554e-02   0.00000000e+00
  2.15000000e+00   5.89831082e-02   8.05001930e-02   0.00000000e+00
  2.15500000e+00   5.64256764e-02   8.22975867e-02   0.00000000e+00
  2.16000000e+00   5.38130489e-02   8.40137625e-02   0.00000000e+00
  2.16500000e+00   5.11478043e-02   8.56470270e-02   0.00000000e+00
  2.17000000e+00   4.84325727e-02   8.71957681e-02   0.00000000e+00
  2.17500000e+00   4.56700338e-02   8.86584576e-02   0.00000000e+00
  2.18000000e+00   4.28629139e-02   9.00336518e-02   0.00000000e+00
  2.18500000e+00   4.00139832e-02   9.13199937e-02   0.00000000e+00
  2.19000000e+00   3.71260533e-02   9.25162138e-02   0.00000000e+00
  2.19500000e+00   3.42019742e-02   9.36211316e-02   0.00000000e+00
  2.20000000e+00   3.12446317e-02   9.46336566e-02   0.00000000e+00
  2.20500000e+00   2.82569443e-02   9.55527897e-02   0.00000000e+00
  2.21000000e+00   2.52418604e-02   9.63776236e-02   0.00000000e+00
  2.21500000e+00   2.22023557e-02   9.71073445e-02   0.00000000e+00
  2.22000000e+00   1.91414297e-02   9.77412322e-02   0.00000000e+00
  2.22500000e+00   1.60621031e-02   9.82786611e-02   0.00000000e+00
  2.23000000e+00   1.29674150e-02   9.87191008e-02   0.00000000e+00
  2.23500000e+00   9.86041941e-03   9.90621166e-02   0.00000000e+00
  2.24000000e+00   6.74418251e-03   9.93073702e-02   0.00000000e+00
  2.24500000e+00   3.62177970e-03   9.94546193e-02   0.00000000e+00
  2.25000000e+00   4.96292394e-04   9.95037187e-02   0.00000000e+00
  2.25500000e+00  -2.62919492e-03   9.94546200e-02   0.00000000e+00
  2.26000000e+00  -5.75159777e-03   9.93073716e-02   0.00000000e+00
  2.26500000e+00  -8.86783472e-03   9.90621188e-02   0.00000000e+00
  2.27000000e+00  -1.19748304e-02   9.87191036e-02   0.00000000e+00
  2.27500000e+00  -1.50695186e-02   9.82786646e-02   0.00000000e+00
  2.28000000e+00  -1.81488453e-02   9.77412365e-02   0.00000000e+00
  2.28500000e+00  -2.12097714e-02   9.71073495e-02   0.00000000e+00
  2.29000000e+00  -2.42492763e-02   9.63776293e-02   0.00000000e+00
  2.29500000e+00  -2.72643604e-02   9.55527960e-02   0.00000000e+00
  2.30000000e+00  -3.02520480e-02   9.46336637e-02   0.00000000e+00
  2.30500000e+00  -3.32093908e-02   9.36211393e-02   0.00000000e+00
  2.31000000e+00  -3.61334701e-02   9.25162222e-02   0.00000000e+00
  2.31500000e+00  -3.90214002e-02   9.13200028e-02   0.00000000e+00
  2.32000000e+00  -4.18703312e-02   9.00336615e-02   0.00000000e+00
  2.32500000e+00  -4.46774515e-02   8.86584679e-02   0.00000000e+00
  2.33000000e+00  -4.74399907e-02   8.71957791e-02   0.00000000e+00
  2.33500000e+00  -5.01552227e-02   8.56470386e-02   0.00000000e+00
  2.34000000e+00  -5.28204677e-02   8.40137748e-02   0.00000000e+00
  2.34500000e+00  -5.54330955e-02   8.22975995e-02   0.00000000e+00
  2.35000000e+00  -5.79905278e-02   8.05002064e-02   0.00000000e+00
  2.35500000e+00  -6.04902406e-02   7.86233694e-02   0.00000000e+00
  2.36000000e+00  -6.29297672e-02   7.66689406e-02   0.00000000e+00
  2.36500000e+00  -6.53066998e-02   7.46388488e-02   0.00000000e+00
  2.37000000e+00  -6.76186929e-02   7.25350975e-02   0.00000000e+00
  2.37500000e+00  -6.98634648e-02   7.03597628e-02   0.00000000e+00
  2.38000000e+00  -7.20388000e-02   6.81149915e-02   0.00000000e+00
  2.38500000e+00  -7.41425519e-02   6.58029989e-02   0.00000000e+00
  2.39000000e+00  -7.61726443e-02   6.34260667e-02   0.00000000e+00
  2.39500000e+00  -7.81270737e-02   6.09865407e-02   0.00000000e+00
  2.40000000e+00  -8.00039113e-02   5.84868283e-02   0.00000000e+00
  2.40500000e+00  -8.18013050e-02   5.59293964e-02   0.00000000e+00
  2.41000000e+00  -8.35174809e-02   5.33167690e-02   0.00000000e+00
  2.41500000e+00  -8.51507453e-02   5.06515244e-02   0.00000000e+00
  2.42000000e+00  -8.66994865e-02   4.79362928e-02   0.00000000e+00
  2.42500000e+00  -8.81621760e-02   4.51737539e-02   0.00000000e+00
  2.43000000e+00  -8.95373703e-02   4.23666340e-02   0.00000000e+00
  2.43500000e+00  -9.08237122e-02   3.95177033e-02   0.00000000e+00
  2.44000000e+00  -9.20199324e-02   3.66297734e-02   0.00000000e+00
  2.44500000e+00  -9.31248502e-02   3.37056944e-02   0.00000000e+00
  2.45000000e+00  -9.41373752e-02   3.07483519e-02   0.00000000e+00
  2.45500000e+00  -9.50565083e-02   2.77606645e-02   0.00000000e+00
  2.46000000e+00  -9.58813423e-02   2.47455807e-02   0.00000000e+00
  2.46500000e+00  -9.66110632e-02   2.17060759e-02   0.00000000e+00
  2.47000000e+00  -9.72449509e-02   1.86451499e-02   0.00000000e+00
  2.47500000e+00  -9.77823799e-02   1.55658234e-02   0.00000000e+00
  2.48000000e+00  -9.82228196e-02   1.24711353e-02   0.00000000e+00
  2.48500000e+00  -9.85658355e-02   9.36413969e-03   0.00000000e+00
  2.49000000e+00  -9.88110891e-02   6.24790280e-03   0.00000000e+00
  2.49500000e+00  -9.89583382e-02   3.12549999e-03   0.00000000e+00
  2.50000000e+00  -9.90074377e-02   1.26830683e-08   0.00000000e+00
  2.50500000e+00  -9.89583390e-02  -3.12547463e-03   0.00000000e+00
  2.51000000e+00  -9.88110906e-02  -6.24787748e-03   0.00000000e+00
  2.51500000e+00  -9.85658379e-02  -9.36411443e-03   0.00000000e+00
  2.52000000e+00  -9.82228228e-02  -1.24711101e-02   0.00000000e+00
  2.52500000e+00  -9.77823838e-02  -1.55657983e-02   0.00000000e+00
  2.53000000e+00  -9.72449557e-02  -1.86451250e-02   0.00000000e+00
  2.53500000e+00  -9.66110688e-02  -2.17060512e-02   0.00000000e+00
  2.54000000e+00  -9.58813486e-02  -2.47455561e-02   0.00000000e+00
  2.54500000e+00  -9.50565154e-02  -2.77606401e-02   0.00000000e+00
  2.55000000e+00  -9.41373831e-02  -3.07483278e-02   0.00000000e+00
  2.55500000e+00  -9.31248588e-02  -3.37056705e-02   0.00000000e+00
  2.56000000e+00  -9.20199417e-02  -3.66297499e-02   0.00000000e+00
  2.56500000e+00  -9.08237223e-02  -3.95176800e-02   0.00000000e+00
  2.57000000e+00  -8.95373811e-02  -4.23666111e-02   0.00000000e+00
  2.57500000e+00  -8.81621875e-02  -4.51737313e-02   0.00000000e+00
  2.58000000e+00  -8.66994987e-02  -4.79362706e-02   0.00000000e+00
  2.58500000e+00  -8.51507582e-02  -5.06515025e-02   0.00000000e+00
  2.59000000e+00  -8.35174944e-02  -5.33167476e-02   0.00000000e+00
  2.59500000e+00  -8.18013192e-02  -5.59293754e-02   0.00000000e+00
  2.60000000e+00  -8.00039262e-02  -5.84868077e-02   0.00000000e+00
  2.60500000e+00  -7.81270892e-02  -6.09865206e-02   0.00000000e+00
  2.61000000e+00  -7.61726604e-02  -6.34260471e-02   0.00000000e+00
  2.61500000e+00  -7.41425686e-02  -6.58029799e-02   0.00000000e+00
  2.62000000e+00  -7.20388173e-02  -6.81149730e-02   0.00000000e+00
  2.62500000e+00  -6.98634827e-02  -7.03597448e-02   0.00000000e+00
  2.63000000e+00  -6.76187114e-02  -7.25350801e-02   0.00000000e+00
  2.63500000e+00  -6.53067188e-02  -7.46388320e-02   0.00000000e+00
  2.64000000e+00  -6.29297867e-02  -7.66689244e-02   0.00000000e+00
  2.64500000e+00  -6.04902607e-02  -7.86233538e-02   0.00000000e+00
  2.65000000e+00  -5.79905483e-02  -8.05001915e-02   0.00000000e+00
  2.65500000e+00  -5.54331165e-02  -8.22975852e-02   0.00000000e+00
  2.66000000e+00  -5.28204891e-02  -8.40137611e-02   0.00000000e+00
  2.66500000e+00  -5.01552445e-02  -8.56470256e-02   0.00000000e+00
  2.67000000e+00  -4.74400129e-02  -8.71957668e-02   0.00000000e+00
  2.67500000e+00  -4.46774741e-02  -8.86584564e-02   0.00000000e+00
  2.68000000e+00  -4.18703542e-02  -9.00336507e-02   0.00000000e+00
  2.68500000e+00  -3.90214235e-02  -9.13199927e-02   0.00000000e+00
  2.69000000e+00  -3.61334936e-02  -9.25162128e-02   0.00000000e+00
  2.69500000e+00  -3.32094146e-02  -9.36211307e-02   0.00000000e+00
  2.70000000e+00  -3.02520721e-02  -9.46336558e-02   0.00000000e+00
  2.70500000e+00  -2.72643847e-02  -9.55527889e-02   0.00000000e+00
  2.71000000e+00  -2.42493009e-02  -9.63776229e-02   0.00000000e+00
  2.71500000e+00  -2.12097962e-02  -9.71073439e-02   0.00000000e+00
  2.72000000e+00  -1.81488702e-02  -9.77412317e-02   0.00000000e+00
  2.72500000e+00  -1.50695437e-02  -9.82786606e-02   0.00000000e+00
  2.73000000e+00  -1.19748556e-02  -9.87191004e-02   0.00000000e+00
  2.73500000e+00  -8.86785997e-03  -9.90621163e-02   0.00000000e+00
  2.74000000e+00  -5.75162308e-03  -9.93073699e-02   0.00000000e+00
  2.74500000e+00  -2.62922027e-03  -9.94546191e-02   0.00000000e+00
  2.75000000e+00   4.96267028e-04  -9.95037187e-02   0.00000000e+00
  2.75500000e+00   3.62175434e-03  -9.94546200e-02   0.00000000e+00
  2.76000000e+00   6.74415719e-03  -9.93073717e-02   0.00000000e+00
  2.76500000e+00   9.86039415e-03  -9.90621189e-02   0.00000000e+00
  2.77000000e+00   1.29673898e-02  -9.87191039e-02   0.00000000e+00
  2.77500000e+00   1.60620781e-02  -9.82786650e-02   0.00000000e+00
  2.78000000e+00   1.91414047e-02  -9.77412369e-02   0.00000000e+00
  2.78500000e+00   2.22023309e-02  -9.71073500e-02   0.00000000e+00
  2.79000000e+00   2.52418358e-02  -9.63776299e-02   0.00000000e+00
  2.79500000e+00   2.82569199e-02  -9.55527967e-02   0.00000000e+00
  2.80000000e+00   3.12446075e-02  -9.46336644e-02   0.00000000e+00
  2.80500000e+00   3.42019503e-02  -9.36211401e-02   0.00000000e+00
  2.81000000e+00   3.71260296e-02  -9.25162231e-02   0.00000000e+00
  2.81500000e+00   4.00139598e-02  -9.13200037e-02   0.00000000e+00
  2.82000000e+00   4.28628909e-02  -9.00336625e-02   0.00000000e+00
  2.82500000e+00   4.56700112e-02  -8.86584690e-02   0.00000000e+00
  2.83000000e+00   4.84325504e-02  -8.71957803e-02   0.00000000e+00
  2.83500000e+00   5.11477824e-02  -8.56470398e-02   0.00000000e+00
  2.84000000e+00   5.38130275e-02  -8.40137761e-02   0.00000000e+00
  2.84500000e+00   5.64256553e-02  -8.22976009e-02   0.00000000e+00
  2.85000000e+00   5.89830876e-02  -8.05002079e-02   0.00000000e+00
  2.85500000e+00   6.14828006e-02  -7.86233709e-02   0.00000000e+00
  2.86000000e+00   6.39223271e-02  -7.66689422e-02   0.00000000e+00
  2.86500000e+00   6.62992599e-02  -7.46388504e-02   0.00000000e+00
  2.87000000e+00   6.86112530e-02  -7.25350992e-02   0.00000000e+00
  2.87500000e+00   7.08560249e-02  -7.03597645e-02   0.00000000e+00
  2.88000000e+00   7.30313602e-02  -6.81149933e-02   0.00000000e+00
  2.88500000e+00   7.51351121e-02  -6.58030008e-02   0.00000000e+00
  2.89000000e+00   7.71652045e-02  -6.34260686e-02   0.00000000e+00
  2.89500000e+00   7.91196340e-02  -6.09865426e-02   0.00000000e+00
  2.90000000e+00   8.09964717e-02  -5.84868303e-02   0.00000000e+00
  2.90500000e+00   8.27938654e-02  -5.59293985e-02   0.00000000e+00
  2.91000000e+00   8.45100414e-02  -5.33167711e-02   0.00000000e+00
  2.91500000e+00   8.61433059e-02  -5.06515265e-02   0.00000000e+00
  2.92000000e+00   8.76920472e-02  -4.79362950e-02   0.00000000e+00
  2.92500000e+00   8.91547367e-02  -4.51737562e-02   0.00000000e+00
  2.93000000e+00   9.05299311e-02  -4.23666363e-02   0.00000000e+00
  2.93500000e+00   9.18162731e-02  -3.95177056e-02   0.00000000e+00
  2.94000000e+00   9.30124933e-02  -3.66297758e-02   0.00000000e+00
  2.94500000e+00   9.41174112e-02  -3.37056968e-02   0.00000000e+00
  2.95000000e+00   9.51299364e-02  -3.07483543e-02   0.00000000e+00
  2.95500000e+00   9.60490695e-02  -2.77606669e-02   0.00000000e+00
  2.96000000e+00   9.68739036e-02  -2.47455831e-02   0.00000000e+00
  2.96500000e+00   9.76036246e-02  -2.17060784e-02   0.00000000e+00
  2.97000000e+00   9.82375124e-02  -1.86451524e-02   0.00000000e+00
  2.97500000e+00   9.87749414e-02  -1.55658259e-02   0.00000000e+00
  2.98000000e+00   9.92153812e-02  -1.24711378e-02   0.00000000e+00
  2.98500000e+00   9.95583972e-02  -9.36414221e-03   0.00000000e+00
  2.99000000e+00   9.98036508e-02  -6.24790533e-03   0.00000000e+00
  2.99500000e+00   9.99509000e-02  -3.12550252e-03   0.00000000e+00
  3.00000000e+00   9.99999996e-02  -1.52196819e-08   0.00000000e+00
  3.00500000e+00   9.99509010e-02   3.12547210e-03   0.00000000e+00
  3.01000000e+00   9.98036527e-02   6.24787495e-03   0.00000000e+00
  3.01500000e+00   9.95584000e-02   9.36411190e-03   0.00000000e+00
  3.02000000e+00   9.92153850e-02   1.24711076e-02   0.00000000e+00
  3.02500000e+00   9.87749461e-02   1.55657958e-02   0.00000000e+00
  3.03000000e+00   9.82375181e-02   1.86451225e-02   0.00000000e+00
  3.03500000e+00   9.76036312e-02   2.17060487e-02   0.00000000e+00
  3.04000000e+00   9.68739111e-02   2.47455536e-02   0.00000000e+00
  3.04500000e+00   9.60490780e-02   2.77606377e-02   0.00000000e+00
  3.05000000e+00   9.51299457e-02   3.07483253e-02   0.00000000e+00
  3.05500000e+00   9.41174215e-02   3.37056681e-02   0.00000000e+00
  3.06000000e+00   9.30125045e-02   3.66297475e-02   0.00000000e+00
  3.06500000e+00   9.18162852e-02   3.95176777e-02   0.00000000e+00
  3.07000000e+00   9.05299440e-02   4.23666087e-02   0.00000000e+00
  3.07500000e+00   8.91547505e-02   4.51737290e-02   0.00000000e+00
  3.08000000e+00   8.76920618e-02   4.79362683e-02   0.00000000e+00
  3.08500000e+00   8.61433214e-02   5.06515003e-02   0.00000000e+00
  3.09000000e+00   8.45100577e-02   5.33167454e-02   0.00000000e+00
  3.09500000e+00   8.27938825e-02   5.59293733e-02   0.00000000e+00
  3.10000000e+00   8.09964896e-02   5.84868056e-02   0.00000000e+00
  3.10500000e+00   7.91196526e-02   6.09865186e-02   0.00000000e+00
  3.11000000e+00   7.71652239e-02   6.34260452e-02   0.00000000e+00
  3.11500000e+00   7.51351322e-02   6.58029779e-02   0.00000000e+00
  3.12000000e+00   7.30313810e-02   6.81149711e-02   0.00000000e+00
  3.12500000e+00   7.08560464e-02   7.03597430e-02   0.00000000e+00
  3.13000000e+00   6.86112752e-02   7.25350783e-02   0.00000000e+00
  3.13500000e+00   6.62992827e-02   7.46388303e-02   0.00000000e+00
  3.14000000e+00   6.39223506e-02   7.66689227e-02   0.00000000e+00
  3.14500000e+00   6.14828246e-02   7.86233522e-02   0.00000000e+00
  3.15000000e+00   5.89831123e-02   8.05001900e-02   0.00000000e+00
  3.15500000e+00   5.64256805e-02   8.22975837e-02   0.00000000e+00
  3.16000000e+00   5.38130531e-02   8.40137597e-02   0.00000000e+00
  3.16500000e+00   5.11478086e-02   8.56470243e-02   0.00000000e+00
  3.17000000e+00   4.84325771e-02   8.71957656e-02   0.00000000e+00
  3.17500000e+00   4.56700383e-02   8.86584551e-02   0.00000000e+00
  3.18000000e+00   4.28629184e-02   9.00336495e-02   0.00000000e+00
  3.18500000e+00   4.00139878e-02   9.13199916e-02   0.00000000e+00
  3.19000000e+00   3.71260579e-02   9.25162119e-02   0.00000000e+00
  3.19500000e+00   3.42019789e-02   9.36211298e-02   0.00000000e+00
  3.20000000e+00   3.12446365e-02   9.46336549e-02   0.00000000e+00
  3.20500000e+00   2.82569491e-02   9.55527881e-02   0.00000000e+00
  3.21000000e+00   2.52418653e-02   9.63776223e-02   0.00000000e+00
  3.21500000e+00   2.22023606e-02   9.71073433e-02   0.00000000e+00
  3.22000000e+00   1.91414346e-02   9.77412311e-02   0.00000000e+00
  3.22500000e+00   1.60621081e-02   9.82786601e-02   0.00000000e+00
  3.23000000e+00   1.29674200e-02   9.87191000e-02   0.00000000e+00
  3.23500000e+00   9.86042444e-03   9.90621160e-02   0.00000000e+00
  3.24000000e+00   6.74418757e-03   9.93073697e-02   0.00000000e+00
  3.24500000e+00   3.62178477e-03   9.94546190e-02   0.00000000e+00
  3.25000000e+00   4.96297467e-04   9.95037186e-02   0.00000000e+00
  3.25500000e+00  -2.62918985e-03   9.94546200e-02   0.00000000e+00
  3.26000000e+00  -5.75159270e-03   9.93073718e-02   0.00000000e+00
  3.26500000e+00  -8.86782966e-03   9.90621191e-02   0.00000000e+00
  3.27000000e+00  -1.19748254e-02   9.87191041e-02   0.00000000e+00
  3.27500000e+00  -1.50695136e-02   9.82786653e-02   0.00000000e+00
  3.28000000e+00  -1.81488403e-02   9.77412373e-02   0.00000000e+00
  3.28500000e+00  -2.12097665e-02   9.71073505e-02   0.00000000e+00
  3.29000000e+00  -2.42492714e-02   9.63776304e-02   0.00000000e+00
  3.29500000e+00  -2.72643555e-02   9.55527973e-02   0.00000000e+00
  3.30000000e+00  -3.02520431e-02   9.46336651e-02   0.00000000e+00
  3.30500000e+00  -3.32093859e-02   9.36211409e-02   0.00000000e+00
  3.31000000e+00  -3.61334653e-02   9.25162240e-02   0.00000000e+00
  3.31500000e+00  -3.90213955e-02   9.13200047e-02   0.00000000e+00
  3.32000000e+00  -4.18703266e-02   9.00336636e-02   0.00000000e+00
  3.32500000e+00  -4.46774469e-02   8.86584701e-02   0.00000000e+00
  3.33000000e+00  -4.74399862e-02   8.71957814e-02   0.00000000e+00
  3.33500000e+00  -5.01552182e-02   8.56470410e-02   0.00000000e+00
  3.34000000e+00  -5.28204633e-02   8.40137774e-02   0.00000000e+00
  3.34500000e+00  -5.54330912e-02   8.22976022e-02   0.00000000e+00
  3.35000000e+00  -5.79905236e-02   8.05002093e-02   0.00000000e+00
  3.35500000e+00  -6.04902366e-02   7.86233724e-02   0.00000000e+00
  3.36000000e+00  -6.29297632e-02   7.66689437e-02   0.00000000e+00
  3.36500000e+00  -6.53066960e-02   7.46388521e-02   0.00000000e+00
  3.37000000e+00  -6.76186891e-02   7.25351009e-02   0.00000000e+00
  3.37500000e+00  -6.98634611e-02   7.03597663e-02   0.00000000e+00
  3.38000000e+00  -7.20387964e-02   6.81149951e-02   0.00000000e+00
  3.38500000e+00  -7.41425484e-02   6.58030026e-02   0.00000000e+00
  3.39000000e+00  -7.61726409e-02   6.34260705e-02   0.00000000e+00
  3.39500000e+00  -7.81270704e-02   6.09865446e-02   0.00000000e+00
  3.40000000e+00  -8.00039082e-02   5.84868323e-02   0.00000000e+00
  3.40500000e+00  -8.18013020e-02   5.59294005e-02   0.00000000e+00
  3.41000000e+00  -8.35174780e-02   5.33167732e-02   0.00000000e+00
  3.41500000e+00  -8.51507426e-02   5.06515287e-02   0.00000000e+00
  3.42000000e+00  -8.66994839e-02   4.79362972e-02   0.00000000e+00
  3.42500000e+00  -8.81621736e-02   4.51737584e-02   0.00000000e+00
  3.43000000e+00  -8.95373680e-02   4.23666385e-02   0.00000000e+00
  3.43500000e+00  -9.08237101e-02   3.95177079e-02   0.00000000e+00
  3.44000000e+00  -9.20199304e-02   3.66297781e-02   0.00000000e+00
  3.44500000e+00  -9.31248483e-02   3.37056991e-02   0.00000000e+00
  3.45000000e+00  -9.41373735e-02   3.07483567e-02   0.00000000e+00
  3.45500000e+00  -9.50565068e-02   2.77606693e-02   0.00000000e+00
  3.46000000e+00  -9.58813409e-02   2.47455855e-02   0.00000000e+00
  3.46500000e+00  -9.66110620e-02   2.17060809e-02   0.00000000e+00
  3.47000000e+00  -9.72449499e-02   1.86451549e-02   0.00000000e+00
  3.47500000e+00  -9.77823789e-02   1.55658284e-02   0.00000000e+00
  3.48000000e+00  -9.82228188e-02   1.24711403e-02   0.00000000e+00
  3.48500000e+00  -9.85658349e-02   9.36414472e-03   0.00000000e+00
  3.49000000e+00  -9.88110886e-02   6.24790785e-03   0.00000000e+00
  3.49500000e+00  -9.89583379e-02   3.12550505e-03   0.00000000e+00
  3.50000000e+00  -9.90074376e-02   1.77562956e-08   0.00000000e+00
  3.50500000e+00  -9.89583391e-02  -3.12546956e-03   0.00000000e+00
  3.51000000e+00  -9.88110908e-02  -6.24787241e-03   0.00000000e+00
  3.51500000e+00  -9.85658382e-02  -9.36410937e-03   0.00000000e+00
  3.52000000e+00  -9.82228233e-02  -1.24711051e-02   0.00000000e+00
  3.52500000e+00  -9.77823845e-02  -1.55657933e-02   0.00000000e+00
  3.53000000e+00  -9.72449565e-02  -1.86451200e-02   0.00000000e+00
  3.53500000e+00  -9.66110697e-02  -2.17060462e-02   0.00000000e+00
  3.54000000e+00  -9.58813497e-02  -2.47455511e-02   0.00000000e+00
  3.54500000e+00  -9.50565167e-02  -2.77606352e-02   0.00000000e+00
  3.55000000e+00  -9.41373845e-02  -3.07483229e-02   0.00000000e+00
  3.55500000e+00  -9.31248604e-02  -3.37056657e-02   0.00000000e+00
  3.56000000e+00  -9.20199434e-02  -3.66297451e-02   0.00000000e+00
  3.56500000e+00  -9.08237242e-02  -3.95176753e-02   0.00000000e+00
  3.57000000e+00  -8.95373831e-02  -4.23666064e-02   0.00000000e+00
  3.57500000e+00  -8.81621897e-02  -4.51737267e-02   0.00000000e+00
  3.58000000e+00  -8.66995010e-02  -4.79362661e-02   0.00000000e+00
  3.58500000e+00  -8.51507607e-02  -5.06514981e-02   0.00000000e+00
  3.59000000e+00  -8.35174970e-02  -5.33167432e-02   0.00000000e+00
  3.59500000e+00  -8.18013219e-02  -5.59293711e-02   0.00000000e+00
  3.60000000e+00  -8.00039291e-02  -5.84868035e-02   0.00000000e+00
  3.60500000e+00  -7.81270922e-02  -6.09865165e-02   0.00000000e+00
  3.61000000e+00  -7.61726635e-02  -6.34260432e-02   0.00000000e+00
  3.61500000e+00  -7.41425719e-02  -6.58029760e-02   0.00000000e+00
  3.62000000e+00  -7.20388207e-02  -6.81149692e-02   0.00000000e+00
  3.62500000e+00  -6.98634862e-02  -7.03597411e-02   0.00000000e+00
  3.63000000e+00  -6.76187150e-02  -7.25350765e-02   0.00000000e+00
  3.63500000e+00  -6.53067226e-02  -7.46388285e-02   0.00000000e+00
  3.64000000e+00  -6.29297905e-02  -7.66689211e-02   0.00000000e+00
  3.64500000e+00  -6.04902646e-02  -7.86233506e-02   0.00000000e+00
  3.65000000e+00  -5.79905523e-02  -8.05001884e-02   0.00000000e+00
  3.65500000e+00  -5.54331206e-02  -8.22975822e-02   0.00000000e+00
  3.66000000e+00  -5.28204933e-02  -8.40137583e-02   0.00000000e+00
  3.66500000e+00  -5.01552488e-02  -8.56470229e-02   0.00000000e+00
  3.67000000e+00  -4.74400173e-02  -8.71957643e-02   0.00000000e+00
  3.67500000e+00  -4.46774785e-02  -8.86584539e-02   0.00000000e+00
  3.68000000e+00  -4.18703587e-02  -9.00336484e-02   0.00000000e+00
  3.68500000e+00  -3.90214281e-02  -9.13199905e-02   0.00000000e+00
  3.69000000e+00  -3.61334983e-02  -9.25162109e-02   0.00000000e+00
  3.69500000e+00  -3.32094193e-02  -9.36211289e-02   0.00000000e+00
  3.70000000e+00  -3.02520769e-02  -9.46336541e-02   0.00000000e+00
  3.70500000e+00  -2.72643896e-02  -9.55527874e-02   0.00000000e+00
  3.71000000e+00  -2.42493058e-02  -9.63776216e-02   0.00000000e+00
  3.71500000e+00  -2.12098011e-02  -9.71073427e-02   0.00000000e+00
  3.72000000e+00  -1.81488751e-02  -9.77412306e-02   0.00000000e+00
  3.72500000e+00  -1.50695487e-02  -9.82786597e-02   0.00000000e+00
  3.73000000e+00  -1.19748606e-02  -9.87190996e-02   0.00000000e+00
  3.73500000e+00  -8.86786500e-03  -9.90621157e-02   0.00000000e+00
  3.74000000e+00  -5.75162814e-03  -9.93073695e-02   0.00000000e+00
  3.74500000e+00  -2.62922534e-03  -9.94546188e-02   0.00000000e+00
  3.75000000e+00   4.96261954e-04  -9.95037185e-02   0.00000000e+00
  3.75500000e+00   3.62174927e-03  -9.94546200e-02   0.00000000e+00
  3.76000000e+00   6.74415212e-03  -9.93073719e-02   0.00000000e+00
  3.76500000e+00   9.86038908e-03  -9.90621193e-02   0.00000000e+00
  3.77000000e+00   1.29673848e-02  -9.87191044e-02   0.00000000e+00
  3.77500000e+00   1.60620730e-02  -9.82786656e-02   0.00000000e+00
  3.78000000e+00   1.91413997e-02  -9.77412377e-02   0.00000000e+00
  3.78500000e+00   2.22023259e-02  -9.71073510e-02   0.00000000e+00
  3.79000000e+00   2.52418309e-02  -9.63776310e-02   0.00000000e+00
  3.79500000e+00   2.82569150e-02  -9.55527980e-02   0.00000000e+00
  3.80000000e+00   3.12446027e-02  -9.46336658e-02   0.00000000e+00
  3.80500000e+00   3.42019455e-02  -9.36211417e-02   0.00000000e+00
  3.81000000e+00   3.71260249e-02  -9.25162248e-02   0.00000000e+00
  3.81500000e+00   4.00139551e-02  -9.13200056e-02   0.00000000e+00
  3.82000000e+00   4.28628862e-02  -9.00336646e-02   0.00000000e+00
  3.82500000e+00   4.56700066e-02  -8.86584712e-02   0.00000000e+00
  3.83000000e+00   4.84325459e-02  -8.71957826e-02   0.00000000e+00
  3.83500000e+00   5.11477780e-02  -8.56470423e-02   0.00000000e+00
  3.84000000e+00   5.38130231e-02  -8.40137787e-02   0.00000000e+00
  3.84500000e+00   5.64256511e-02  -8.22976036e-02   0.00000000e+00
  3.85000000e+00   5.89830835e-02  -8.05002108e-02   0.00000000e+00
  3.85500000e+00   6.14827965e-02  -7.86233739e-02   0.00000000e+00
  3.86000000e+00   6.39223231e-02  -7.66689453e-02   0.00000000e+00
  3.86500000e+00   6.62992560e-02  -7.46388537e-02   0.00000000e+00
  3.87000000e+00   6.86112492e-02  -7.25351025e-02   0.00000000e+00
  3.87500000e+00   7.08560212e-02  -7.03597680e-02   0.00000000e+00
  3.88000000e+00   7.30313566e-02  -6.81149969e-02   0.00000000e+00
  3.88500000e+00   7.51351087e-02  -6.58030045e-02   0.00000000e+00
  3.89000000e+00   7.71652012e-02  -6.34260724e-02   0.00000000e+00
  3.89500000e+00   7.91196308e-02  -6.09865465e-02   0.00000000e+00
  3.90000000e+00   8.09964686e-02  -5.84868343e-02   0.00000000e+00
  3.90500000e+00   8.27938625e-02  -5.59294026e-02   0.00000000e+00
  3.91000000e+00   8.45100386e-02  -5.33167753e-02   0.00000000e+00
  3.91500000e+00   8.61433032e-02  -5.06515308e-02   0.00000000e+00
  3.92000000e+00   8.76920446e-02  -4.79362994e-02   0.00000000e+00
  3.92500000e+00   8.91547343e-02  -4.51737606e-02   0.00000000e+00
  3.93000000e+00   9.05299288e-02  -4.23666408e-02   0.00000000e+00
  3.93500000e+00   9.18162710e-02  -3.95177102e-02   0.00000000e+00
  3.94000000e+00   9.30124913e-02  -3.66297804e-02   0.00000000e+00
  3.94500000e+00   9.41174094e-02  -3.37057015e-02   0.00000000e+00
  3.95000000e+00   9.51299347e-02  -3.07483591e-02   0.00000000e+00
  3.95500000e+00   9.60490680e-02  -2.77606717e-02   0.00000000e+00
  3.96000000e+00   9.68739022e-02  -2.47455880e-02   0.00000000e+00
  3.96500000e+00   9.76036233e-02  -2.17060833e-02   0.00000000e+00
  3.97000000e+00   9.82375113e-02  -1.86451574e-02   0.00000000e+00
  3.97500000e+00   9.87749404e-02  -1.55658309e-02   0.00000000e+00
  3.98000000e+00   9.92153804e-02  -1.24711428e-02   0.00000000e+00
  3.98500000e+00   9.95583965e-02  -9.36414724e-03   0.00000000e+00
  3.99000000e+00   9.98036503e-02  -6.24791038e-03   0.00000000e+00
  3.99500000e+00   9.99508998e-02  -3.12550759e-03   0.00000000e+00
  4.00000000e+00   9.99999995e-02  -2.02929092e-08   0.00000000e+00
  4.00500000e+00   9.99509010e-02   3.12546702e-03   0.00000000e+00
  4.01000000e+00   9.98036529e-02   6.24786988e-03   0.00000000e+00
  4.01500000e+00   9.95584004e-02   9.36410684e-03   0.00000000e+00
  4.02000000e+00   9.92153855e-02   1.24711026e-02   0.00000000e+00
  4.02500000e+00   9.87749468e-02   1.55657908e-02   0.00000000e+00
  4.03000000e+00   9.82375189e-02   1.86451175e-02   0.00000000e+00
  4.03500000e+00   9.76036322e-02   2.17060437e-02   0.00000000e+00
  4.04000000e+00   9.68739123e-02   2.47455487e-02   0.00000000e+00
  4.04500000e+00   9.60490793e-02   2.77606328e-02   0.00000000e+00
  4.05000000e+00   9.51299472e-02   3.07483205e-02   0.00000000e+00
  4.05500000e+00   9.41174231e-02   3.37056633e-02   0.00000000e+00
  4.06000000e+00   9.30125063e-02   3.66297427e-02   0.00000000e+00
  4.06500000e+00   9.18162871e-02   3.95176730e-02   0.00000000e+00
  4.07000000e+00   9.05299461e-02   4.23666041e-02   0.00000000e+00
  4.07500000e+00   8.91547527e-02   4.51737245e-02   0.00000000e+00
  4.08000000e+00   8.76920641e-02   4.79362638e-02   0.00000000e+00
  4.08500000e+00   8.61433239e-02   5.06514959e-02   0.00000000e+00
  4.09000000e+00   8.45100603e-02   5.33167410e-02   0.00000000e+00
  4.09500000e+00   8.27938853e-02   5.59293690e-02   0.00000000e+00
  4.10000000e+00   8.09964925e-02   5.84868014e-02   0.00000000e+00
  4.10500000e+00   7.91196556e-02   6.09865145e-02   0.00000000e+00
  4.11000000e+00   7.71652271e-02   6.34260412e-02   0.00000000e+00
  4.11500000e+00   7.51351355e-02   6.58029740e-02   0.00000000e+00
  4.12000000e+00   7.30313844e-02   6.81149673e-02   0.00000000e+00
  4.12500000e+00   7.08560499e-02   7.03597393e-02   0.00000000e+00
  4.13000000e+00   6.86112788e-02   7.25350747e-02   0.00000000e+00
  4.13500000e+00   6.62992864e-02   7.46388268e-02   0.00000000e+00
  4.14000000e+00   6.39223544e-02   7.66689194e-02   0.00000000e+00
  4.14500000e+00   6.14828285e-02   7.86233490e-02   0.00000000e+00
  4.15000000e+00   5.89831163e-02   8.05001869e-02   0.00000000e+00
  4.15500000e+00   5.64256846e-02   8.22975808e-02   0.00000000e+00
  4.16000000e+00   5.38130574e-02   8.40137569e-02   0.00000000e+00
  4.16500000e+00   5.11478129e-02   8.56470216e-02   0.00000000e+00
  4.17000000e+00   4.84325815e-02   8.71957630e-02   0.00000000e+00
  4.17500000e+00   4.56700427e-02   8.86584527e-02   0.00000000e+00
  4.18000000e+00   4.28629229e-02   9.00336473e-02   0.00000000e+00
  4.18500000e+00   4.00139924e-02   9.13199895e-02   0.00000000e+00
  4.19000000e+00   3.71260626e-02   9.25162099e-02   0.00000000e+00
  4.19500000e+00   3.42019837e-02   9.36211279e-02   0.00000000e+00
  4.20000000e+00   3.12446413e-02   9.46336533e-02   0.00000000e+00
  4.20500000e+00   2.82569539e-02   9.55527866e-02   0.00000000e+00
  4.21000000e+00   2.52418702e-02   9.63776209e-02   0.00000000e+00
  4.21500000e+00   2.22023655e-02   9.71073421e-02   0.00000000e+00
  4.22000000e+00   1.91414396e-02   9.77412300e-02   0.00000000e+00
  4.22500000e+00   1.60621131e-02   9.82786592e-02   0.00000000e+00
  4.23000000e+00   1.29674251e-02   9.87190992e-02   0.00000000e+00
  4.23500000e+00   9.86042948e-03   9.90621154e-02   0.00000000e+00
  4.24000000e+00   6.74419262e-03   9.93073692e-02   0.00000000e+00
  4.24500000e+00   3.62178983e-03   9.94546187e-02   0.00000000e+00
  4.25000000e+00   4.96302540e-04   9.95037185e-02   0.00000000e+00
  4.25500000e+00  -2.62918477e-03   9.94546201e-02   0.00000000e+00
  4.26000000e+00  -5.75158763e-03   9.93073720e-02   0.00000000e+00
  4.26500000e+00  -8.86782459e-03   9.90621195e-02   0.00000000e+00
  4.27000000e+00  -1.19748203e-02   9.87191046e-02   0.00000000e+00
  4.27500000e+00  -1.50695086e-02   9.82786660e-02   0.00000000e+00
  4.28000000e+00  -1.81488353e-02   9.77412381e-02   0.00000000e+00
  4.28500000e+00  -2.12097615e-02   9.71073515e-02   0.00000000e+00
  4.29000000e+00  -2.42492665e-02   9.63776316e-02   0.00000000e+00
  4.29500000e+00  -2.72643506e-02   9.55527986e-02   0.00000000e+00
  4.30000000e+00  -3.02520383e-02   9.46336666e-02   0.00000000e+00
  4.30500000e+00  -3.32093811e-02   9.36211425e-02   0.00000000e+00
  4.31000000e+00  -3.61334605e-02   9.25162257e-02   0.00000000e+00
  4.31500000e+00  -3.90213908e-02   9.13200066e-02   0.00000000e+00
  4.32000000e+00  -4.18703219e-02   9.00336656e-02   0.00000000e+00
  4.32500000e+00  -4.46774423e-02   8.86584723e-02   0.00000000e+00
  4.33000000e+00  -4.74399817e-02   8.71957837e-02   0.00000000e+00
  4.33500000e+00  -5.01552138e-02   8.56470435e-02   0.00000000e+00
  4.34000000e+00  -5.28204590e-02   8.40137800e-02   0.00000000e+00
  4.34500000e+00  -5.54330870e-02   8.22976050e-02   0.00000000e+00
  4.35000000e+00  -5.79905194e-02   8.05002122e-02   0.00000000e+00
  4.35500000e+00  -6.04902325e-02   7.86233754e-02   0.00000000e+00
  4.36000000e+00  -6.29297592e-02   7.66689469e-02   0.00000000e+00
  4.36500000e+00  -6.53066921e-02   7.46388553e-02   0.00000000e+00
  4.37000000e+00  -6.76186853e-02   7.25351042e-02   0.00000000e+00
  4.37500000e+00  -6.98634574e-02   7.03597698e-02   0.00000000e+00
  4.38000000e+00  -7.20387929e-02   6.81149987e-02   0.00000000e+00
  4.38500000e+00  -7.41425450e-02   6.58030063e-02   0.00000000e+00
  4.39000000e+00  -7.61726376e-02   6.34260744e-02   0.00000000e+00
  4.39500000e+00  -7.81270672e-02   6.09865485e-02   0.00000000e+00
  4.40000000e+00  -8.00039051e-02   5.84868363e-02   0.00000000e+00
  4.40500000e+00  -8.18012990e-02   5.59294047e-02   0.00000000e+00
  4.41000000e+00  -8.35174752e-02   5.33167774e-02   0.00000000e+00
  4.41500000e+00  -8.51507399e-02   5.06515330e-02   0.00000000e+00
  4.42000000e+00  -8.66994814e-02   4.79363016e-02   0.00000000e+00
  4.42500000e+00  -8.81621711e-02   4.51737629e-02   0.00000000e+00
  4.43000000e+00  -8.95373657e-02   4.23666431e-02   0.00000000e+00
  4.43500000e+00  -9.08237079e-02   3.95177125e-02   0.00000000e+00
  4.44000000e+00  -9.20199284e-02   3.66297828e-02   0.00000000e+00
  4.44500000e+00  -9.31248465e-02   3.37057039e-02   0.00000000e+00
  4.45000000e+00  -9.41373719e-02   3.07483615e-02   0.00000000e+00
  4.45500000e+00  -9.50565052e-02   2.77606742e-02   0.00000000e+00
  4.46000000e+00  -9.58813395e-02   2.47455904e-02   0.00000000e+00
  4.46500000e+00  -9.66110608e-02   2.17060858e-02   0.00000000e+00
  4.47000000e+00  -9.72449488e-02   1.86451598e-02   0.00000000e+00
  4.47500000e+00  -9.77823780e-02   1.55658334e-02   0.00000000e+00
  4.48000000e+00  -9.82228181e-02   1.24711453e-02   0.00000000e+00
  4.48500000e+00  -9.85658343e-02   9.36414976e-03   0.00000000e+00
  4.49000000e+00  -9.88110882e-02   6.24791291e-03   0.00000000e+00
  4.49500000e+00  -9.89583377e-02   3.12551012e-03   0.00000000e+00
  4.50000000e+00  -9.90074374e-02   2.28295228e-08   0.00000000e+00
  4.50500000e+00  -9.89583391e-02  -3.12546448e-03   0.00000000e+00
  4.51000000e+00  -9.88110910e-02  -6.24786734e-03   0.00000000e+00
  4.51500000e+00  -9.85658386e-02  -9.36410431e-03   0.00000000e+00
  4.52000000e+00  -9.82228238e-02  -1.24711000e-02   0.00000000e+00
  4.52500000e+00  -9.77823851e-02  -1.55657883e-02   0.00000000e+00
  4.53000000e+00  -9.72449573e-02  -1.86451150e-02   0.00000000e+00
  4.53500000e+00  -9.66110707e-02  -2.17060412e-02   0.00000000e+00
  4.54000000e+00  -9.58813509e-02  -2.47455462e-02   0.00000000e+00
  4.54500000e+00  -9.50565180e-02  -2.77606303e-02   0.00000000e+00
  4.55000000e+00  -9.41373859e-02  -3.07483180e-02   0.00000000e+00
  4.55500000e+00  -9.31248619e-02  -3.37056609e-02   0.00000000e+00
  4.56000000e+00  -9.20199452e-02  -3.66297403e-02   0.00000000e+00
  4.56500000e+00  -9.08237261e-02  -3.95176706e-02   0.00000000e+00
  4.57000000e+00  -8.95373851e-02  -4.23666018e-02   0.00000000e+00
  4.57500000e+00  -8.81621918e-02  -4.51737222e-02   0.00000000e+00
  4.58000000e+00  -8.66995033e-02  -4.79362616e-02   0.00000000e+00
  4.58500000e+00  -8.51507631e-02  -5.06514937e-02   0.00000000e+00
  4.59000000e+00  -8.35174996e-02  -5.33167389e-02   0.00000000e+00
  4.59500000e+00  -8.18013247e-02  -5.59293669e-02   0.00000000e+00
  4.60000000e+00  -8.00039319e-02  -5.84867993e-02   0.00000000e+00
  4.60500000e+00  -7.81270952e-02  -6.09865124e-02   0.00000000e+00
  4.61000000e+00  -7.61726667e-02  -6.34260392e-02   0.00000000e+00
  4.61500000e+00  -7.41425752e-02  -6.58029721e-02   0.00000000e+00
  4.62000000e+00  -7.20388241e-02  -6.81149654e-02   0.00000000e+00
  4.62500000e+00  -6.98634897e-02  -7.03597374e-02   0.00000000e+00
  4.63000000e+00  -6.76187186e-02  -7.25350730e-02   0.00000000e+00
  4.63500000e+00  -6.53067263e-02  -7.46388251e-02   0.00000000e+00
  4.64000000e+00  -6.29297943e-02  -7.66689177e-02   0.00000000e+00
  4.64500000e+00  -6.04902685e-02  -7.86233474e-02   0.00000000e+00
  4.65000000e+00  -5.79905563e-02  -8.05001853e-02   0.00000000e+00
  4.65500000e+00  -5.54331247e-02  -8.22975793e-02   0.00000000e+00
  4.66000000e+00  -5.28204975e-02  -8.40137555e-02   0.00000000e+00
  4.66500000e+00  -5.01552531e-02  -8.56470202e-02   0.00000000e+00
  4.67000000e+00  -4.74400217e-02  -8.71957617e-02   0.00000000e+00
  4.67500000e+00  -4.46774830e-02  -8.86584515e-02   0.00000000e+00
  4.68000000e+00  -4.18703632e-02  -9.00336461e-02   0.00000000e+00
  4.68500000e+00  -3.90214327e-02  -9.13199884e-02   0.00000000e+00
  4.69000000e+00  -3.61335030e-02  -9.25162089e-02   0.00000000e+00
  4.69500000e+00  -3.32094241e-02  -9.36211270e-02   0.00000000e+00
  4.70000000e+00  -3.02520817e-02  -9.46336524e-02   0.00000000e+00
  4.70500000e+00  -2.72643944e-02  -9.55527858e-02   0.00000000e+00
  4.71000000e+00  -2.42493107e-02  -9.63776202e-02   0.00000000e+00
  4.71500000e+00  -2.12098060e-02  -9.71073414e-02   0.00000000e+00
  4.72000000e+00  -1.81488801e-02  -9.77412295e-02   0.00000000e+00
  4.72500000e+00  -1.50695537e-02  -9.82786588e-02   0.00000000e+00
  4.73000000e+00  -1.19748656e-02  -9.87190988e-02   0.00000000e+00
  4.73500000e+00  -8.86787004e-03  -9.90621151e-02   0.00000000e+00
  4.74000000e+00  -5.75163319e-03  -9.93073690e-02   0.00000000e+00
  4.74500000e+00  -2.62923041e-03  -9.94546186e-02   0.00000000e+00
  4.75000000e+00   4.96256881e-04  -9.95037184e-02   0.00000000e+00
  4.75500000e+00   3.62174419e-03  -9.94546201e-02   0.00000000e+00
  4.76000000e+00   6.74414705e-03  -9.93073720e-02   0.00000000e+00
  4.76500000e+00   9.86038402e-03  -9.90621196e-02   0.00000000e+00
  4.77000000e+00   1.29673797e-02  -9.87191049e-02   0.00000000e+00
  4.77500000e+00   1.60620680e-02  -9.82786663e-02   0.00000000e+00
  4.78000000e+00   1.91413947e-02  -9.77412385e-02   0.00000000e+00
  4.78500000e+00   2.22023209e-02  -9.71073519e-02   0.00000000e+00
  4.79000000e+00   2.52418259e-02  -9.63776321e-02   0.00000000e+00
  4.79500000e+00   2.82569101e-02  -9.55527993e-02   0.00000000e+00
  4.80000000e+00   3.12445978e-02  -9.46336673e-02   0.00000000e+00
  4.80500000e+00   3.42019407e-02  -9.36211433e-02   0.00000000e+00
  4.81000000e+00   3.71260201e-02  -9.25162266e-02   0.00000000e+00
  4.81500000e+00   4.00139504e-02  -9.13200075e-02   0.00000000e+00
  4.82000000e+00   4.28628816e-02  -9.00336666e-02   0.00000000e+00
  4.82500000e+00   4.56700020e-02  -8.86584734e-02   0.00000000e+00
  4.83000000e+00   4.84325414e-02  -8.71957849e-02   0.00000000e+00
  4.83500000e+00   5.11477735e-02  -8.56470447e-02   0.00000000e+00
  4.84000000e+00   5.38130188e-02  -8.40137813e-02   0.00000000e+00
  4.84500000e+00   5.64256468e-02  -8.22976064e-02   0.00000000e+00
  4.85000000e+00   5.89830793e-02  -8.05002136e-02   0.00000000e+00
  4.85500000e+00   6.14827924e-02  -7.86233769e-02   0.00000000e+00
  4.86000000e+00   6.39223191e-02  -7.66689484e-02   0.00000000e+00
  4.86500000e+00   6.62992521e-02  -7.46388569e-02   0.00000000e+00
  4.87000000e+00   6.86112454e-02  -7.25351059e-02   0.00000000e+00
  4.87500000e+00   7.08560175e-02  -7.03597715e-02   0.00000000e+00
  4.88000000e+00   7.30313530e-02  -6.81150005e-02   0.00000000e+00
  4.88500000e+00   7.51351052e-02  -6.58030082e-02   0.00000000e+00
  4.89000000e+00   7.71651979e-02  -6.34260763e-02   0.00000000e+00
  4.89500000e+00   7.91196276e-02  -6.09865505e-02   0.00000000e+00
  4.90000000e+00   8.09964655e-02  -5.84868383e-02   0.00000000e+00
  4.90500000e+00   8.27938595e-02  -5.59294067e-02   0.00000000e+00
  4.91000000e+00   8.45100357e-02  -5.33167795e-02   0.00000000e+00
  4.91500000e+00   8.61433005e-02  -5.06515351e-02   0.00000000e+00
  4.92000000e+00   8.76920420e-02  -4.79363038e-02   0.00000000e+00
  4.92500000e+00   8.91547319e-02  -4.51737651e-02   0.00000000e+00
  4.93000000e+00   9.05299265e-02  -4.23666453e-02   0.00000000e+00
  4.93500000e+00   9.18162688e-02  -3.95177148e-02   0.00000000e+00
  4.94000000e+00   9.30124893e-02  -3.66297851e-02   0.00000000e+00
  4.94500000e+00   9.41174075e-02  -3.37057062e-02   0.00000000e+00
  4.95000000e+00   9.51299330e-02  -3.07483639e-02   0.00000000e+00
  4.95500000e+00   9.60490664e-02  -2.77606766e-02   0.00000000e+00
  4.96000000e+00   9.68739008e-02  -2.47455929e-02   0.00000000e+00
  4.96500000e+00   9.76036221e-02  -2.17060882e-02   0.00000000e+00
  4.97000000e+00   9.82375102e-02  -1.86451623e-02   0.00000000e+00
  4.97500000e+00   9.87749395e-02  -1.55658359e-02   0.00000000e+00
  4.98000000e+00   9.92153796e-02  -1.24711478e-02   0.00000000e+00
  4.98500000e+00   9.95583959e-02  -9.36415228e-03   0.00000000e+00
  4.99000000e+00   9.98036499e-02  -6.24791544e-03   0.00000000e+00
