  0.00000000e+00   1.00000000e-01   0.00000000e+00   0.00000000e+00
  5.00000000e-03   9.91972299e-02   1.34775883e-03   1.23205997e-05
  1.00000000e-02   9.83582902e-02   2.67284767e-03   4.92702395e-05
  1.50000000e-02   9.74840089e-02   3.97395884e-03   1.10812455e-04
  2.00000000e-02   9.65752488e-02   5.24980828e-03   1.96886510e-04
  2.50000000e-02   9.56329066e-02   6.49913689e-03   3.07407461e-04
  3.00000000e-02   9.46579125e-02   7.72071173e-03   4.42266238e-04
  3.50000000e-02   9.36512286e-02   8.91332726e-03   6.01329750e-04
  4.00000000e-02   9.26138484e-02   1.00758065e-02   7.84441021e-04
  4.50000000e-02   9.15467955e-02   1.12070022e-02   9.91419343e-04
  5.00000000e-02   9.04511232e-02   1.23057981e-02   1.22206045e-03
  5.50000000e-02   8.93279127e-02   1.33711098e-02   1.47613673e-03
  6.00000000e-02   8.81782725e-02   1.44018858e-02   1.75339745e-03
  6.50000000e-02   8.70033370e-02   1.53971091e-02   2.05356897e-03
  7.00000000e-02   8.58042659e-02   1.63557973e-02   2.37635506e-03
  7.50000000e-02   8.45822425e-02   1.72770044e-02   2.72143718e-03
  8.00000000e-02   8.33384727e-02   1.81598213e-02   3.08847477e-03
  8.50000000e-02   8.20741841e-02   1.90033768e-02   3.47710560e-03
  9.00000000e-02   8.07906242e-02   1.98068383e-02   3.88694615e-03
  9.50000000e-02   7.94890600e-02   2.05694130e-02   4.31759196e-03
  1.00000000e-01   7.81707757e-02   2.12903482e-02   4.76861802e-03
  1.05000000e-01   7.68370724e-02   2.19689325e-02   5.23957923e-03
  1.10000000e-01   7.54892664e-02   2.26044963e-02   5.73001080e-03
  1.15000000e-01   7.41286877e-02   2.31964122e-02   6.23942875e-03
  1.20000000e-01   7.27566790e-02   2.37440961e-02   6.76733033e-03
  1.25000000e-01   7.13745945e-02   2.42470076e-02   7.31319457e-03
  1.30000000e-01   6.99837979e-02   2.47046504e-02   7.87648278e-03
  1.35000000e-01   6.85856619e-02   2.51165727e-02   8.45663904e-03
  1.40000000e-01   6.71815663e-02   2.54823681e-02   9.05309082e-03
  1.45000000e-01   6.57728967e-02   2.58016755e-02   9.66524950e-03
  1.50000000e-01   6.43610433e-02   2.60741799e-02   1.02925109e-02
  1.55000000e-01   6.29473995e-02   2.62996124e-02   1.09342561e-02
  1.60000000e-01   6.15333603e-02   2.64777504e-02   1.15898517e-02
  1.65000000e-01   6.01203213e-02   2.66084181e-02   1.22586507e-02
  1.70000000e-01   5.87096769e-02   2.66914867e-02   1.29399931e-02
  1.75000000e-01   5.73028192e-02   2.67268740e-02   1.36332064e-02
  1.80000000e-01   5.59011367e-02   2.67145453e-02   1.43376067e-02
  1.85000000e-01   5.45060127e-02   2.66545126e-02   1.50524986e-02
  1.90000000e-01   5.31188239e-02   2.65468353e-02   1.57771768e-02
  1.95000000e-01   5.17409394e-02   2.63916195e-02   1.65109260e-02
  2.00000000e-01   5.03737190e-02   2.61890185e-02   1.72530221e-02
  2.05000000e-01   4.90185119e-02   2.59392322e-02   1.80027327e-02
  2.10000000e-01   4.76766556e-02   2.56425070e-02   1.87593181e-02
  2.15000000e-01   4.63494743e-02   2.52991359e-02   1.95220314e-02
  2.20000000e-01   4.50382778e-02   2.49094578e-02   2.02901200e-02
  2.25000000e-01   4.37443601e-02   2.44738571e-02   2.10628260e-02
  2.30000000e-01   4.24689981e-02   2.39927637e-02   2.18393867e-02
  2.35000000e-01   4.12134504e-02   2.34666525e-02   2.26190357e-02
  2.40000000e-01   3.99789562e-02   2.28960426e-02   2.34010037e-02
  2.45000000e-01   3.87667337e-02   2.22814972e-02   2.41845189e-02
  2.50000000e-01   3.75779793e-02   2.16236227e-02   2.49688082e-02
  2.55000000e-01   3.64138661e-02   2.09230684e-02   2.57530974e-02
  2.60000000e-01   3.52755429e-02   2.01805257e-02   2.65366126e-02
  2.65000000e-01   3.41641331e-02   1.93967273e-02   2.73185806e-02
  2.70000000e-01   3.30807336e-02   1.85724468e-02   2.80982296e-02
  2.75000000e-01   3.20264135e-02   1.77084977e-02   2.88747903e-02
  2.80000000e-01   3.10022133e-02   1.68057324e-02   2.96474963e-02
  2.85000000e-01   3.00091438e-02   1.58650421e-02   3.04155849e-02
  2.90000000e-01   2.90481851e-02   1.48873549e-02   3.11782983e-02
  2.95000000e-01   2.81202854e-02   1.38736359e-02   3.19348836e-02
  3.00000000e-01   2.72263605e-02   1.28248853e-02   3.26845943e-02
  3.05000000e-01   2.63672926e-02   1.17421382e-02   3.34266904e-02
  3.10000000e-01   2.55439295e-02   1.06264631e-02   3.41604396e-02
  3.15000000e-01   2.47570838e-02   9.47896114e-03   3.48851177e-02
  3.20000000e-01   2.40075319e-02   8.30076463e-03   3.56000097e-02
  3.25000000e-01   2.32960137e-02   7.09303638e-03   3.63044099e-02
  3.30000000e-01   2.26232312e-02   5.85696824e-03   3.69976233e-02
  3.35000000e-01   2.19898484e-02   4.59378008e-03   3.76789657e-02
  3.40000000e-01   2.13964904e-02   3.30471851e-03   3.83477647e-02
  3.45000000e-01   2.08437428e-02   1.99105568e-03   3.90033603e-02
  3.50000000e-01   2.03321511e-02   6.54088012e-04   3.96451055e-02
  3.55000000e-01   1.98622202e-02  -7.04865066e-04   4.02723669e-02
  3.60000000e-01   1.94344137e-02  -2.08446243e-03   4.08845256e-02
  3.65000000e-01   1.90491539e-02  -3.48334259e-03   4.14809774e-02
  3.70000000e-01   1.87068211e-02  -4.90012501e-03   4.20611337e-02
  3.75000000e-01   1.84077530e-02  -6.33341151e-03   4.26244219e-02
  3.80000000e-01   1.81522448e-02  -7.78178760e-03   4.31702862e-02
  3.85000000e-01   1.79405487e-02  -9.24382390e-03   4.36981878e-02
  3.90000000e-01   1.77728735e-02  -1.07180776e-02   4.42076057e-02
  3.95000000e-01   1.76493848e-02  -1.22030937e-02   4.46980373e-02
  4.00000000e-01   1.75702044e-02  -1.36974068e-02   4.51689985e-02
  4.05000000e-01   1.75354104e-02  -1.51995420e-02   4.56200246e-02
  4.10000000e-01   1.75450373e-02  -1.67080171e-02   4.60506704e-02
  4.15000000e-01   1.75990754e-02  -1.82213433e-02   4.64605110e-02
  4.20000000e-01   1.76974715e-02  -1.97380271e-02   4.68491419e-02
  4.25000000e-01   1.78401285e-02  -2.12565717e-02   4.72161795e-02
  4.30000000e-01   1.80269055e-02  -2.27754786e-02   4.75612616e-02
  4.35000000e-01   1.82576183e-02  -2.42932488e-02   4.78840477e-02
  4.40000000e-01   1.85320392e-02  -2.58083844e-02   4.81842192e-02
  4.45000000e-01   1.88498972e-02  -2.73193901e-02   4.84614800e-02
  4.50000000e-01   1.92108789e-02  -2.88247747e-02   4.87155563e-02
  4.55000000e-01   1.96146278e-02  -3.03230527e-02   4.89461974e-02
  4.60000000e-01   2.00607456e-02  -3.18127455e-02   4.91531758e-02
  4.65000000e-01   2.05487921e-02  -3.32923827e-02   4.93362870e-02
  4.70000000e-01   2.10782854e-02  -3.47605044e-02   4.94953506e-02
  4.75000000e-01   2.16487032e-02  -3.62156615e-02   4.96302094e-02
  4.80000000e-01   2.22594824e-02  -3.76564180e-02   4.97407303e-02
  4.85000000e-01   2.29100203e-02  -3.90813521e-02   4.98268044e-02
  4.90000000e-01   2.35996749e-02  -4.04890575e-02   4.98883466e-02
  4.95000000e-01   2.43277657e-02  -4.18781450e-02   4.99252963e-02
  5.00000000e-01   2.50935740e-02  -4.32472438e-02   4.99376169e-02
  5.05000000e-01   2.58963441e-02  -4.45950026e-02   4.99252963e-02
  5.10000000e-01   2.67352837e-02  -4.59200915e-02   4.98883467e-02
  5.15000000e-01   2.76095650e-02  -4.72212027e-02   4.98268045e-02
  5.20000000e-01   2.85183251e-02  -4.84970521e-02   4.97407305e-02
  5.25000000e-01   2.94606672e-02  -4.97463807e-02   4.96302096e-02
  5.30000000e-01   3.04356613e-02  -5.09679556e-02   4.94953508e-02
  5.35000000e-01   3.14423452e-02  -5.21605712e-02   4.93362873e-02
  5.40000000e-01   3.24797254e-02  -5.33230504e-02   4.91531761e-02
  5.45000000e-01   3.35467782e-02  -5.44542462e-02   4.89461978e-02
  5.50000000e-01   3.46424505e-02  -5.55530421e-02   4.87155567e-02
  5.55000000e-01   3.57656610e-02  -5.66183538e-02   4.84614804e-02
  5.60000000e-01   3.69153012e-02  -5.76491299e-02   4.81842197e-02
  5.65000000e-01   3.80902366e-02  -5.86443531e-02   4.78840482e-02
  5.70000000e-01   3.92893077e-02  -5.96030414e-02   4.75612621e-02
  5.75000000e-01   4.05113311e-02  -6.05242486e-02   4.72161800e-02
  5.80000000e-01   4.17551009e-02  -6.14070655e-02   4.68491425e-02
  5.85000000e-01   4.30193895e-02  -6.22506210e-02   4.64605117e-02
  5.90000000e-01   4.43029493e-02  -6.30540825e-02   4.60506711e-02
  5.95000000e-01   4.56045136e-02  -6.38166572e-02   4.56200253e-02
  6.00000000e-01   4.69227978e-02  -6.45375925e-02   4.51689993e-02
  6.05000000e-01   4.82565011e-02  -6.52161769e-02   4.46980381e-02
  6.10000000e-01   4.96043071e-02  -6.58517406e-02   4.42076065e-02
  6.15000000e-01   5.09648858e-02  -6.64436566e-02   4.36981886e-02
  6.20000000e-01   5.23368944e-02  -6.69913406e-02   4.31702870e-02
  6.25000000e-01   5.37189790e-02  -6.74942521e-02   4.26244228e-02
  6.30000000e-01   5.51097755e-02  -6.79518949e-02   4.20611346e-02
  6.35000000e-01   5.65079115e-02  -6.83638172e-02   4.14809784e-02
  6.40000000e-01   5.79120071e-02  -6.87296126e-02   4.08845266e-02
  6.45000000e-01   5.93206767e-02  -6.90489201e-02   4.02723679e-02
  6.50000000e-01   6.07325301e-02  -6.93214246e-02   3.96451065e-02
  6.55000000e-01   6.21461739e-02  -6.95468571e-02   3.90033614e-02
  6.60000000e-01   6.35602131e-02  -6.97249951e-02   3.83477658e-02
  6.65000000e-01   6.49732522e-02  -6.98556629e-02   3.76789668e-02
  6.70000000e-01   6.63838966e-02  -6.99387315e-02   3.69976244e-02
  6.75000000e-01   6.77907542e-02  -6.99741189e-02   3.63044111e-02
  6.80000000e-01   6.91924367e-02  -6.99617902e-02   3.56000108e-02
  6.85000000e-01   7.05875608e-02  -6.99017576e-02   3.48851189e-02
  6.90000000e-01   7.19747496e-02  -6.97940802e-02   3.41604407e-02
  6.95000000e-01   7.33526341e-02  -6.96388645e-02   3.34266915e-02
  7.00000000e-01   7.47198545e-02  -6.94362635e-02   3.26845955e-02
  7.05000000e-01   7.60750616e-02  -6.91864772e-02   3.19348848e-02
  7.10000000e-01   7.74169179e-02  -6.88897521e-02   3.11782995e-02
  7.15000000e-01   7.87440992e-02  -6.85463811e-02   3.04155862e-02
  7.20000000e-01   8.00552957e-02  -6.81567029e-02   2.96474975e-02
  7.25000000e-01   8.13492135e-02  -6.77211023e-02   2.88747916e-02
  7.30000000e-01   8.26245755e-02  -6.72400089e-02   2.80982309e-02
  7.35000000e-01   8.38801231e-02  -6.67138978e-02   2.73185819e-02
  7.40000000e-01   8.51146173e-02  -6.61432879e-02   2.65366139e-02
  7.45000000e-01   8.63268398e-02  -6.55287425e-02   2.57530986e-02
  7.50000000e-01   8.75155943e-02  -6.48708681e-02   2.49688094e-02
  7.55000000e-01   8.86797076e-02  -6.41703139e-02   2.41845202e-02
  7.60000000e-01   8.98180308e-02  -6.34277712e-02   2.34010050e-02
  7.65000000e-01   9.09294406e-02  -6.26439728e-02   2.26190370e-02
  7.70000000e-01   9.20128401e-02  -6.18196924e-02   2.18393879e-02
  7.75000000e-01   9.30671603e-02  -6.09557432e-02   2.10628273e-02
  7.80000000e-01   9.40913604e-02  -6.00529780e-02   2.02901213e-02
  7.85000000e-01   9.50844299e-02  -5.91122877e-02   1.95220326e-02
  7.90000000e-01   9.60453887e-02  -5.81346006e-02   1.87593193e-02
  7.95000000e-01   9.69732884e-02  -5.71208816e-02   1.80027340e-02
  8.00000000e-01   9.78672133e-02  -5.60721310e-02   1.72530233e-02
  8.05000000e-01   9.87262812e-02  -5.49893840e-02   1.65109272e-02
  8.10000000e-01   9.95496444e-02  -5.38737089e-02   1.57771780e-02
  8.15000000e-01   1.00336490e-01  -5.27262069e-02   1.50524998e-02
  8.20000000e-01   1.01086042e-01  -5.15480105e-02   1.43376078e-02
  8.25000000e-01   1.01797560e-01  -5.03402822e-02   1.36332076e-02
  8.30000000e-01   1.02470343e-01  -4.91042141e-02   1.29399942e-02
  8.35000000e-01   1.03103726e-01  -4.78410260e-02   1.22586518e-02
  8.40000000e-01   1.03697084e-01  -4.65519644e-02   1.15898528e-02
  8.45000000e-01   1.04249831e-01  -4.52383016e-02   1.09342572e-02
  8.50000000e-01   1.04761423e-01  -4.39013340e-02   1.02925120e-02
  8.55000000e-01   1.05231354e-01  -4.25423809e-02   9.66525052e-03
  8.60000000e-01   1.05659161e-01  -4.11627836e-02   9.05309182e-03
  8.65000000e-01   1.06044420e-01  -3.97639034e-02   8.45664001e-03
  8.70000000e-01   1.06386753e-01  -3.83471210e-02   7.87648372e-03
  8.75000000e-01   1.06685821e-01  -3.69138345e-02   7.31319549e-03
  8.80000000e-01   1.06941330e-01  -3.54654585e-02   6.76733122e-03
  8.85000000e-01   1.07153026e-01  -3.40034222e-02   6.23942961e-03
  8.90000000e-01   1.07320701e-01  -3.25291685e-02   5.73001163e-03
  8.95000000e-01   1.07444190e-01  -3.10441524e-02   5.23958003e-03
  9.00000000e-01   1.07523370e-01  -2.95498393e-02   4.76861879e-03
  9.05000000e-01   1.07558164e-01  -2.80477041e-02   4.31759269e-03
  9.10000000e-01   1.07548537e-01  -2.65392290e-02   3.88694686e-03
  9.15000000e-01   1.07494499e-01  -2.50259028e-02   3.47710628e-03
  9.20000000e-01   1.07396103e-01  -2.35092190e-02   3.08847541e-03
  9.25000000e-01   1.07253446e-01  -2.19906744e-02   2.72143778e-03
  9.30000000e-01   1.07066669e-01  -2.04717675e-02   2.37635563e-03
  9.35000000e-01   1.06835956e-01  -1.89539973e-02   2.05356950e-03
  9.40000000e-01   1.06561536e-01  -1.74388617e-02   1.75339794e-03
  9.45000000e-01   1.06243678e-01  -1.59278560e-02   1.47613719e-03
  9.50000000e-01   1.05882696e-01  -1.44224714e-02   1.22206087e-03
  9.55000000e-01   1.05478947e-01  -1.29241934e-02   9.91419727e-04
  9.60000000e-01   1.05032829e-01  -1.14345006e-02   7.84441367e-04
  9.65000000e-01   1.04544783e-01  -9.95486335e-03   6.01330058e-04
  9.70000000e-01   1.04015290e-01  -8.48674172e-03   4.42266507e-04
  9.75000000e-01   1.03444872e-01  -7.03158460e-03   3.07407692e-04
  9.80000000e-01   1.02834093e-01  -5.59082807e-03   1.96886701e-04
  9.85000000e-01   1.02183555e-01  -4.16589396e-03   1.10812607e-04
  9.90000000e-01   1.01493900e-01  -2.75818853e-03   4.92703520e-05
  9.95000000e-01   1.00765809e-01  -1.36910100e-03   1.23206727e-05
  1.00000000e+00   1.00000001e-01  -2.23384357e-09   3.33358810e-11
  1.00500000e+00   9.91972312e-02   1.34775663e-03   1.23205930e-05
  1.01000000e+00   9.83582915e-02   2.67284551e-03   4.92701928e-05
  1.01500000e+00   9.74840103e-02   3.97395671e-03   1.10812368e-04
  1.02000000e+00   9.65752502e-02   5.24980619e-03   1.96886384e-04
  1.02500000e+00   9.56329082e-02   6.49913485e-03   3.07407295e-04
  1.03000000e+00   9.46579141e-02   7.72070974e-03   4.42266032e-04
  1.03500000e+00   9.36512302e-02   8.91332531e-03   6.01329505e-04
  1.04000000e+00   9.26138500e-02   1.00758046e-02   7.84440737e-04
  1.04500000e+00   9.15467973e-02   1.12070004e-02   9.91419020e-04
  1.05000000e+00   9.04511250e-02   1.23057963e-02   1.22206009e-03
  1.05500000e+00   8.93279145e-02   1.33711080e-02   1.47613634e-03
  1.06000000e+00   8.81782743e-02   1.44018841e-02   1.75339701e-03
  1.06500000e+00   8.70033389e-02   1.53971074e-02   2.05356849e-03
  1.07000000e+00   8.58042678e-02   1.63557957e-02   2.37635455e-03
  1.07500000e+00   8.45822445e-02   1.72770029e-02   2.72143663e-03
  1.08000000e+00   8.33384747e-02   1.81598199e-02   3.08847418e-03
  1.08500000e+00   8.20741861e-02   1.90033754e-02   3.47710498e-03
  1.09000000e+00   8.07906263e-02   1.98068370e-02   3.88694550e-03
  1.09500000e+00   7.94890621e-02   2.05694117e-02   4.31759127e-03
  1.10000000e+00   7.81707778e-02   2.12903470e-02   4.76861730e-03
  1.10500000e+00   7.68370746e-02   2.19689314e-02   5.23957847e-03
  1.11000000e+00   7.54892686e-02   2.26044952e-02   5.73001002e-03
  1.11500000e+00   7.41286899e-02   2.31964112e-02   6.23942793e-03
  1.12000000e+00   7.27566813e-02   2.37440952e-02   6.76732948e-03
  1.12500000e+00   7.13745967e-02   2.42470068e-02   7.31319370e-03
  1.13000000e+00   6.99838002e-02   2.47046496e-02   7.87648187e-03
  1.13500000e+00   6.85856642e-02   2.51165720e-02   8.45663811e-03
  1.14000000e+00   6.71815686e-02   2.54823674e-02   9.05308986e-03
  1.14500000e+00   6.57728990e-02   2.58016750e-02   9.66524851e-03
  1.15000000e+00   6.43610456e-02   2.60741795e-02   1.02925099e-02
  1.15500000e+00   6.29474018e-02   2.62996120e-02   1.09342551e-02
  1.16000000e+00   6.15333626e-02   2.64777501e-02   1.15898506e-02
  1.16500000e+00   6.01203236e-02   2.66084179e-02   1.22586496e-02
  1.17000000e+00   5.87096791e-02   2.66914865e-02   1.29399920e-02
  1.17500000e+00   5.73028215e-02   2.67268740e-02   1.36332053e-02
  1.18000000e+00   5.59011390e-02   2.67145453e-02   1.43376055e-02
  1.18500000e+00   5.45060149e-02   2.66545127e-02   1.50524975e-02
  1.19000000e+00   5.31188262e-02   2.65468354e-02   1.57771756e-02
  1.19500000e+00   5.17409416e-02   2.63916197e-02   1.65109248e-02
  1.20000000e+00   5.03737212e-02   2.61890188e-02   1.72530209e-02
  1.20500000e+00   4.90185141e-02   2.59392325e-02   1.80027315e-02
  1.21000000e+00   4.76766577e-02   2.56425075e-02   1.87593168e-02
  1.21500000e+00   4.63494764e-02   2.52991365e-02   1.95220302e-02
  1.22000000e+00   4.50382799e-02   2.49094584e-02   2.02901188e-02
  1.22500000e+00   4.37443622e-02   2.44738577e-02   2.10628247e-02
  1.23000000e+00   4.24690001e-02   2.39927644e-02   2.18393854e-02
  1.23500000e+00   4.12134525e-02   2.34666533e-02   2.26190345e-02
  1.24000000e+00   3.99789582e-02   2.28960435e-02   2.34010024e-02
  1.24500000e+00   3.87667357e-02   2.22814981e-02   2.41845177e-02
  1.25000000e+00   3.75779812e-02   2.16236237e-02   2.49688069e-02
  1.25500000e+00   3.64138680e-02   2.09230695e-02   2.57530961e-02
  1.26000000e+00   3.52755447e-02   2.01805269e-02   2.65366113e-02
  1.26500000e+00   3.41641349e-02   1.93967286e-02   2.73185793e-02
  1.27000000e+00   3.30807353e-02   1.85724481e-02   2.80982284e-02
  1.27500000e+00   3.20264152e-02   1.77084990e-02   2.88747891e-02
  1.28000000e+00   3.10022150e-02   1.68057339e-02   2.96474950e-02
  1.28500000e+00   3.00091455e-02   1.58650436e-02   3.04155837e-02
  1.29000000e+00   2.90481866e-02   1.48873565e-02   3.11782970e-02
  1.29500000e+00   2.81202869e-02   1.38736375e-02   3.19348824e-02
  1.30000000e+00   2.72263620e-02   1.28248870e-02   3.26845930e-02
  1.30500000e+00   2.63672940e-02   1.17421400e-02   3.34266891e-02
  1.31000000e+00   2.55439309e-02   1.06264649e-02   3.41604384e-02
  1.31500000e+00   2.47570851e-02   9.47896298e-03   3.48851165e-02
  1.32000000e+00   2.40075332e-02   8.30076653e-03   3.56000085e-02
  1.32500000e+00   2.32960148e-02   7.09303832e-03   3.63044088e-02
  1.33000000e+00   2.26232323e-02   5.85697023e-03   3.69976222e-02
  1.33500000e+00   2.19898495e-02   4.59378212e-03   3.76789646e-02
  1.34000000e+00   2.13964914e-02   3.30472059e-03   3.83477636e-02
  1.34500000e+00   2.08437438e-02   1.99105780e-03   3.90033592e-02
  1.35000000e+00   2.03321520e-02   6.54090170e-04   3.96451044e-02
  1.35500000e+00   1.98622209e-02  -7.04862872e-04   4.02723659e-02
  1.36000000e+00   1.94344144e-02  -2.08446020e-03   4.08845246e-02
  1.36500000e+00   1.90491546e-02  -3.48334033e-03   4.14809764e-02
  1.37000000e+00   1.87068217e-02  -4.90012272e-03   4.20611327e-02
  1.37500000e+00   1.84077535e-02  -6.33340919e-03   4.26244210e-02
  1.38000000e+00   1.81522453e-02  -7.78178525e-03   4.31702853e-02
  1.38500000e+00   1.79405491e-02  -9.24382154e-03   4.36981869e-02
  1.39000000e+00   1.77728738e-02  -1.07180752e-02   4.42076049e-02
  1.39500000e+00   1.76493850e-02  -1.22030913e-02   4.46980365e-02
  1.40000000e+00   1.75702045e-02  -1.36974043e-02   4.51689978e-02
  1.40500000e+00   1.75354105e-02  -1.51995396e-02   4.56200239e-02
  1.41000000e+00   1.75450373e-02  -1.67080147e-02   4.60506697e-02
  1.41500000e+00   1.75990754e-02  -1.82213408e-02   4.64605103e-02
  1.42000000e+00   1.76974714e-02  -1.97380246e-02   4.68491412e-02
  1.42500000e+00   1.78401283e-02  -2.12565693e-02   4.72161789e-02
  1.43000000e+00   1.80269053e-02  -2.27754762e-02   4.75612610e-02
  1.43500000e+00   1.82576180e-02  -2.42932463e-02   4.78840472e-02
  1.44000000e+00   1.85320387e-02  -2.58083819e-02   4.81842188e-02
  1.44500000e+00   1.88498968e-02  -2.73193876e-02   4.84614795e-02
  1.45000000e+00   1.92108783e-02  -2.88247723e-02   4.87155559e-02
  1.45500000e+00   1.96146272e-02  -3.03230503e-02   4.89461970e-02
  1.46000000e+00   2.00607449e-02  -3.18127430e-02   4.91531754e-02
  1.46500000e+00   2.05487913e-02  -3.32923803e-02   4.93362867e-02
  1.47000000e+00   2.10782846e-02  -3.47605020e-02   4.94953503e-02
  1.47500000e+00   2.16487023e-02  -3.62156591e-02   4.96302091e-02
  1.48000000e+00   2.22594814e-02  -3.76564156e-02   4.97407301e-02
  1.48500000e+00   2.29100193e-02  -3.90813498e-02   4.98268043e-02
  1.49000000e+00   2.35996739e-02  -4.04890552e-02   4.98883465e-02
  1.49500000e+00   2.43277645e-02  -4.18781427e-02   4.99252962e-02
  1.50000000e+00   2.50935727e-02  -4.32472415e-02   4.99376169e-02
  1.50500000e+00   2.58963428e-02  -4.45950004e-02   4.99252964e-02
  1.51000000e+00   2.67352824e-02  -4.59200893e-02   4.98883468e-02
  1.51500000e+00   2.76095636e-02  -4.72212005e-02   4.98268046e-02
  1.52000000e+00   2.85183236e-02  -4.84970500e-02   4.97407306e-02
  1.52500000e+00   2.94606657e-02  -4.97463787e-02   4.96302097e-02
  1.53000000e+00   3.04356597e-02  -5.09679536e-02   4.94953510e-02
  1.53500000e+00   3.14423436e-02  -5.21605692e-02   4.93362876e-02
  1.54000000e+00   3.24797237e-02  -5.33230485e-02   4.91531763e-02
  1.54500000e+00   3.35467765e-02  -5.44542443e-02   4.89461981e-02
  1.55000000e+00   3.46424487e-02  -5.55530403e-02   4.87155570e-02
  1.55500000e+00   3.57656592e-02  -5.66183520e-02   4.84614808e-02
  1.56000000e+00   3.69152994e-02  -5.76491282e-02   4.81842202e-02
  1.56500000e+00   3.80902347e-02  -5.86443515e-02   4.78840487e-02
  1.57000000e+00   3.92893058e-02  -5.96030398e-02   4.75612626e-02
  1.57500000e+00   4.05113291e-02  -6.05242470e-02   4.72161806e-02
  1.58000000e+00   4.17550989e-02  -6.14070640e-02   4.68491431e-02
  1.58500000e+00   4.30193874e-02  -6.22506196e-02   4.64605123e-02
  1.59000000e+00   4.43029472e-02  -6.30540812e-02   4.60506718e-02
  1.59500000e+00   4.56045115e-02  -6.38166560e-02   4.56200260e-02
  1.60000000e+00   4.69227957e-02  -6.45375913e-02   4.51690000e-02
  1.60500000e+00   4.82564989e-02  -6.52161757e-02   4.46980388e-02
  1.61000000e+00   4.96043049e-02  -6.58517396e-02   4.42076073e-02
  1.61500000e+00   5.09648836e-02  -6.64436556e-02   4.36981894e-02
  1.62000000e+00   5.23368922e-02  -6.69913396e-02   4.31702879e-02
  1.62500000e+00   5.37189768e-02  -6.74942513e-02   4.26244237e-02
  1.63000000e+00   5.51097733e-02  -6.79518941e-02   4.20611355e-02
  1.63500000e+00   5.65079093e-02  -6.83638165e-02   4.14809793e-02
  1.64000000e+00   5.79120049e-02  -6.87296120e-02   4.08845276e-02
  1.64500000e+00   5.93206745e-02  -6.90489196e-02   4.02723689e-02
  1.65000000e+00   6.07325278e-02  -6.93214241e-02   3.96451075e-02
  1.65500000e+00   6.21461716e-02  -6.95468567e-02   3.90033624e-02
  1.66000000e+00   6.35602108e-02  -6.97249948e-02   3.83477668e-02
  1.66500000e+00   6.49732499e-02  -6.98556626e-02   3.76789679e-02
  1.67000000e+00   6.63838943e-02  -6.99387313e-02   3.69976255e-02
  1.67500000e+00   6.77907520e-02  -6.99741188e-02   3.63044122e-02
  1.68000000e+00   6.91924345e-02  -6.99617902e-02   3.56000120e-02
  1.68500000e+00   7.05875585e-02  -6.99017576e-02   3.48851200e-02
  1.69000000e+00   7.19747473e-02  -6.97940804e-02   3.41604419e-02
  1.69500000e+00   7.33526318e-02  -6.96388647e-02   3.34266927e-02
  1.70000000e+00   7.47198523e-02  -6.94362638e-02   3.26845967e-02
  1.70500000e+00   7.60750594e-02  -6.91864776e-02   3.19348860e-02
  1.71000000e+00   7.74169158e-02  -6.88897526e-02   3.11783007e-02
  1.71500000e+00   7.87440971e-02  -6.85463816e-02   3.04155874e-02
  1.72000000e+00   8.00552936e-02  -6.81567036e-02   2.96474988e-02
  1.72500000e+00   8.13492114e-02  -6.77211030e-02   2.88747928e-02
  1.73000000e+00   8.26245734e-02  -6.72400097e-02   2.80982322e-02
  1.73500000e+00   8.38801211e-02  -6.67138986e-02   2.73185831e-02
  1.74000000e+00   8.51146153e-02  -6.61432888e-02   2.65366151e-02
  1.74500000e+00   8.63268379e-02  -6.55287435e-02   2.57530999e-02
  1.75000000e+00   8.75155924e-02  -6.48708691e-02   2.49688107e-02
  1.75500000e+00   8.86797057e-02  -6.41703150e-02   2.41845215e-02
  1.76000000e+00   8.98180289e-02  -6.34277724e-02   2.34010063e-02
  1.76500000e+00   9.09294388e-02  -6.26439741e-02   2.26190383e-02
  1.77000000e+00   9.20128384e-02  -6.18196937e-02   2.18393892e-02
  1.77500000e+00   9.30671585e-02  -6.09557446e-02   2.10628285e-02
  1.78000000e+00   9.40913588e-02  -6.00529795e-02   2.02901226e-02
  1.78500000e+00   9.50844283e-02  -5.91122892e-02   1.95220339e-02
  1.79000000e+00   9.60453871e-02  -5.81346022e-02   1.87593205e-02
  1.79500000e+00   9.69732869e-02  -5.71208832e-02   1.80027352e-02
  1.80000000e+00   9.78672119e-02  -5.60721327e-02   1.72530245e-02
  1.80500000e+00   9.87262798e-02  -5.49893857e-02   1.65109284e-02
  1.81000000e+00   9.95496430e-02  -5.38737107e-02   1.57771792e-02
  1.81500000e+00   1.00336489e-01  -5.27262088e-02   1.50525010e-02
  1.82000000e+00   1.01086041e-01  -5.15480124e-02   1.43376090e-02
  1.82500000e+00   1.01797559e-01  -5.03402842e-02   1.36332087e-02
  1.83000000e+00   1.02470342e-01  -4.91042161e-02   1.29399953e-02
  1.83500000e+00   1.03103725e-01  -4.78410280e-02   1.22586529e-02
  1.84000000e+00   1.03697083e-01  -4.65519665e-02   1.15898539e-02
  1.84500000e+00   1.04249830e-01  -4.52383037e-02   1.09342582e-02
  1.85000000e+00   1.04761422e-01  -4.39013361e-02   1.02925130e-02
  1.85500000e+00   1.05231353e-01  -4.25423831e-02   9.66525154e-03
  1.86000000e+00   1.05659160e-01  -4.11627858e-02   9.05309282e-03
  1.86500000e+00   1.06044420e-01  -3.97639057e-02   8.45664099e-03
  1.87000000e+00   1.06386753e-01  -3.83471233e-02   7.87648467e-03
  1.87500000e+00   1.06685821e-01  -3.69138368e-02   7.31319642e-03
  1.88000000e+00   1.06941329e-01  -3.54654608e-02   6.76733212e-03
  1.88500000e+00   1.07153025e-01  -3.40034245e-02   6.23943048e-03
  1.89000000e+00   1.07320701e-01  -3.25291709e-02   5.73001247e-03
  1.89500000e+00   1.07444189e-01  -3.10441548e-02   5.23958083e-03
  1.90000000e+00   1.07523370e-01  -2.95498417e-02   4.76861956e-03
  1.90500000e+00   1.07558164e-01  -2.80477065e-02   4.31759344e-03
  1.91000000e+00   1.07548537e-01  -2.65392314e-02   3.88694757e-03
  1.91500000e+00   1.07494499e-01  -2.50259053e-02   3.47710695e-03
  1.92000000e+00   1.07396103e-01  -2.35092215e-02   3.08847605e-03
  1.92500000e+00   1.07253446e-01  -2.19906768e-02   2.72143839e-03
  1.93000000e+00   1.07066669e-01  -2.04717699e-02   2.37635620e-03
  1.93500000e+00   1.06835957e-01  -1.89539998e-02   2.05357004e-03
  1.94000000e+00   1.06561536e-01  -1.74388642e-02   1.75339844e-03
  1.94500000e+00   1.06243678e-01  -1.59278585e-02   1.47613766e-03
  1.95000000e+00   1.05882697e-01  -1.44224738e-02   1.22206130e-03
  1.95500000e+00   1.05478948e-01  -1.29241958e-02   9.91420114e-04
  1.96000000e+00   1.05032830e-01  -1.14345031e-02   7.84441716e-04
  1.96500000e+00   1.04544784e-01  -9.95486576e-03   6.01330368e-04
  1.97000000e+00   1.04015290e-01  -8.48674411e-03   4.42266779e-04
  1.97500000e+00   1.03444873e-01  -7.03158697e-03   3.07407924e-04
  1.98000000e+00   1.02834094e-01  -5.59083041e-03   1.96886894e-04
  1.98500000e+00   1.02183556e-01  -4.16589628e-03   1.10812760e-04
  1.99000000e+00   1.01493901e-01  -2.75819082e-03   4.92704652e-05
  1.99500000e+00   1.00765811e-01  -1.36910326e-03   1.23207460e-05
  2.00000000e+00   1.00000002e-01  -4.46768718e-09   6.66719152e-11
  2.00500000e+00   9.91972324e-02   1.34775443e-03   1.23205864e-05
  2.01000000e+00   9.83582929e-02   2.67284335e-03   4.92701461e-05
  2.01500000e+00   9.74840117e-02   3.97395459e-03   1.10812281e-04
  2.02000000e+00   9.65752517e-02   5.24980411e-03   1.96886257e-04
  2.02500000e+00   9.56329097e-02   6.49913281e-03   3.07407129e-04
  2.03000000e+00   9.46579157e-02   7.72070774e-03   4.42265826e-04
  2.03500000e+00   9.36512318e-02   8.91332336e-03   6.01329260e-04
  2.04000000e+00   9.26138517e-02   1.00758027e-02   7.84440453e-04
  2.04500000e+00   9.15467990e-02   1.12069985e-02   9.91418697e-04
  2.05000000e+00   9.04511268e-02   1.23057945e-02   1.22205973e-03
  2.05500000e+00   8.93279163e-02   1.33711063e-02   1.47613594e-03
  2.06000000e+00   8.81782762e-02   1.44018824e-02   1.75339657e-03
  2.06500000e+00   8.70033408e-02   1.53971058e-02   2.05356802e-03
  2.07000000e+00   8.58042698e-02   1.63557941e-02   2.37635404e-03
  2.07500000e+00   8.45822464e-02   1.72770014e-02   2.72143608e-03
  2.08000000e+00   8.33384767e-02   1.81598184e-02   3.08847360e-03
  2.08500000e+00   8.20741882e-02   1.90033740e-02   3.47710436e-03
  2.09000000e+00   8.07906284e-02   1.98068357e-02   3.88694485e-03
  2.09500000e+00   7.94890642e-02   2.05694105e-02   4.31759058e-03
  2.10000000e+00   7.81707800e-02   2.12903458e-02   4.76861657e-03
  2.10500000e+00   7.68370767e-02   2.19689303e-02   5.23957772e-03
  2.11000000e+00   7.54892708e-02   2.26044942e-02   5.73000923e-03
  2.11500000e+00   7.41286921e-02   2.31964102e-02   6.23942711e-03
  2.12000000e+00   7.27566835e-02   2.37440943e-02   6.76732864e-03
  2.12500000e+00   7.13745989e-02   2.42470060e-02   7.31319282e-03
  2.13000000e+00   6.99838024e-02   2.47046488e-02   7.87648097e-03
  2.13500000e+00   6.85856665e-02   2.51165713e-02   8.45663717e-03
  2.14000000e+00   6.71815709e-02   2.54823668e-02   9.05308890e-03
  2.14500000e+00   6.57729013e-02   2.58016744e-02   9.66524752e-03
  2.15000000e+00   6.43610479e-02   2.60741790e-02   1.02925089e-02
  2.15500000e+00   6.29474041e-02   2.62996116e-02   1.09342540e-02
  2.16000000e+00   6.15333649e-02   2.64777497e-02   1.15898496e-02
  2.16500000e+00   6.01203259e-02   2.66084176e-02   1.22586485e-02
  2.17000000e+00   5.87096814e-02   2.66914863e-02   1.29399909e-02
  2.17500000e+00   5.73028238e-02   2.67268739e-02   1.36332042e-02
  2.18000000e+00   5.59011413e-02   2.67145453e-02   1.43376044e-02
  2.18500000e+00   5.45060172e-02   2.66545128e-02   1.50524963e-02
  2.19000000e+00   5.31188284e-02   2.65468356e-02   1.57771745e-02
  2.19500000e+00   5.17409439e-02   2.63916200e-02   1.65109236e-02
  2.20000000e+00   5.03737234e-02   2.61890191e-02   1.72530197e-02
  2.20500000e+00   4.90185163e-02   2.59392329e-02   1.80027303e-02
  2.21000000e+00   4.76766599e-02   2.56425079e-02   1.87593156e-02
  2.21500000e+00   4.63494786e-02   2.52991370e-02   1.95220289e-02
  2.22000000e+00   4.50382820e-02   2.49094590e-02   2.02901176e-02
  2.22500000e+00   4.37443643e-02   2.44738584e-02   2.10628235e-02
  2.23000000e+00   4.24690022e-02   2.39927652e-02   2.18393842e-02
  2.23500000e+00   4.12134545e-02   2.34666541e-02   2.26190332e-02
  2.24000000e+00   3.99789603e-02   2.28960444e-02   2.34010012e-02
  2.24500000e+00   3.87667377e-02   2.22814991e-02   2.41845164e-02
  2.25000000e+00   3.75779832e-02   2.16236248e-02   2.49688056e-02
  2.25500000e+00   3.64138699e-02   2.09230707e-02   2.57530948e-02
  2.26000000e+00   3.52755466e-02   2.01805281e-02   2.65366101e-02
  2.26500000e+00   3.41641367e-02   1.93967298e-02   2.73185780e-02
  2.27000000e+00   3.30807371e-02   1.85724495e-02   2.80982271e-02
  2.27500000e+00   3.20264169e-02   1.77085004e-02   2.88747878e-02
  2.28000000e+00   3.10022167e-02   1.68057353e-02   2.96474938e-02
  2.28500000e+00   3.00091471e-02   1.58650451e-02   3.04155824e-02
  2.29000000e+00   2.90481882e-02   1.48873581e-02   3.11782958e-02
  2.29500000e+00   2.81202884e-02   1.38736391e-02   3.19348811e-02
  2.30000000e+00   2.72263635e-02   1.28248887e-02   3.26845918e-02
  2.30500000e+00   2.63672955e-02   1.17421417e-02   3.34266879e-02
  2.31000000e+00   2.55439323e-02   1.06264667e-02   3.41604372e-02
  2.31500000e+00   2.47570864e-02   9.47896483e-03   3.48851154e-02
  2.32000000e+00   2.40075344e-02   8.30076843e-03   3.56000073e-02
  2.32500000e+00   2.32960160e-02   7.09304027e-03   3.63044076e-02
  2.33000000e+00   2.26232334e-02   5.85697222e-03   3.69976211e-02
  2.33500000e+00   2.19898505e-02   4.59378415e-03   3.76789635e-02
  2.34000000e+00   2.13964924e-02   3.30472267e-03   3.83477625e-02
  2.34500000e+00   2.08437447e-02   1.99105992e-03   3.90033582e-02
  2.35000000e+00   2.03321528e-02   6.54092328e-04   3.96451034e-02
  2.35500000e+00   1.98622217e-02  -7.04860677e-04   4.02723649e-02
  2.36000000e+00   1.94344151e-02  -2.08445797e-03   4.08845236e-02
  2.36500000e+00   1.90491552e-02  -3.48333807e-03   4.14809755e-02
  2.37000000e+00   1.87068223e-02  -4.90012043e-03   4.20611318e-02
  2.37500000e+00   1.84077540e-02  -6.33340687e-03   4.26244201e-02
  2.38000000e+00   1.81522457e-02  -7.78178291e-03   4.31702844e-02
  2.38500000e+00   1.79405494e-02  -9.24381917e-03   4.36981860e-02
  2.39000000e+00   1.77728741e-02  -1.07180728e-02   4.42076041e-02
  2.39500000e+00   1.76493852e-02  -1.22030889e-02   4.46980357e-02
  2.40000000e+00   1.75702047e-02  -1.36974019e-02   4.51689970e-02
  2.40500000e+00   1.75354106e-02  -1.51995372e-02   4.56200231e-02
  2.41000000e+00   1.75450373e-02  -1.67080122e-02   4.60506690e-02
  2.41500000e+00   1.75990753e-02  -1.82213384e-02   4.64605097e-02
  2.42000000e+00   1.76974713e-02  -1.97380222e-02   4.68491406e-02
  2.42500000e+00   1.78401281e-02  -2.12565668e-02   4.72161782e-02
  2.43000000e+00   1.80269050e-02  -2.27754737e-02   4.75612605e-02
  2.43500000e+00   1.82576176e-02  -2.42932439e-02   4.78840466e-02
  2.44000000e+00   1.85320383e-02  -2.58083794e-02   4.81842183e-02
  2.44500000e+00   1.88498963e-02  -2.73193852e-02   4.84614791e-02
  2.45000000e+00   1.92108778e-02  -2.88247698e-02   4.87155554e-02
  2.45500000e+00   1.96146266e-02  -3.03230479e-02   4.89461966e-02
  2.46000000e+00   2.00607442e-02  -3.18127406e-02   4.91531751e-02
  2.46500000e+00   2.05487905e-02  -3.32923779e-02   4.93362864e-02
  2.47000000e+00   2.10782837e-02  -3.47604996e-02   4.94953500e-02
  2.47500000e+00   2.16487013e-02  -3.62156567e-02   4.96302089e-02
  2.48000000e+00   2.22594804e-02  -3.76564133e-02   4.97407300e-02
  2.48500000e+00   2.29100182e-02  -3.90813474e-02   4.98268041e-02
  2.49000000e+00   2.35996728e-02  -4.04890529e-02   4.98883464e-02
  2.49500000e+00   2.43277634e-02  -4.18781405e-02   4.99252962e-02
  2.50000000e+00   2.50935715e-02  -4.32472393e-02   4.99376169e-02
  2.50500000e+00   2.58963415e-02  -4.45949982e-02   4.99252964e-02
  2.51000000e+00   2.67352810e-02  -4.59200871e-02   4.98883468e-02
  2.51500000e+00   2.76095622e-02  -4.72211984e-02   4.98268047e-02
  2.52000000e+00   2.85183222e-02  -4.84970479e-02   4.97407308e-02
  2.52500000e+00   2.94606642e-02  -4.97463767e-02   4.96302099e-02
  2.53000000e+00   3.04356581e-02  -5.09679516e-02   4.94953512e-02
  2.53500000e+00   3.14423419e-02  -5.21605673e-02   4.93362878e-02
  2.54000000e+00   3.24797221e-02  -5.33230466e-02   4.91531766e-02
  2.54500000e+00   3.35467747e-02  -5.44542425e-02   4.89461984e-02
  2.55000000e+00   3.46424469e-02  -5.55530385e-02   4.87155574e-02
  2.55500000e+00   3.57656574e-02  -5.66183503e-02   4.84614812e-02
  2.56000000e+00   3.69152975e-02  -5.76491265e-02   4.81842206e-02
  2.56500000e+00   3.80902328e-02  -5.86443498e-02   4.78840492e-02
  2.57000000e+00   3.92893038e-02  -5.96030382e-02   4.75612632e-02
  2.57500000e+00   4.05113272e-02  -6.05242455e-02   4.72161811e-02
  2.58000000e+00   4.17550968e-02  -6.14070626e-02   4.68491436e-02
  2.58500000e+00   4.30193854e-02  -6.22506182e-02   4.64605129e-02
  2.59000000e+00   4.43029452e-02  -6.30540799e-02   4.60506724e-02
  2.59500000e+00   4.56045094e-02  -6.38166547e-02   4.56200267e-02
  2.60000000e+00   4.69227936e-02  -6.45375901e-02   4.51690007e-02
  2.60500000e+00   4.82564968e-02  -6.52161746e-02   4.46980396e-02
  2.61000000e+00   4.96043027e-02  -6.58517385e-02   4.42076081e-02
  2.61500000e+00   5.09648814e-02  -6.64436546e-02   4.36981902e-02
  2.62000000e+00   5.23368900e-02  -6.69913387e-02   4.31702887e-02
  2.62500000e+00   5.37189745e-02  -6.74942504e-02   4.26244246e-02
  2.63000000e+00   5.51097710e-02  -6.79518933e-02   4.20611364e-02
  2.63500000e+00   5.65079070e-02  -6.83638158e-02   4.14809802e-02
  2.64000000e+00   5.79120026e-02  -6.87296114e-02   4.08845285e-02
  2.64500000e+00   5.93206722e-02  -6.90489190e-02   4.02723699e-02
  2.65000000e+00   6.07325255e-02  -6.93214236e-02   3.96451085e-02
  2.65500000e+00   6.21461693e-02  -6.95468563e-02   3.90033634e-02
  2.66000000e+00   6.35602085e-02  -6.97249945e-02   3.83477679e-02
  2.66500000e+00   6.49732476e-02  -6.98556624e-02   3.76789690e-02
  2.67000000e+00   6.63838920e-02  -6.99387311e-02   3.69976266e-02
  2.67500000e+00   6.77907497e-02  -6.99741187e-02   3.63044133e-02
  2.68000000e+00   6.91924322e-02  -6.99617902e-02   3.56000131e-02
  2.68500000e+00   7.05875562e-02  -6.99017577e-02   3.48851212e-02
  2.69000000e+00   7.19747450e-02  -6.97940805e-02   3.41604431e-02
  2.69500000e+00   7.33526296e-02  -6.96388650e-02   3.34266939e-02
  2.70000000e+00   7.47198501e-02  -6.94362641e-02   3.26845979e-02
  2.70500000e+00   7.60750572e-02  -6.91864780e-02   3.19348872e-02
  2.71000000e+00   7.74169136e-02  -6.88897531e-02   3.11783020e-02
  2.71500000e+00   7.87440949e-02  -6.85463822e-02   3.04155886e-02
  2.72000000e+00   8.00552915e-02  -6.81567042e-02   2.96475000e-02
  2.72500000e+00   8.13492093e-02  -6.77211036e-02   2.88747941e-02
  2.73000000e+00   8.26245713e-02  -6.72400105e-02   2.80982334e-02
  2.73500000e+00   8.38801190e-02  -6.67138994e-02   2.73185844e-02
  2.74000000e+00   8.51146133e-02  -6.61432897e-02   2.65366164e-02
  2.74500000e+00   8.63268359e-02  -6.55287445e-02   2.57531012e-02
  2.75000000e+00   8.75155904e-02  -6.48708702e-02   2.49688120e-02
  2.75500000e+00   8.86797038e-02  -6.41703161e-02   2.41845228e-02
  2.76000000e+00   8.98180271e-02  -6.34277735e-02   2.34010075e-02
  2.76500000e+00   9.09294370e-02  -6.26439753e-02   2.26190395e-02
  2.77000000e+00   9.20128366e-02  -6.18196950e-02   2.18393905e-02
  2.77500000e+00   9.30671568e-02  -6.09557460e-02   2.10628298e-02
  2.78000000e+00   9.40913571e-02  -6.00529809e-02   2.02901238e-02
  2.78500000e+00   9.50844267e-02  -5.91122907e-02   1.95220351e-02
  2.79000000e+00   9.60453856e-02  -5.81346037e-02   1.87593218e-02
  2.79500000e+00   9.69732854e-02  -5.71208848e-02   1.80027364e-02
  2.80000000e+00   9.78672104e-02  -5.60721344e-02   1.72530257e-02
  2.80500000e+00   9.87262784e-02  -5.49893874e-02   1.65109296e-02
  2.81000000e+00   9.95496417e-02  -5.38737125e-02   1.57771804e-02
  2.81500000e+00   1.00336488e-01  -5.27262106e-02   1.50525022e-02
  2.82000000e+00   1.01086040e-01  -5.15480143e-02   1.43376102e-02
  2.82500000e+00   1.01797558e-01  -5.03402861e-02   1.36332099e-02
  2.83000000e+00   1.02470341e-01  -4.91042181e-02   1.29399965e-02
  2.83500000e+00   1.03103724e-01  -4.78410301e-02   1.22586540e-02
  2.84000000e+00   1.03697082e-01  -4.65519686e-02   1.15898550e-02
  2.84500000e+00   1.04249829e-01  -4.52383059e-02   1.09342593e-02
  2.85000000e+00   1.04761421e-01  -4.39013383e-02   1.02925141e-02
  2.85500000e+00   1.05231352e-01  -4.25423853e-02   9.66525257e-03
  2.86000000e+00   1.05659159e-01  -4.11627880e-02   9.05309382e-03
  2.86500000e+00   1.06044419e-01  -3.97639079e-02   8.45664197e-03
  2.87000000e+00   1.06386752e-01  -3.83471256e-02   7.87648562e-03
  2.87500000e+00   1.06685820e-01  -3.69138392e-02   7.31319734e-03
  2.88000000e+00   1.06941329e-01  -3.54654631e-02   6.76733301e-03
  2.88500000e+00   1.07153025e-01  -3.40034269e-02   6.23943134e-03
  2.89000000e+00   1.07320700e-01  -3.25291733e-02   5.73001331e-03
  2.89500000e+00   1.07444189e-01  -3.10441572e-02   5.23958164e-03
  2.90000000e+00   1.07523370e-01  -2.95498442e-02   4.76862034e-03
  2.90500000e+00   1.07558164e-01  -2.80477089e-02   4.31759418e-03
  2.91000000e+00   1.07548537e-01  -2.65392339e-02   3.88694828e-03
  2.91500000e+00   1.07494499e-01  -2.50259077e-02   3.47710763e-03
  2.92000000e+00   1.07396103e-01  -2.35092239e-02   3.08847669e-03
  2.92500000e+00   1.07253447e-01  -2.19906793e-02   2.72143900e-03
  2.93000000e+00   1.07066670e-01  -2.04717724e-02   2.37635678e-03
  2.93500000e+00   1.06835957e-01  -1.89540022e-02   2.05357057e-03
  2.94000000e+00   1.06561536e-01  -1.74388667e-02   1.75339894e-03
  2.94500000e+00   1.06243679e-01  -1.59278609e-02   1.47613812e-03
  2.95000000e+00   1.05882697e-01  -1.44224763e-02   1.22206172e-03
  2.95500000e+00   1.05478948e-01  -1.29241982e-02   9.91420502e-04
  2.96000000e+00   1.05032831e-01  -1.14345055e-02   7.84442065e-04
  2.96500000e+00   1.04544784e-01  -9.95486817e-03   6.01330678e-04
  2.97000000e+00   1.04015291e-01  -8.48674650e-03   4.42267050e-04
  2.97500000e+00   1.03444874e-01  -7.03158934e-03   3.07408156e-04
  2.98000000e+00   1.02834095e-01  -5.59083276e-03   1.96887087e-04
  2.98500000e+00   1.02183557e-01  -4.16589860e-03   1.10812912e-04
  2.99000000e+00   1.01493902e-01  -2.75819312e-03   4.92705784e-05
  2.99500000e+00   1.00765812e-01  -1.36910553e-03   1.23208193e-05
  3.00000000e+00   1.00000004e-01  -6.70153083e-09   1.00007950e-10
  3.00500000e+00   9.91972337e-02   1.34775223e-03   1.23205797e-05
  3.01000000e+00   9.83582942e-02   2.67284118e-03   4.92700995e-05
  3.01500000e+00   9.74840131e-02   3.97395246e-03   1.10812195e-04
  3.02000000e+00   9.65752531e-02   5.24980202e-03   1.96886131e-04
  3.02500000e+00   9.56329112e-02   6.49913076e-03   3.07406963e-04
  3.03000000e+00   9.46579172e-02   7.72070574e-03   4.42265620e-04
  3.03500000e+00   9.36512335e-02   8.91332141e-03   6.01329014e-04
  3.04000000e+00   9.26138534e-02   1.00758008e-02   7.84440168e-04
  3.04500000e+00   9.15468007e-02   1.12069967e-02   9.91418373e-04
  3.05000000e+00   9.04511285e-02   1.23057927e-02   1.22205937e-03
  3.05500000e+00   8.93279181e-02   1.33711045e-02   1.47613554e-03
  3.06000000e+00   8.81782780e-02   1.44018807e-02   1.75339613e-03
  3.06500000e+00   8.70033427e-02   1.53971041e-02   2.05356754e-03
  3.07000000e+00   8.58042717e-02   1.63557926e-02   2.37635353e-03
  3.07500000e+00   8.45822484e-02   1.72769999e-02   2.72143554e-03
  3.08000000e+00   8.33384787e-02   1.81598170e-02   3.08847302e-03
  3.08500000e+00   8.20741902e-02   1.90033726e-02   3.47710375e-03
  3.09000000e+00   8.07906305e-02   1.98068344e-02   3.88694419e-03
  3.09500000e+00   7.94890663e-02   2.05694092e-02   4.31758989e-03
  3.10000000e+00   7.81707821e-02   2.12903446e-02   4.76861585e-03
  3.10500000e+00   7.68370789e-02   2.19689292e-02   5.23957696e-03
  3.11000000e+00   7.54892729e-02   2.26044931e-02   5.73000844e-03
  3.11500000e+00   7.41286943e-02   2.31964092e-02   6.23942630e-03
  3.12000000e+00   7.27566857e-02   2.37440934e-02   6.76732779e-03
  3.12500000e+00   7.13746012e-02   2.42470051e-02   7.31319194e-03
  3.13000000e+00   6.99838047e-02   2.47046481e-02   7.87648006e-03
  3.13500000e+00   6.85856687e-02   2.51165706e-02   8.45663624e-03
  3.14000000e+00   6.71815731e-02   2.54823662e-02   9.05308794e-03
  3.14500000e+00   6.57729036e-02   2.58016739e-02   9.66524654e-03
  3.15000000e+00   6.43610502e-02   2.60741785e-02   1.02925079e-02
  3.15500000e+00   6.29474064e-02   2.62996112e-02   1.09342530e-02
  3.16000000e+00   6.15333672e-02   2.64777494e-02   1.15898485e-02
  3.16500000e+00   6.01203282e-02   2.66084174e-02   1.22586474e-02
  3.17000000e+00   5.87096837e-02   2.66914862e-02   1.29399898e-02
  3.17500000e+00   5.73028261e-02   2.67268738e-02   1.36332031e-02
  3.18000000e+00   5.59011435e-02   2.67145453e-02   1.43376033e-02
  3.18500000e+00   5.45060195e-02   2.66545129e-02   1.50524952e-02
  3.19000000e+00   5.31188307e-02   2.65468357e-02   1.57771733e-02
  3.19500000e+00   5.17409461e-02   2.63916202e-02   1.65109224e-02
  3.20000000e+00   5.03737256e-02   2.61890194e-02   1.72530185e-02
  3.20500000e+00   4.90185185e-02   2.59392333e-02   1.80027291e-02
  3.21000000e+00   4.76766621e-02   2.56425084e-02   1.87593144e-02
  3.21500000e+00   4.63494808e-02   2.52991375e-02   1.95220277e-02
  3.22000000e+00   4.50382842e-02   2.49094596e-02   2.02901163e-02
  3.22500000e+00   4.37443664e-02   2.44738591e-02   2.10628222e-02
  3.23000000e+00   4.24690043e-02   2.39927660e-02   2.18393829e-02
  3.23500000e+00   4.12134566e-02   2.34666550e-02   2.26190319e-02
  3.24000000e+00   3.99789623e-02   2.28960453e-02   2.34009999e-02
  3.24500000e+00   3.87667397e-02   2.22815001e-02   2.41845151e-02
  3.25000000e+00   3.75779851e-02   2.16236258e-02   2.49688043e-02
  3.25500000e+00   3.64138718e-02   2.09230718e-02   2.57530936e-02
  3.26000000e+00   3.52755484e-02   2.01805292e-02   2.65366088e-02
  3.26500000e+00   3.41641385e-02   1.93967311e-02   2.73185768e-02
  3.27000000e+00   3.30807389e-02   1.85724508e-02   2.80982258e-02
  3.27500000e+00   3.20264186e-02   1.77085018e-02   2.88747865e-02
  3.28000000e+00   3.10022183e-02   1.68057368e-02   2.96474925e-02
  3.28500000e+00   3.00091487e-02   1.58650466e-02   3.04155812e-02
  3.29000000e+00   2.90481898e-02   1.48873596e-02   3.11782945e-02
  3.29500000e+00   2.81202900e-02   1.38736408e-02   3.19348799e-02
  3.30000000e+00   2.72263649e-02   1.28248904e-02   3.26845906e-02
  3.30500000e+00   2.63672969e-02   1.17421434e-02   3.34266867e-02
  3.31000000e+00   2.55439336e-02   1.06264685e-02   3.41604360e-02
  3.31500000e+00   2.47570877e-02   9.47896668e-03   3.48851142e-02
  3.32000000e+00   2.40075357e-02   8.30077032e-03   3.56000062e-02
  3.32500000e+00   2.32960172e-02   7.09304221e-03   3.63044065e-02
  3.33000000e+00   2.26232345e-02   5.85697422e-03   3.69976199e-02
  3.33500000e+00   2.19898516e-02   4.59378619e-03   3.76789624e-02
  3.34000000e+00   2.13964934e-02   3.30472475e-03   3.83477614e-02
  3.34500000e+00   2.08437456e-02   1.99106204e-03   3.90033571e-02
  3.35000000e+00   2.03321537e-02   6.54094487e-04   3.96451023e-02
  3.35500000e+00   1.98622225e-02  -7.04858483e-04   4.02723639e-02
  3.36000000e+00   1.94344158e-02  -2.08445575e-03   4.08845226e-02
  3.36500000e+00   1.90491559e-02  -3.48333581e-03   4.14809745e-02
  3.37000000e+00   1.87068228e-02  -4.90011814e-03   4.20611308e-02
  3.37500000e+00   1.84077545e-02  -6.33340455e-03   4.26244191e-02
  3.38000000e+00   1.81522461e-02  -7.78178057e-03   4.31702835e-02
  3.38500000e+00   1.79405498e-02  -9.24381680e-03   4.36981852e-02
  3.39000000e+00   1.77728744e-02  -1.07180704e-02   4.42076032e-02
  3.39500000e+00   1.76493855e-02  -1.22030865e-02   4.46980349e-02
  3.40000000e+00   1.75702048e-02  -1.36973995e-02   4.51689962e-02
  3.40500000e+00   1.75354107e-02  -1.51995347e-02   4.56200224e-02
  3.41000000e+00   1.75450373e-02  -1.67080098e-02   4.60506683e-02
  3.41500000e+00   1.75990752e-02  -1.82213359e-02   4.64605090e-02
  3.42000000e+00   1.76974711e-02  -1.97380197e-02   4.68491399e-02
  3.42500000e+00   1.78401279e-02  -2.12565644e-02   4.72161776e-02
  3.43000000e+00   1.80269047e-02  -2.27754712e-02   4.75612599e-02
  3.43500000e+00   1.82576173e-02  -2.42932414e-02   4.78840461e-02
  3.44000000e+00   1.85320379e-02  -2.58083770e-02   4.81842178e-02
  3.44500000e+00   1.88498958e-02  -2.73193827e-02   4.84614786e-02
  3.45000000e+00   1.92108772e-02  -2.88247674e-02   4.87155550e-02
  3.45500000e+00   1.96146259e-02  -3.03230454e-02   4.89461962e-02
  3.46000000e+00   2.00607435e-02  -3.18127382e-02   4.91531747e-02
  3.46500000e+00   2.05487897e-02  -3.32923755e-02   4.93362861e-02
  3.47000000e+00   2.10782829e-02  -3.47604972e-02   4.94953498e-02
  3.47500000e+00   2.16487004e-02  -3.62156544e-02   4.96302087e-02
  3.48000000e+00   2.22594795e-02  -3.76564109e-02   4.97407298e-02
  3.48500000e+00   2.29100172e-02  -3.90813451e-02   4.98268040e-02
  3.49000000e+00   2.35996717e-02  -4.04890506e-02   4.98883463e-02
  3.49500000e+00   2.43277622e-02  -4.18781382e-02   4.99252961e-02
  3.50000000e+00   2.50935703e-02  -4.32472371e-02   4.99376168e-02
  3.50500000e+00   2.58963402e-02  -4.45949960e-02   4.99252964e-02
  3.51000000e+00   2.67352797e-02  -4.59200850e-02   4.98883469e-02
  3.51500000e+00   2.76095608e-02  -4.72211963e-02   4.98268048e-02
  3.52000000e+00   2.85183207e-02  -4.84970459e-02   4.97407309e-02
  3.52500000e+00   2.94606626e-02  -4.97463746e-02   4.96302101e-02
  3.53000000e+00   3.04356566e-02  -5.09679496e-02   4.94953514e-02
  3.53500000e+00   3.14423403e-02  -5.21605653e-02   4.93362881e-02
  3.54000000e+00   3.24797204e-02  -5.33230447e-02   4.91531769e-02
  3.54500000e+00   3.35467730e-02  -5.44542406e-02   4.89461987e-02
  3.55000000e+00   3.46424452e-02  -5.55530367e-02   4.87155578e-02
  3.55500000e+00   3.57656555e-02  -5.66183485e-02   4.84614816e-02
  3.56000000e+00   3.69152957e-02  -5.76491248e-02   4.81842210e-02
  3.56500000e+00   3.80902309e-02  -5.86443482e-02   4.78840496e-02
  3.57000000e+00   3.92893019e-02  -5.96030367e-02   4.75612637e-02
  3.57500000e+00   4.05113252e-02  -6.05242440e-02   4.72161817e-02
  3.58000000e+00   4.17550948e-02  -6.14070611e-02   4.68491442e-02
  3.58500000e+00   4.30193834e-02  -6.22506168e-02   4.64605135e-02
  3.59000000e+00   4.43029431e-02  -6.30540786e-02   4.60506731e-02
  3.59500000e+00   4.56045073e-02  -6.38166535e-02   4.56200274e-02
  3.60000000e+00   4.69227914e-02  -6.45375889e-02   4.51690015e-02
  3.60500000e+00   4.82564946e-02  -6.52161735e-02   4.46980404e-02
  3.61000000e+00   4.96043006e-02  -6.58517375e-02   4.42076089e-02
  3.61500000e+00   5.09648792e-02  -6.64436536e-02   4.36981911e-02
  3.62000000e+00   5.23368878e-02  -6.69913378e-02   4.31702896e-02
  3.62500000e+00   5.37189723e-02  -6.74942496e-02   4.26244254e-02
  3.63000000e+00   5.51097688e-02  -6.79518926e-02   4.20611373e-02
  3.63500000e+00   5.65079047e-02  -6.83638151e-02   4.14809812e-02
  3.64000000e+00   5.79120003e-02  -6.87296108e-02   4.08845295e-02
  3.64500000e+00   5.93206699e-02  -6.90489185e-02   4.02723709e-02
  3.65000000e+00   6.07325232e-02  -6.93214232e-02   3.96451095e-02
  3.65500000e+00   6.21461670e-02  -6.95468559e-02   3.90033645e-02
  3.66000000e+00   6.35602062e-02  -6.97249941e-02   3.83477690e-02
  3.66500000e+00   6.49732453e-02  -6.98556622e-02   3.76789700e-02
  3.67000000e+00   6.63838897e-02  -6.99387310e-02   3.69976277e-02
  3.67500000e+00   6.77907474e-02  -6.99741186e-02   3.63044144e-02
  3.68000000e+00   6.91924299e-02  -6.99617902e-02   3.56000142e-02
  3.68500000e+00   7.05875540e-02  -6.99017578e-02   3.48851223e-02
  3.69000000e+00   7.19747428e-02  -6.97940807e-02   3.41604442e-02
  3.69500000e+00   7.33526273e-02  -6.96388652e-02   3.34266951e-02
  3.70000000e+00   7.47198478e-02  -6.94362644e-02   3.26845991e-02
  3.70500000e+00   7.60750550e-02  -6.91864784e-02   3.19348885e-02
  3.71000000e+00   7.74169114e-02  -6.88897535e-02   3.11783032e-02
  3.71500000e+00   7.87440927e-02  -6.85463827e-02   3.04155899e-02
  3.72000000e+00   8.00552893e-02  -6.81567048e-02   2.96475013e-02
  3.72500000e+00   8.13492071e-02  -6.77211043e-02   2.88747953e-02
  3.73000000e+00   8.26245692e-02  -6.72400112e-02   2.80982347e-02
  3.73500000e+00   8.38801170e-02  -6.67139002e-02   2.73185856e-02
  3.74000000e+00   8.51146113e-02  -6.61432906e-02   2.65366177e-02
  3.74500000e+00   8.63268339e-02  -6.55287455e-02   2.57531025e-02
  3.75000000e+00   8.75155885e-02  -6.48708712e-02   2.49688132e-02
  3.75500000e+00   8.86797019e-02  -6.41703172e-02   2.41845240e-02
  3.76000000e+00   8.98180252e-02  -6.34277747e-02   2.34010088e-02
  3.76500000e+00   9.09294351e-02  -6.26439766e-02   2.26190408e-02
  3.77000000e+00   9.20128348e-02  -6.18196963e-02   2.18393917e-02
  3.77500000e+00   9.30671551e-02  -6.09557474e-02   2.10628310e-02
  3.78000000e+00   9.40913554e-02  -6.00529824e-02   2.02901251e-02
  3.78500000e+00   9.50844251e-02  -5.91122922e-02   1.95220364e-02
  3.79000000e+00   9.60453840e-02  -5.81346053e-02   1.87593230e-02
  3.79500000e+00   9.69732839e-02  -5.71208864e-02   1.80027377e-02
  3.80000000e+00   9.78672089e-02  -5.60721361e-02   1.72530270e-02
  3.80500000e+00   9.87262770e-02  -5.49893892e-02   1.65109308e-02
  3.81000000e+00   9.95496403e-02  -5.38737143e-02   1.57771816e-02
  3.81500000e+00   1.00336486e-01  -5.27262125e-02   1.50525034e-02
  3.82000000e+00   1.01086038e-01  -5.15480162e-02   1.43376113e-02
  3.82500000e+00   1.01797557e-01  -5.03402881e-02   1.36332110e-02
  3.83000000e+00   1.02470340e-01  -4.91042201e-02   1.29399976e-02
  3.83500000e+00   1.03103723e-01  -4.78410321e-02   1.22586551e-02
  3.84000000e+00   1.03697081e-01  -4.65519707e-02   1.15898561e-02
  3.84500000e+00   1.04249829e-01  -4.52383080e-02   1.09342604e-02
  3.85000000e+00   1.04761420e-01  -4.39013404e-02   1.02925151e-02
  3.85500000e+00   1.05231352e-01  -4.25423875e-02   9.66525359e-03
  3.86000000e+00   1.05659158e-01  -4.11627902e-02   9.05309482e-03
  3.86500000e+00   1.06044418e-01  -3.97639102e-02   8.45664294e-03
  3.87000000e+00   1.06386751e-01  -3.83471279e-02   7.87648657e-03
  3.87500000e+00   1.06685820e-01  -3.69138415e-02   7.31319826e-03
  3.88000000e+00   1.06941328e-01  -3.54654655e-02   6.76733391e-03
  3.88500000e+00   1.07153025e-01  -3.40034293e-02   6.23943221e-03
  3.89000000e+00   1.07320700e-01  -3.25291757e-02   5.73001414e-03
  3.89500000e+00   1.07444189e-01  -3.10441596e-02   5.23958245e-03
  3.90000000e+00   1.07523370e-01  -2.95498466e-02   4.76862111e-03
  3.90500000e+00   1.07558164e-01  -2.80477114e-02   4.31759492e-03
  3.91000000e+00   1.07548537e-01  -2.65392363e-02   3.88694899e-03
  3.91500000e+00   1.07494499e-01  -2.50259102e-02   3.47710831e-03
  3.92000000e+00   1.07396104e-01  -2.35092264e-02   3.08847733e-03
  3.92500000e+00   1.07253447e-01  -2.19906818e-02   2.72143961e-03
  3.93000000e+00   1.07066670e-01  -2.04717749e-02   2.37635735e-03
  3.93500000e+00   1.06835957e-01  -1.89540047e-02   2.05357111e-03
  3.94000000e+00   1.06561537e-01  -1.74388691e-02   1.75339944e-03
  3.94500000e+00   1.06243679e-01  -1.59278634e-02   1.47613858e-03
  3.95000000e+00   1.05882698e-01  -1.44224787e-02   1.22206215e-03
  3.95500000e+00   1.05478949e-01  -1.29242007e-02   9.91420889e-04
  3.96000000e+00   1.05032831e-01  -1.14345079e-02   7.84442414e-04
  3.96500000e+00   1.04544785e-01  -9.95487057e-03   6.01330989e-04
  3.97000000e+00   1.04015292e-01  -8.48674889e-03   4.42267321e-04
  3.97500000e+00   1.03444875e-01  -7.03159171e-03   3.07408388e-04
  3.98000000e+00   1.02834096e-01  -5.59083511e-03   1.96887279e-04
  3.98500000e+00   1.02183558e-01  -4.16590093e-03   1.10813065e-04
  3.99000000e+00   1.01493903e-01  -2.75819541e-03   4.92706916e-05
  3.99500000e+00   1.00765813e-01  -1.36910779e-03   1.23208926e-05
  4.00000000e+00   1.00000005e-01  -8.93537459e-09   1.33343941e-10
  4.00500000e+00   9.91972350e-02   1.34775003e-03   1.23205730e-05
  4.01000000e+00   9.83582956e-02   2.67283902e-03   4.92700528e-05
  4.01500000e+00   9.74840145e-02   3.97395034e-03   1.10812108e-04
  4.02000000e+00   9.65752546e-02   5.24979994e-03   1.96886004e-04
  4.02500000e+00   9.56329127e-02   6.49912872e-03   3.07406797e-04
  4.03000000e+00   9.46579188e-02   7.72070374e-03   4.42265415e-04
  4.03500000e+00   9.36512351e-02   8.91331946e-03   6.01328769e-04
  4.04000000e+00   9.26138550e-02   1.00757989e-02   7.84439884e-04
  4.04500000e+00   9.15468024e-02   1.12069948e-02   9.91418050e-04
  4.05000000e+00   9.04511303e-02   1.23057909e-02   1.22205901e-03
  4.05500000e+00   8.93279199e-02   1.33711028e-02   1.47613514e-03
  4.06000000e+00   8.81782799e-02   1.44018790e-02   1.75339570e-03
  4.06500000e+00   8.70033446e-02   1.53971025e-02   2.05356707e-03
  4.07000000e+00   8.58042736e-02   1.63557910e-02   2.37635302e-03
  4.07500000e+00   8.45822504e-02   1.72769984e-02   2.72143499e-03
  4.08000000e+00   8.33384807e-02   1.81598155e-02   3.08847243e-03
  4.08500000e+00   8.20741922e-02   1.90033712e-02   3.47710313e-03
  4.09000000e+00   8.07906325e-02   1.98068330e-02   3.88694354e-03
  4.09500000e+00   7.94890684e-02   2.05694079e-02   4.31758920e-03
  4.10000000e+00   7.81707842e-02   2.12903434e-02   4.76861513e-03
  4.10500000e+00   7.68370811e-02   2.19689280e-02   5.23957621e-03
  4.11000000e+00   7.54892751e-02   2.26044920e-02   5.73000766e-03
  4.11500000e+00   7.41286965e-02   2.31964082e-02   6.23942548e-03
  4.12000000e+00   7.27566879e-02   2.37440925e-02   6.76732694e-03
  4.12500000e+00   7.13746034e-02   2.42470043e-02   7.31319107e-03
  4.13000000e+00   6.99838069e-02   2.47046473e-02   7.87647916e-03
  4.13500000e+00   6.85856710e-02   2.51165699e-02   8.45663531e-03
  4.14000000e+00   6.71815754e-02   2.54823656e-02   9.05308698e-03
  4.14500000e+00   6.57729058e-02   2.58016733e-02   9.66524555e-03
  4.15000000e+00   6.43610525e-02   2.60741781e-02   1.02925069e-02
  4.15500000e+00   6.29474087e-02   2.62996108e-02   1.09342520e-02
  4.16000000e+00   6.15333695e-02   2.64777491e-02   1.15898475e-02
  4.16500000e+00   6.01203305e-02   2.66084172e-02   1.22586464e-02
  4.17000000e+00   5.87096860e-02   2.66914860e-02   1.29399887e-02
  4.17500000e+00   5.73028283e-02   2.67268737e-02   1.36332020e-02
  4.18000000e+00   5.59011458e-02   2.67145453e-02   1.43376021e-02
  4.18500000e+00   5.45060217e-02   2.66545129e-02   1.50524940e-02
  4.19000000e+00   5.31188329e-02   2.65468359e-02   1.57771721e-02
  4.19500000e+00   5.17409484e-02   2.63916204e-02   1.65109212e-02
  4.20000000e+00   5.03737279e-02   2.61890197e-02   1.72530173e-02
  4.20500000e+00   4.90185207e-02   2.59392337e-02   1.80027279e-02
  4.21000000e+00   4.76766643e-02   2.56425089e-02   1.87593132e-02
  4.21500000e+00   4.63494829e-02   2.52991381e-02   1.95220265e-02
  4.22000000e+00   4.50382863e-02   2.49094602e-02   2.02901151e-02
  4.22500000e+00   4.37443685e-02   2.44738598e-02   2.10628210e-02
  4.23000000e+00   4.24690064e-02   2.39927667e-02   2.18393816e-02
  4.23500000e+00   4.12134586e-02   2.34666558e-02   2.26190307e-02
  4.24000000e+00   3.99789643e-02   2.28960462e-02   2.34009986e-02
  4.24500000e+00   3.87667417e-02   2.22815011e-02   2.41845138e-02
  4.25000000e+00   3.75779871e-02   2.16236269e-02   2.49688031e-02
  4.25500000e+00   3.64138737e-02   2.09230729e-02   2.57530923e-02
  4.26000000e+00   3.52755503e-02   2.01805304e-02   2.65366075e-02
  4.26500000e+00   3.41641404e-02   1.93967323e-02   2.73185755e-02
  4.27000000e+00   3.30807407e-02   1.85724521e-02   2.80982246e-02
  4.27500000e+00   3.20264204e-02   1.77085032e-02   2.88747853e-02
  4.28000000e+00   3.10022200e-02   1.68057382e-02   2.96474912e-02
  4.28500000e+00   3.00091503e-02   1.58650481e-02   3.04155799e-02
  4.29000000e+00   2.90481914e-02   1.48873612e-02   3.11782933e-02
  4.29500000e+00   2.81202915e-02   1.38736424e-02   3.19348787e-02
  4.30000000e+00   2.72263664e-02   1.28248920e-02   3.26845894e-02
  4.30500000e+00   2.63672983e-02   1.17421452e-02   3.34266855e-02
  4.31000000e+00   2.55439350e-02   1.06264703e-02   3.41604348e-02
  4.31500000e+00   2.47570890e-02   9.47896852e-03   3.48851130e-02
  4.32000000e+00   2.40075369e-02   8.30077222e-03   3.56000050e-02
  4.32500000e+00   2.32960184e-02   7.09304416e-03   3.63044053e-02
  4.33000000e+00   2.26232356e-02   5.85697621e-03   3.69976188e-02
  4.33500000e+00   2.19898526e-02   4.59378823e-03   3.76789613e-02
  4.34000000e+00   2.13964944e-02   3.30472683e-03   3.83477603e-02
  4.34500000e+00   2.08437465e-02   1.99106416e-03   3.90033560e-02
  4.35000000e+00   2.03321545e-02   6.54096645e-04   3.96451013e-02
  4.35500000e+00   1.98622233e-02  -7.04856288e-04   4.02723628e-02
  4.36000000e+00   1.94344166e-02  -2.08445352e-03   4.08845216e-02
  4.36500000e+00   1.90491565e-02  -3.48333355e-03   4.14809735e-02
  4.37000000e+00   1.87068234e-02  -4.90011585e-03   4.20611299e-02
  4.37500000e+00   1.84077550e-02  -6.33340224e-03   4.26244182e-02
  4.38000000e+00   1.81522466e-02  -7.78177822e-03   4.31702826e-02
  4.38500000e+00   1.79405502e-02  -9.24381444e-03   4.36981843e-02
  4.39000000e+00   1.77728747e-02  -1.07180680e-02   4.42076024e-02
  4.39500000e+00   1.76493857e-02  -1.22030841e-02   4.46980341e-02
  4.40000000e+00   1.75702050e-02  -1.36973971e-02   4.51689954e-02
  4.40500000e+00   1.75354108e-02  -1.51995323e-02   4.56200216e-02
  4.41000000e+00   1.75450373e-02  -1.67080073e-02   4.60506676e-02
  4.41500000e+00   1.75990752e-02  -1.82213335e-02   4.64605083e-02
  4.42000000e+00   1.76974710e-02  -1.97380172e-02   4.68491393e-02
  4.42500000e+00   1.78401277e-02  -2.12565619e-02   4.72161770e-02
  4.43000000e+00   1.80269044e-02  -2.27754688e-02   4.75612593e-02
  4.43500000e+00   1.82576169e-02  -2.42932389e-02   4.78840456e-02
  4.44000000e+00   1.85320375e-02  -2.58083745e-02   4.81842173e-02
  4.44500000e+00   1.88498953e-02  -2.73193802e-02   4.84614781e-02
  4.45000000e+00   1.92108766e-02  -2.88247649e-02   4.87155546e-02
  4.45500000e+00   1.96146253e-02  -3.03230430e-02   4.89461959e-02
  4.46000000e+00   2.00607428e-02  -3.18127358e-02   4.91531744e-02
  4.46500000e+00   2.05487890e-02  -3.32923731e-02   4.93362858e-02
  4.47000000e+00   2.10782821e-02  -3.47604948e-02   4.94953495e-02
  4.47500000e+00   2.16486995e-02  -3.62156520e-02   4.96302084e-02
  4.48000000e+00   2.22594785e-02  -3.76564086e-02   4.97407296e-02
  4.48500000e+00   2.29100162e-02  -3.90813428e-02   4.98268038e-02
  4.49000000e+00   2.35996706e-02  -4.04890483e-02   4.98883462e-02
  4.49500000e+00   2.43277610e-02  -4.18781360e-02   4.99252960e-02
  4.50000000e+00   2.50935691e-02  -4.32472348e-02   4.99376168e-02
  4.50500000e+00   2.58963389e-02  -4.45949938e-02   4.99252964e-02
  4.51000000e+00   2.67352783e-02  -4.59200828e-02   4.98883469e-02
  4.51500000e+00   2.76095594e-02  -4.72211942e-02   4.98268049e-02
  4.52000000e+00   2.85183193e-02  -4.84970438e-02   4.97407310e-02
  4.52500000e+00   2.94606611e-02  -4.97463726e-02   4.96302102e-02
  4.53000000e+00   3.04356550e-02  -5.09679476e-02   4.94953516e-02
  4.53500000e+00   3.14423387e-02  -5.21605634e-02   4.93362883e-02
  4.54000000e+00   3.24797187e-02  -5.33230428e-02   4.91531772e-02
  4.54500000e+00   3.35467713e-02  -5.44542388e-02   4.89461991e-02
  4.55000000e+00   3.46424434e-02  -5.55530349e-02   4.87155581e-02
  4.55500000e+00   3.57656537e-02  -5.66183468e-02   4.84614820e-02
  4.56000000e+00   3.69152938e-02  -5.76491231e-02   4.81842215e-02
  4.56500000e+00   3.80902291e-02  -5.86443466e-02   4.78840501e-02
  4.57000000e+00   3.92893000e-02  -5.96030351e-02   4.75612642e-02
  4.57500000e+00   4.05113232e-02  -6.05242425e-02   4.72161822e-02
  4.58000000e+00   4.17550928e-02  -6.14070597e-02   4.68491448e-02
  4.58500000e+00   4.30193813e-02  -6.22506154e-02   4.64605141e-02
  4.59000000e+00   4.43029410e-02  -6.30540772e-02   4.60506737e-02
  4.59500000e+00   4.56045052e-02  -6.38166522e-02   4.56200281e-02
  4.60000000e+00   4.69227893e-02  -6.45375877e-02   4.51690022e-02
  4.60500000e+00   4.82564924e-02  -6.52161724e-02   4.46980411e-02
  4.61000000e+00   4.96042984e-02  -6.58517364e-02   4.42076097e-02
  4.61500000e+00   5.09648770e-02  -6.64436526e-02   4.36981919e-02
  4.62000000e+00   5.23368855e-02  -6.69913369e-02   4.31702904e-02
  4.62500000e+00   5.37189700e-02  -6.74942487e-02   4.26244263e-02
  4.63000000e+00   5.51097665e-02  -6.79518918e-02   4.20611382e-02
  4.63500000e+00   5.65079025e-02  -6.83638144e-02   4.14809821e-02
  4.64000000e+00   5.79119980e-02  -6.87296101e-02   4.08845304e-02
  4.64500000e+00   5.93206676e-02  -6.90489179e-02   4.02723719e-02
  4.65000000e+00   6.07325209e-02  -6.93214227e-02   3.96451106e-02
  4.65500000e+00   6.21461648e-02  -6.95468555e-02   3.90033655e-02
  4.66000000e+00   6.35602039e-02  -6.97249938e-02   3.83477700e-02
  4.66500000e+00   6.49732430e-02  -6.98556619e-02   3.76789711e-02
  4.67000000e+00   6.63838874e-02  -6.99387308e-02   3.69976288e-02
  4.67500000e+00   6.77907451e-02  -6.99741185e-02   3.63044155e-02
  4.68000000e+00   6.91924276e-02  -6.99617902e-02   3.56000154e-02
  4.68500000e+00   7.05875517e-02  -6.99017578e-02   3.48851235e-02
  4.69000000e+00   7.19747405e-02  -6.97940808e-02   3.41604454e-02
  4.69500000e+00   7.33526251e-02  -6.96388654e-02   3.34266963e-02
  4.70000000e+00   7.47198456e-02  -6.94362647e-02   3.26846003e-02
  4.70500000e+00   7.60750528e-02  -6.91864787e-02   3.19348897e-02
  4.71000000e+00   7.74169092e-02  -6.88897540e-02   3.11783044e-02
  4.71500000e+00   7.87440906e-02  -6.85463832e-02   3.04155911e-02
  4.72000000e+00   8.00552872e-02  -6.81567054e-02   2.96475025e-02
  4.72500000e+00   8.13492050e-02  -6.77211050e-02   2.88747966e-02
  4.73000000e+00   8.26245672e-02  -6.72400120e-02   2.80982359e-02
  4.73500000e+00   8.38801149e-02  -6.67139011e-02   2.73185869e-02
  4.74000000e+00   8.51146093e-02  -6.61432915e-02   2.65366189e-02
  4.74500000e+00   8.63268319e-02  -6.55287464e-02   2.57531037e-02
  4.75000000e+00   8.75155865e-02  -6.48708723e-02   2.49688145e-02
  4.75500000e+00   8.86797000e-02  -6.41703183e-02   2.41845253e-02
  4.76000000e+00   8.98180233e-02  -6.34277759e-02   2.34010101e-02
  4.76500000e+00   9.09294333e-02  -6.26439778e-02   2.26190421e-02
  4.77000000e+00   9.20128330e-02  -6.18196976e-02   2.18393930e-02
  4.77500000e+00   9.30671533e-02  -6.09557488e-02   2.10628323e-02
  4.78000000e+00   9.40913537e-02  -6.00529838e-02   2.02901263e-02
  4.78500000e+00   9.50844234e-02  -5.91122937e-02   1.95220376e-02
  4.79000000e+00   9.60453824e-02  -5.81346069e-02   1.87593243e-02
  4.79500000e+00   9.69732823e-02  -5.71208881e-02   1.80027389e-02
  4.80000000e+00   9.78672075e-02  -5.60721378e-02   1.72530282e-02
  4.80500000e+00   9.87262756e-02  -5.49893909e-02   1.65109320e-02
  4.81000000e+00   9.95496389e-02  -5.38737161e-02   1.57771828e-02
  4.81500000e+00   1.00336485e-01  -5.27262143e-02   1.50525045e-02
  4.82000000e+00   1.01086037e-01  -5.15480180e-02   1.43376125e-02
  4.82500000e+00   1.01797556e-01  -5.03402900e-02   1.36332122e-02
  4.83000000e+00   1.02470338e-01  -4.91042221e-02   1.29399987e-02
  4.83500000e+00   1.03103721e-01  -4.78410341e-02   1.22586562e-02
  4.84000000e+00   1.03697080e-01  -4.65519727e-02   1.15898571e-02
  4.84500000e+00   1.04249828e-01  -4.52383101e-02   1.09342615e-02
  4.85000000e+00   1.04761420e-01  -4.39013426e-02   1.02925162e-02
  4.85500000e+00   1.05231351e-01  -4.25423897e-02   9.66525462e-03
  4.86000000e+00   1.05659158e-01  -4.11627925e-02   9.05309583e-03
  4.86500000e+00   1.06044418e-01  -3.97639125e-02   8.45664392e-03
  4.87000000e+00   1.06386751e-01  -3.83471302e-02   7.87648752e-03
  4.87500000e+00   1.06685819e-01  -3.69138438e-02   7.31319919e-03
  4.88000000e+00   1.06941328e-01  -3.54654678e-02   6.76733480e-03
  4.88500000e+00   1.07153024e-01  -3.40034316e-02   6.23943308e-03
  4.89000000e+00   1.07320700e-01  -3.25291780e-02   5.73001498e-03
  4.89500000e+00   1.07444189e-01  -3.10441620e-02   5.23958325e-03
  4.90000000e+00   1.07523370e-01  -2.95498490e-02   4.76862189e-03
  4.90500000e+00   1.07558164e-01  -2.80477138e-02   4.31759567e-03
  4.91000000e+00   1.07548537e-01  -2.65392388e-02   3.88694970e-03
  4.91500000e+00   1.07494499e-01  -2.50259127e-02   3.47710898e-03
  4.92000000e+00   1.07396104e-01  -2.35092289e-02   3.08847798e-03
  4.92500000e+00   1.07253447e-01  -2.19906842e-02   2.72144021e-03
  4.93000000e+00   1.07066670e-01  -2.04717773e-02   2.37635792e-03
  4.93500000e+00   1.06835958e-01  -1.89540072e-02   2.05357165e-03
  4.94000000e+00   1.06561537e-01  -1.74388716e-02   1.75339994e-03
  4.94500000e+00   1.06243680e-01  -1.59278659e-02   1.47613904e-03
  4.95000000e+00   1.05882698e-01  -1.44224812e-02   1.22206257e-03
  4.95500000e+00   1.05478950e-01  -1.29242031e-02   9.91421276e-04
  4.96000000e+00   1.05032832e-01  -1.14345103e-02   7.84442763e-04
  4.96500000e+00   1.04544786e-01  -9.95487298e-03   6.01331299e-04
  4.97000000e+00   1.04015293e-01  -8.48675128e-03   4.42267592e-04
  4.97500000e+00   1.03444875e-01  -7.03159408e-03   3.07408620e-04
  4.98000000e+00   1.02834097e-01  -5.59083745e-03   1.96887472e-04
  4.98500000e+00   1.02183559e-01  -4.16590325e-03   1.10813218e-04
  4.99000000e+00   1.01493905e-01  -2.75819771e-03   4.92708048e-05
