  0.00000000e+00   1.00000000e-01   0.00000000e+00   0.00000000e+00
  0.00000000e+00   9.91964930e-02   1.32123392e-03   1.58722895e-03
  0.00000000e+00   9.83707079e-02   2.59833331e-03   3.19833903e-03
  0.00000000e+00   9.75240475e-02   3.83040579e-03   4.83288653e-03
  0.00000000e+00   9.66579340e-02   5.01660379e-03   6.49040499e-03
  0.00000000e+00   9.57738079e-02   6.15612535e-03   8.17040569e-03
  0.00000000e+00   9.48731264e-02   7.24821486e-03   9.87237815e-03
  0.00000000e+00   9.39573619e-02   8.29216381e-03   1.15957907e-02
  0.00000000e+00   9.30280008e-02   9.28731141e-03   1.33400908e-02
  0.00000000e+00   9.20865420e-02   1.02330452e-02   1.51047059e-02
  0.00000000e+00   9.11344950e-02   1.11288018e-02   1.68890438e-02
  0.00000000e+00   9.01733790e-02   1.19740671e-02   1.86924935e-02
  0.00000000e+00   8.92047210e-02   1.27683770e-02   2.05144253e-02
  0.00000000e+00   8.82300543e-02   1.35113178e-02   2.23541920e-02
  0.00000000e+00   8.72509174e-02   1.42025263e-02   2.42111292e-02
  0.00000000e+00   8.62688520e-02   1.48416907e-02   2.60845561e-02
  0.00000000e+00   8.52854016e-02   1.54285502e-02   2.79737761e-02
  0.00000000e+00   8.43021102e-02   1.59628957e-02   2.98780778e-02
  0.00000000e+00   8.33205206e-02   1.64445699e-02   3.17967350e-02
  0.00000000e+00   8.23421730e-02   1.68734671e-02   3.37290082e-02
  0.00000000e+00   8.13686033e-02   1.72495336e-02   3.56741449e-02
  0.00000000e+00   8.04013418e-02   1.75727678e-02   3.76313805e-02
  0.00000000e+00   7.94419114e-02   1.78432197e-02   3.95999390e-02
  0.00000000e+00   7.84918267e-02   1.80609914e-02   4.15790338e-02
  0.00000000e+00   7.75525917e-02   1.82262364e-02   4.35678684e-02
  0.00000000e+00   7.66256992e-02   1.83391599e-02   4.55656372e-02
  0.00000000e+00   7.57126286e-02   1.84000183e-02   4.75715266e-02
  0.00000000e+00   7.48148448e-02   1.84091189e-02   4.95847153e-02
  0.00000000e+00   7.39337970e-02   1.83668198e-02   5.16043755e-02
  0.00000000e+00   7.30709166e-02   1.82735292e-02   5.36296734e-02
  0.00000000e+00   7.22276165e-02   1.81297051e-02   5.56597706e-02
  0.00000000e+00   7.14052894e-02   1.79358550e-02   5.76938240e-02
  0.00000000e+00   7.06053065e-02   1.76925351e-02   5.97309876e-02
  0.00000000e+00   6.98290162e-02   1.74003498e-02   6.17704128e-02
  0.00000000e+00   6.90777427e-02   1.70599512e-02   6.38112491e-02
  0.00000000e+00   6.83527847e-02   1.66720382e-02   6.58526454e-02
  0.00000000e+00   6.76554143e-02   1.62373561e-02   6.78937505e-02
  0.00000000e+00   6.69868756e-02   1.57566956e-02   6.99337142e-02
  0.00000000e+00   6.63483838e-02   1.52308918e-02   7.19716877e-02
  0.00000000e+00   6.57411236e-02   1.46608239e-02   7.40068249e-02
  0.00000000e+00   6.51662481e-02   1.40474140e-02   7.60382831e-02
  0.00000000e+00   6.46248782e-02   1.33916259e-02   7.80652236e-02
  0.00000000e+00   6.41181010e-02   1.26944648e-02   8.00868126e-02
  0.00000000e+00   6.36469688e-02   1.19569755e-02   8.21022225e-02
  0.00000000e+00   6.32124983e-02   1.11802419e-02   8.41106318e-02
  0.00000000e+00   6.28156697e-02   1.03653858e-02   8.61112269e-02
  0.00000000e+00   6.24574253e-02   9.51356571e-03   8.81032019e-02
  0.00000000e+00   6.21386690e-02   8.62597555e-03   9.00857604e-02
  0.00000000e+00   6.18602654e-02   7.70384373e-03   9.20581154e-02
  0.00000000e+00   6.16230389e-02   6.74843177e-03   9.40194906e-02
  0.00000000e+00   6.14277727e-02   5.76103303e-03   9.59691209e-02
  0.00000000e+00   6.12752086e-02   4.74297147e-03   9.79062533e-02
  0.00000000e+00   6.11660458e-02   3.69560032e-03   9.98301476e-02
  0.00000000e+00   6.11009404e-02   2.62030069e-03   1.01740077e-01
  0.00000000e+00   6.10805047e-02   1.51848025e-03   1.03635329e-01
  0.00000000e+00   6.11053071e-02   3.91571799e-04   1.05515206e-01
  0.00000000e+00   6.11758708e-02  -7.58968150e-04   1.07379025e-01
  0.00000000e+00   6.12926738e-02  -1.93166082e-03   1.09226121e-01
  0.00000000e+00   6.14561486e-02  -3.12500663e-03   1.11055845e-01
  0.00000000e+00   6.16666813e-02  -4.33748670e-03   1.12867565e-01
  0.00000000e+00   6.19246117e-02  -5.56756432e-03   1.14660668e-01
  0.00000000e+00   6.22302326e-02  -6.81368650e-03   1.16434559e-01
  0.00000000e+00   6.25837901e-02  -8.07428551e-03   1.18188662e-01
  0.00000000e+00   6.29854828e-02  -9.34778041e-03   1.19922422e-01
  0.00000000e+00   6.34354620e-02  -1.06325786e-02   1.21635303e-01
  0.00000000e+00   6.39338314e-02  -1.19270775e-02   1.23326791e-01
  0.00000000e+00   6.44806471e-02  -1.32296658e-02   1.24996392e-01
  0.00000000e+00   6.50759176e-02  -1.45387257e-02   1.26643636e-01
  0.00000000e+00   6.57196039e-02  -1.58526337e-02   1.28268072e-01
  0.00000000e+00   6.64116193e-02  -1.71697627e-02   1.29869276e-01
  0.00000000e+00   6.71518298e-02  -1.84884837e-02   1.31446843e-01
  0.00000000e+00   6.79400541e-02  -1.98071670e-02   1.33000394e-01
  0.00000000e+00   6.87760639e-02  -2.11241839e-02   1.34529573e-01
  0.00000000e+00   6.96595839e-02  -2.24379087e-02   1.36034048e-01
  0.00000000e+00   7.05902927e-02  -2.37467197e-02   1.37513511e-01
  0.00000000e+00   7.15678224e-02  -2.50490012e-02   1.38967681e-01
  0.00000000e+00   7.25917595e-02  -2.63431450e-02   1.40396299e-01
  0.00000000e+00   7.36616452e-02  -2.76275519e-02   1.41799133e-01
  0.00000000e+00   7.47769758e-02  -2.89006333e-02   1.43175978e-01
  0.00000000e+00   7.59372033e-02  -3.01608128e-02   1.44526651e-01
  0.00000000e+00   7.71417360e-02  -3.14065275e-02   1.45850997e-01
  0.00000000e+00   7.83899390e-02  -3.26362300e-02   1.47148887e-01
  0.00000000e+00   7.96811350e-02  -3.38483896e-02   1.48420218e-01
  0.00000000e+00   8.10146048e-02  -3.50414935e-02   1.49664913e-01
  0.00000000e+00   8.23895883e-02  -3.62140491e-02   1.50882920e-01
  0.00000000e+00   8.38052848e-02  -3.73645845e-02   1.52074216e-01
  0.00000000e+00   8.52608546e-02  -3.84916507e-02   1.53238802e-01
  0.00000000e+00   8.67554189e-02  -3.95938225e-02   1.54376706e-01
  0.00000000e+00   8.82880615e-02  -4.06697002e-02   1.55487982e-01
  0.00000000e+00   8.98578292e-02  -4.17179108e-02   1.56572709e-01
  0.00000000e+00   9.14637331e-02  -4.27371095e-02   1.57630996e-01
  0.00000000e+00   9.31047493e-02  -4.37259805e-02   1.58662972e-01
  0.00000000e+00   9.47798202e-02  -4.46832390e-02   1.59668797e-01
  0.00000000e+00   9.64878553e-02  -4.56076320e-02   1.60648654e-01
  0.00000000e+00   9.82277326e-02  -4.64979396e-02   1.61602752e-01
  0.00000000e+00   9.99982994e-02  -4.73529760e-02   1.62531325e-01
  0.00000000e+00   1.01798374e-01  -4.81715912e-02   1.63434631e-01
  0.00000000e+00   1.03626745e-01  -4.89526713e-02   1.64312955e-01
  0.00000000e+00   1.05482177e-01  -4.96951403e-02   1.65166605e-01
  0.00000000e+00   1.07363405e-01  -5.03979607e-02   1.65995912e-01
  0.00000000e+00   1.09269142e-01  -5.10601346e-02   1.66801232e-01
  0.00000000e+00   1.11198079e-01  -5.16807048e-02   1.67582944e-01
  0.00000000e+00   1.13148880e-01  -5.22587555e-02   1.68341451e-01
  0.00000000e+00   1.15120195e-01  -5.27934131e-02   1.69077177e-01
  0.00000000e+00   1.17110649e-01  -5.32838476e-02   1.69790568e-01
  0.00000000e+00   1.19118852e-01  -5.37292727e-02   1.70482092e-01
  0.00000000e+00   1.21143397e-01  -5.41289468e-02   1.71152240e-01
  0.00000000e+00   1.23182863e-01  -5.44821739e-02   1.71801522e-01
  0.00000000e+00   1.25235812e-01  -5.47883039e-02   1.72430467e-01
  0.00000000e+00   1.27300797e-01  -5.50467335e-02   1.73039626e-01
  0.00000000e+00   1.29376359e-01  -5.52569066e-02   1.73629567e-01
  0.00000000e+00   1.31461029e-01  -5.54183150e-02   1.74200879e-01
  0.00000000e+00   1.33553330e-01  -5.55304985e-02   1.74754167e-01
  0.00000000e+00   1.35651780e-01  -5.55930458e-02   1.75290053e-01
  0.00000000e+00   1.37754890e-01  -5.56055944e-02   1.75809177e-01
  0.00000000e+00   1.39861168e-01  -5.55678314e-02   1.76312195e-01
  0.00000000e+00   1.41969120e-01  -5.54794932e-02   1.76799778e-01
  0.00000000e+00   1.44077253e-01  -5.53403664e-02   1.77272610e-01
  0.00000000e+00   1.46184071e-01  -5.51502874e-02   1.77731392e-01
  0.00000000e+00   1.48288084e-01  -5.49091429e-02   1.78176837e-01
  0.00000000e+00   1.50387804e-01  -5.46168697e-02   1.78609671e-01
  0.00000000e+00   1.52481748e-01  -5.42734551e-02   1.79030631e-01
  0.00000000e+00   1.54568439e-01  -5.38789363e-02   1.79440466e-01
  0.00000000e+00   1.56646411e-01  -5.34334011e-02   1.79839935e-01
  0.00000000e+00   1.58714204e-01  -5.29369869e-02   1.80229807e-01
  0.00000000e+00   1.60770372e-01  -5.23898814e-02   1.80610861e-01
  0.00000000e+00   1.62813479e-01  -5.17923218e-02   1.80983881e-01
  0.00000000e+00   1.64842104e-01  -5.11445946e-02   1.81349662e-01
  0.00000000e+00   1.66854840e-01  -5.04470356e-02   1.81709003e-01
  0.00000000e+00   1.68850298e-01  -4.97000293e-02   1.82062711e-01
  0.00000000e+00   1.70827107e-01  -4.89040084e-02   1.82411595e-01
  0.00000000e+00   1.72783913e-01  -4.80594536e-02   1.82756472e-01
  0.00000000e+00   1.74719385e-01  -4.71668930e-02   1.83098159e-01
  0.00000000e+00   1.76632213e-01  -4.62269012e-02   1.83437478e-01
  0.00000000e+00   1.78521108e-01  -4.52400995e-02   1.83775251e-01
  0.00000000e+00   1.80384810e-01  -4.42071544e-02   1.84112302e-01
  0.00000000e+00   1.82222080e-01  -4.31287776e-02   1.84449455e-01
  0.00000000e+00   1.84031708e-01  -4.20057246e-02   1.84787535e-01
  0.00000000e+00   1.85812511e-01  -4.08387947e-02   1.85127361e-01
  0.00000000e+00   1.87563337e-01  -3.96288295e-02   1.85469755e-01
  0.00000000e+00   1.89283062e-01  -3.83767124e-02   1.85815532e-01
  0.00000000e+00   1.90970593e-01  -3.70833677e-02   1.86165506e-01
  0.00000000e+00   1.92624873e-01  -3.57497597e-02   1.86520485e-01
  0.00000000e+00   1.94244874e-01  -3.43768913e-02   1.86881271e-01
  0.00000000e+00   1.95829604e-01  -3.29658036e-02   1.87248661e-01
  0.00000000e+00   1.97378107e-01  -3.15175745e-02   1.87623443e-01
  0.00000000e+00   1.98889463e-01  -3.00333176e-02   1.88006401e-01
  0.00000000e+00   2.00362788e-01  -2.85141813e-02   1.88398307e-01
  0.00000000e+00   2.01797237e-01  -2.69613475e-02   1.88799924e-01
  0.00000000e+00   2.03192004e-01  -2.53760304e-02   1.89212007e-01
  0.00000000e+00   2.04546321e-01  -2.37594753e-02   1.89635299e-01
  0.00000000e+00   2.05859462e-01  -2.21129573e-02   1.90070530e-01
  0.00000000e+00   2.07130740e-01  -2.04377804e-02   1.90518422e-01
  0.00000000e+00   2.08359512e-01  -1.87352756e-02   1.90979679e-01
  0.00000000e+00   2.09545175e-01  -1.70068000e-02   1.91454994e-01
  0.00000000e+00   2.10687170e-01  -1.52537354e-02   1.91945047e-01
  0.00000000e+00   2.11784980e-01  -1.34774868e-02   1.92450501e-01
  0.00000000e+00   2.12838134e-01  -1.16794810e-02   1.92972004e-01
  0.00000000e+00   2.13846203e-01  -9.86116530e-03   1.93510188e-01
  0.00000000e+00   2.14808804e-01  -8.02400606e-03   1.94065668e-01
  0.00000000e+00   2.15725597e-01  -6.16948714e-03   1.94639042e-01
  0.00000000e+00   2.16596290e-01  -4.29910852e-03   1.95230889e-01
  0.00000000e+00   2.17420634e-01  -2.41438476e-03   1.95841771e-01
  0.00000000e+00   2.18198427e-01  -5.16843556e-04   1.96472230e-01
  0.00000000e+00   2.18929512e-01   1.39197582e-03   1.97122788e-01
  0.00000000e+00   2.19613780e-01   3.31052401e-03   1.97793948e-01
  0.00000000e+00   2.20251166e-01   5.23724309e-03   1.98486192e-01
  0.00000000e+00   2.20841650e-01   7.17056814e-03   1.99199980e-01
  0.00000000e+00   2.21385263e-01   9.10892876e-03   1.99935753e-01
  0.00000000e+00   2.21882076e-01   1.10507506e-02   2.00693927e-01
  0.00000000e+00   2.22332210e-01   1.29944570e-02   2.01474899e-01
  0.00000000e+00   2.22735831e-01   1.49384705e-02   2.02279040e-01
  0.00000000e+00   2.23093149e-01   1.68812141e-02   2.03106700e-01
  0.00000000e+00   2.23404422e-01   1.88211134e-02   2.03958205e-01
  0.00000000e+00   2.23669950e-01   2.07565977e-02   2.04833859e-01
  0.00000000e+00   2.23890081e-01   2.26861016e-02   2.05733939e-01
  0.00000000e+00   2.24065204e-01   2.46080667e-02   2.06658701e-01
  0.00000000e+00   2.24195754e-01   2.65209429e-02   2.07608374e-01
  0.00000000e+00   2.24282211e-01   2.84231901e-02   2.08583164e-01
  0.00000000e+00   2.24325094e-01   3.03132797e-02   2.09583252e-01
  0.00000000e+00   2.24324968e-01   3.21896959e-02   2.10608792e-01
  0.00000000e+00   2.24282437e-01   3.40509375e-02   2.11659917e-01
  0.00000000e+00   2.24198150e-01   3.58955190e-02   2.12736731e-01
  0.00000000e+00   2.24072793e-01   3.77219724e-02   2.13839315e-01
  0.00000000e+00   2.23907094e-01   3.95288483e-02   2.14967722e-01
  0.00000000e+00   2.23701819e-01   4.13147176e-02   2.16121983e-01
  0.00000000e+00   2.23457773e-01   4.30781728e-02   2.17302102e-01
  0.00000000e+00   2.23175799e-01   4.48178293e-02   2.18508056e-01
  0.00000000e+00   2.22856775e-01   4.65323266e-02   2.19739798e-01
  0.00000000e+00   2.22501617e-01   4.82203300e-02   2.20997258e-01
  0.00000000e+00   2.22111275e-01   4.98805317e-02   2.22280337e-01
  0.00000000e+00   2.21686733e-01   5.15116521e-02   2.23588912e-01
  0.00000000e+00   2.21229006e-01   5.31124408e-02   2.24922837e-01
  0.00000000e+00   2.20739145e-01   5.46816783e-02   2.26281938e-01
  0.00000000e+00   2.20218229e-01   5.62181765e-02   2.27666020e-01
  0.00000000e+00   2.19667367e-01   5.77207807e-02   2.29074860e-01
  0.00000000e+00   2.19087698e-01   5.91883699e-02   2.30508213e-01
  0.00000000e+00   2.18480386e-01   6.06198585e-02   2.31965810e-01
  0.00000000e+00   2.17846625e-01   6.20141968e-02   2.33447358e-01
  0.00000000e+00   2.17187632e-01   6.33703724e-02   2.34952540e-01
  0.00000000e+00   2.16504648e-01   6.46874113e-02   2.36481016e-01
  0.00000000e+00   2.15798937e-01   6.59643781e-02   2.38032425e-01
  0.00000000e+00   2.15071785e-01   6.72003778e-02   2.39606382e-01
  0.00000000e+00   2.14324498e-01   6.83945561e-02   2.41202481e-01
  0.00000000e+00   2.13558400e-01   6.95461002e-02   2.42820294e-01
  0.00000000e+00   2.12774834e-01   7.06542400e-02   2.44459372e-01
  0.00000000e+00   2.11975159e-01   7.17182482e-02   2.46119246e-01
  0.00000000e+00   2.11160748e-01   7.27374417e-02   2.47799427e-01
  0.00000000e+00   2.10332988e-01   7.37111817e-02   2.49499404e-01
  0.00000000e+00   2.09493279e-01   7.46388744e-02   2.51218649e-01
  0.00000000e+00   2.08643032e-01   7.55199717e-02   2.52956617e-01
  0.00000000e+00   2.07783666e-01   7.63539717e-02   2.54712741e-01
  0.00000000e+00   2.06916608e-01   7.71404190e-02   2.56486439e-01
  0.00000000e+00   2.06043294e-01   7.78789054e-02   2.58277113e-01
  0.00000000e+00   2.05165163e-01   7.85690698e-02   2.60084145e-01
  0.00000000e+00   2.04283657e-01   7.92105991e-02   2.61906906e-01
  0.00000000e+00   2.03400224e-01   7.98032280e-02   2.63744749e-01
  0.00000000e+00   2.02516309e-01   8.03467395e-02   2.65597012e-01
  0.00000000e+00   2.01633359e-01   8.08409650e-02   2.67463022e-01
  0.00000000e+00   2.00752818e-01   8.12857844e-02   2.69342091e-01
  0.00000000e+00   1.99876128e-01   8.16811263e-02   2.71233520e-01
  0.00000000e+00   1.99004725e-01   8.20269679e-02   2.73136596e-01
  0.00000000e+00   1.98140038e-01   8.23233350e-02   2.75050596e-01
  0.00000000e+00   1.97283491e-01   8.25703022e-02   2.76974789e-01
  0.00000000e+00   1.96436498e-01   8.27679922e-02   2.78908432e-01
  0.00000000e+00   1.95600461e-01   8.29165766e-02   2.80850773e-01
  0.00000000e+00   1.94776773e-01   8.30162746e-02   2.82801053e-01
  0.00000000e+00   1.93966813e-01   8.30673536e-02   2.84758506e-01
  0.00000000e+00   1.93171944e-01   8.30701285e-02   2.86722359e-01
  0.00000000e+00   1.92393516e-01   8.30249616e-02   2.88691833e-01
  0.00000000e+00   1.91632860e-01   8.29322617e-02   2.90666143e-01
  0.00000000e+00   1.90891290e-01   8.27924845e-02   2.92644503e-01
  0.00000000e+00   1.90170098e-01   8.26061314e-02   2.94626119e-01
  0.00000000e+00   1.89470558e-01   8.23737493e-02   2.96610198e-01
  0.00000000e+00   1.88793921e-01   8.20959299e-02   2.98595944e-01
  0.00000000e+00   1.88141414e-01   8.17733092e-02   3.00582560e-01
  0.00000000e+00   1.87514239e-01   8.14065670e-02   3.02569247e-01
  0.00000000e+00   1.86913575e-01   8.09964256e-02   3.04555208e-01
  0.00000000e+00   1.86340571e-01   8.05436500e-02   3.06539649e-01
  0.00000000e+00   1.85796350e-01   8.00490460e-02   3.08521774e-01
  0.00000000e+00   1.85282006e-01   7.95134606e-02   3.10500792e-01
  0.00000000e+00   1.84798602e-01   7.89377800e-02   3.12475916e-01
  0.00000000e+00   1.84347169e-01   7.83229294e-02   3.14446363e-01
  0.00000000e+00   1.83928709e-01   7.76698721e-02   3.16411355e-01
  0.00000000e+00   1.83544189e-01   7.69796080e-02   3.18370119e-01
  0.00000000e+00   1.83194541e-01   7.62531731e-02   3.20321889e-01
  0.00000000e+00   1.82880664e-01   7.54916382e-02   3.22265908e-01
  0.00000000e+00   1.82603421e-01   7.46961079e-02   3.24201425e-01
  0.00000000e+00   1.82363638e-01   7.38677194e-02   3.26127699e-01
  0.00000000e+00   1.82162102e-01   7.30076417e-02   3.28043998e-01
  0.00000000e+00   1.81999566e-01   7.21170739e-02   3.29949600e-01
  0.00000000e+00   1.81876741e-01   7.11972444e-02   3.31843796e-01
  0.00000000e+00   1.81794298e-01   7.02494096e-02   3.33725886e-01
  0.00000000e+00   1.81752871e-01   6.92748526e-02   3.35595184e-01
  0.00000000e+00   1.81753050e-01   6.82748817e-02   3.37451016e-01
  0.00000000e+00   1.81795386e-01   6.72508296e-02   3.39292723e-01
  0.00000000e+00   1.81880388e-01   6.62040518e-02   3.41119658e-01
  0.00000000e+00   1.82008520e-01   6.51359249e-02   3.42931193e-01
  0.00000000e+00   1.82180208e-01   6.40478461e-02   3.44726711e-01
  0.00000000e+00   1.82395831e-01   6.29412308e-02   3.46505613e-01
  0.00000000e+00   1.82655726e-01   6.18175120e-02   3.48267319e-01
  0.00000000e+00   1.82960187e-01   6.06781385e-02   3.50011262e-01
  0.00000000e+00   1.83309462e-01   5.95245735e-02   3.51736895e-01
  0.00000000e+00   1.83703758e-01   5.83582933e-02   3.53443691e-01
  0.00000000e+00   1.84143233e-01   5.71807856e-02   3.55131139e-01
  0.00000000e+00   1.84628006e-01   5.59935483e-02   3.56798748e-01
  0.00000000e+00   1.85158147e-01   5.47980876e-02   3.58446049e-01
  0.00000000e+00   1.85733684e-01   5.35959173e-02   3.60072590e-01
  0.00000000e+00   1.86354598e-01   5.23885563e-02   3.61677942e-01
  0.00000000e+00   1.87020828e-01   5.11775279e-02   3.63261696e-01
  0.00000000e+00   1.87732267e-01   4.99643580e-02   3.64823465e-01
  0.00000000e+00   1.88488763e-01   4.87505735e-02   3.66362884e-01
  0.00000000e+00   1.89290122e-01   4.75377010e-02   3.67879610e-01
  0.00000000e+00   1.90136105e-01   4.63272652e-02   3.69373322e-01
  0.00000000e+00   1.91026428e-01   4.51207873e-02   3.70843723e-01
  0.00000000e+00   1.91960765e-01   4.39197838e-02   3.72290537e-01
  0.00000000e+00   1.92938747e-01   4.27257648e-02   3.73713514e-01
  0.00000000e+00   1.93959963e-01   4.15402324e-02   3.75112426e-01
  0.00000000e+00   1.95023957e-01   4.03646795e-02   3.76487070e-01
  0.00000000e+00   1.96130234e-01   3.92005883e-02   3.77837264e-01
  0.00000000e+00   1.97278256e-01   3.80494285e-02   3.79162854e-01
  0.00000000e+00   1.98467447e-01   3.69126566e-02   3.80463708e-01
  0.00000000e+00   1.99697188e-01   3.57917134e-02   3.81739718e-01
  0.00000000e+00   2.00966821e-01   3.46880238e-02   3.82990803e-01
  0.00000000e+00   2.02275651e-01   3.36029945e-02   3.84216904e-01
  0.00000000e+00   2.03622944e-01   3.25380130e-02   3.85417988e-01
  0.00000000e+00   2.05007928e-01   3.14944462e-02   3.86594046e-01
  0.00000000e+00   2.06429794e-01   3.04736390e-02   3.87745094e-01
  0.00000000e+00   2.07887700e-01   2.94769133e-02   3.88871172e-01
  0.00000000e+00   2.09380766e-01   2.85055661e-02   3.89972344e-01
  0.00000000e+00   2.10908081e-01   2.75608690e-02   3.91048701e-01
  0.00000000e+00   2.12468697e-01   2.66440663e-02   3.92100355e-01
  0.00000000e+00   2.14061639e-01   2.57563743e-02   3.93127445e-01
  0.00000000e+00   2.15685896e-01   2.48989797e-02   3.94130132e-01
  0.00000000e+00   2.17340429e-01   2.40730388e-02   3.95108603e-01
  0.00000000e+00   2.19024172e-01   2.32796762e-02   3.96063065e-01
  0.00000000e+00   2.20736027e-01   2.25199836e-02   3.96993753e-01
  0.00000000e+00   2.22474871e-01   2.17950192e-02   3.97900923e-01
  0.00000000e+00   2.24239557e-01   2.11058062e-02   3.98784852e-01
  0.00000000e+00   2.26028909e-01   2.04533320e-02   3.99645844e-01
  0.00000000e+00   2.27841732e-01   1.98385472e-02   4.00484222e-01
  0.00000000e+00   2.29676807e-01   1.92623650e-02   4.01300332e-01
  0.00000000e+00   2.31532892e-01   1.87256598e-02   4.02094542e-01
  0.00000000e+00   2.33408728e-01   1.82292667e-02   4.02867241e-01
  0.00000000e+00   2.35303036e-01   1.77739807e-02   4.03618838e-01
  0.00000000e+00   2.37214520e-01   1.73605559e-02   4.04349765e-01
  0.00000000e+00   2.39141869e-01   1.69897048e-02   4.05060470e-01
  0.00000000e+00   2.41083754e-01   1.66620974e-02   4.05751425e-01
  0.00000000e+00   2.43038837e-01   1.63783609e-02   4.06423118e-01
  0.00000000e+00   2.45005764e-01   1.61390791e-02   4.07076058e-01
  0.00000000e+00   2.46983173e-01   1.59447916e-02   4.07710769e-01
  0.00000000e+00   2.48969691e-01   1.57959933e-02   4.08327795e-01
  0.00000000e+00   2.50963938e-01   1.56931344e-02   4.08927696e-01
  0.00000000e+00   2.52964527e-01   1.56366194e-02   4.09511050e-01
  0.00000000e+00   2.54970064e-01   1.56268071e-02   4.10078449e-01
  0.00000000e+00   2.56979153e-01   1.56640101e-02   4.10630500e-01
  0.00000000e+00   2.58990396e-01   1.57484947e-02   4.11167828e-01
  0.00000000e+00   2.61002391e-01   1.58804805e-02   4.11691068e-01
  0.00000000e+00   2.63013740e-01   1.60601403e-02   4.12200870e-01
  0.00000000e+00   2.65023042e-01   1.62875999e-02   4.12697898e-01
  0.00000000e+00   2.67028903e-01   1.65629380e-02   4.13182827e-01
  0.00000000e+00   2.69029932e-01   1.68861863e-02   4.13656343e-01
  0.00000000e+00   2.71024741e-01   1.72573294e-02   4.14119143e-01
  0.00000000e+00   2.73011953e-01   1.76763048e-02   4.14571936e-01
  0.00000000e+00   2.74990198e-01   1.81430030e-02   4.15015437e-01
  0.00000000e+00   2.76958114e-01   1.86572677e-02   4.15450373e-01
  0.00000000e+00   2.78914353e-01   1.92188959e-02   4.15877475e-01
  0.00000000e+00   2.80857576e-01   1.98276384e-02   4.16297487e-01
  0.00000000e+00   2.82786461e-01   2.04831996e-02   4.16711153e-01
  0.00000000e+00   2.84699698e-01   2.11852381e-02   4.17119227e-01
  0.00000000e+00   2.86595996e-01   2.19333674e-02   4.17522468e-01
  0.00000000e+00   2.88474079e-01   2.27271555e-02   4.17921636e-01
  0.00000000e+00   2.90332691e-01   2.35661260e-02   4.18317498e-01
  0.00000000e+00   2.92170596e-01   2.44497585e-02   4.18710822e-01
  0.00000000e+00   2.93986578e-01   2.53774889e-02   4.19102379e-01
  0.00000000e+00   2.95779446e-01   2.63487102e-02   4.19492939e-01
  0.00000000e+00   2.97548030e-01   2.73627731e-02   4.19883276e-01
  0.00000000e+00   2.99291185e-01   2.84189864e-02   4.20274161e-01
  0.00000000e+00   3.01007792e-01   2.95166183e-02   4.20666364e-01
  0.00000000e+00   3.02696759e-01   3.06548964e-02   4.21060654e-01
  0.00000000e+00   3.04357023e-01   3.18330090e-02   4.21457799e-01
  0.00000000e+00   3.05987547e-01   3.30501059e-02   4.21858561e-01
  0.00000000e+00   3.07587327e-01   3.43052990e-02   4.22263699e-01
  0.00000000e+00   3.09155388e-01   3.55976634e-02   4.22673967e-01
  0.00000000e+00   3.10690786e-01   3.69262382e-02   4.23090115e-01
  0.00000000e+00   3.12192613e-01   3.82900277e-02   4.23512884e-01
  0.00000000e+00   3.13659992e-01   3.96880019e-02   4.23943010e-01
  0.00000000e+00   3.15092081e-01   4.11190983e-02   4.24381221e-01
  0.00000000e+00   3.16488072e-01   4.25822223e-02   4.24828236e-01
  0.00000000e+00   3.17847196e-01   4.40762485e-02   4.25284766e-01
  0.00000000e+00   3.19168718e-01   4.56000220e-02   4.25751510e-01
  0.00000000e+00   3.20451942e-01   4.71523594e-02   4.26229160e-01
  0.00000000e+00   3.21696209e-01   4.87320498e-02   4.26718392e-01
  0.00000000e+00   3.22900899e-01   5.03378566e-02   4.27219876e-01
  0.00000000e+00   3.24065432e-01   5.19685179e-02   4.27734264e-01
  0.00000000e+00   3.25189268e-01   5.36227485e-02   4.28262198e-01
  0.00000000e+00   3.26271905e-01   5.52992407e-02   4.28804307e-01
  0.00000000e+00   3.27312885e-01   5.69966659e-02   4.29361202e-01
  0.00000000e+00   3.28311790e-01   5.87136757e-02   4.29933483e-01
  0.00000000e+00   3.29268242e-01   6.04489033e-02   4.30521732e-01
  0.00000000e+00   3.30181907e-01   6.22009651e-02   4.31126517e-01
  0.00000000e+00   3.31052492e-01   6.39684616e-02   4.31748387e-01
  0.00000000e+00   3.31879749e-01   6.57499792e-02   4.32387875e-01
  0.00000000e+00   3.32663469e-01   6.75440913e-02   4.33045497e-01
  0.00000000e+00   3.33403489e-01   6.93493601e-02   4.33721749e-01
  0.00000000e+00   3.34099688e-01   7.11643374e-02   4.34417111e-01
  0.00000000e+00   3.34751987e-01   7.29875667e-02   4.35132042e-01
  0.00000000e+00   3.35360351e-01   7.48175844e-02   4.35866982e-01
  0.00000000e+00   3.35924790e-01   7.66529208e-02   4.36622350e-01
  0.00000000e+00   3.36445355e-01   7.84921022e-02   4.37398547e-01
  0.00000000e+00   3.36922140e-01   8.03336522e-02   4.38195951e-01
  0.00000000e+00   3.37355283e-01   8.21760927e-02   4.39014920e-01
  0.00000000e+00   3.37744965e-01   8.40179460e-02   4.39855791e-01
  0.00000000e+00   3.38091409e-01   8.58577357e-02   4.40718878e-01
  0.00000000e+00   3.38394879e-01   8.76939885e-02   4.41604473e-01
  0.00000000e+00   3.38655684e-01   8.95252356e-02   4.42512848e-01
  0.00000000e+00   3.38874173e-01   9.13500139e-02   4.43444249e-01
  0.00000000e+00   3.39050736e-01   9.31668677e-02   4.44398902e-01
  0.00000000e+00   3.39185805e-01   9.49743502e-02   4.45377009e-01
  0.00000000e+00   3.39279851e-01   9.67710245e-02   4.46378748e-01
  0.00000000e+00   3.39333388e-01   9.85554654e-02   4.47404275e-01
  0.00000000e+00   3.39346965e-01   1.00326261e-01   4.48453722e-01
  0.00000000e+00   3.39321175e-01   1.02082012e-01   4.49527196e-01
  0.00000000e+00   3.39256645e-01   1.03821338e-01   4.50624784e-01
  0.00000000e+00   3.39154042e-01   1.05542872e-01   4.51746545e-01
  0.00000000e+00   3.39014069e-01   1.07245268e-01   4.52892517e-01
  0.00000000e+00   3.38837466e-01   1.08927199e-01   4.54062713e-01
  0.00000000e+00   3.38625008e-01   1.10587359e-01   4.55257123e-01
  0.00000000e+00   3.38377505e-01   1.12224464e-01   4.56475712e-01
  0.00000000e+00   3.38095801e-01   1.13837253e-01   4.57718422e-01
  0.00000000e+00   3.37780773e-01   1.15424490e-01   4.58985171e-01
  0.00000000e+00   3.37433329e-01   1.16984967e-01   4.60275855e-01
  0.00000000e+00   3.37054411e-01   1.18517499e-01   4.61590344e-01
  0.00000000e+00   3.36644988e-01   1.20020933e-01   4.62928486e-01
  0.00000000e+00   3.36206062e-01   1.21494143e-01   4.64290106e-01
  0.00000000e+00   3.35738659e-01   1.22936036e-01   4.65675006e-01
  0.00000000e+00   3.35243837e-01   1.24345546e-01   4.67082966e-01
  0.00000000e+00   3.34722676e-01   1.25721645e-01   4.68513741e-01
  0.00000000e+00   3.34176284e-01   1.27063335e-01   4.69967065e-01
  0.00000000e+00   3.33605792e-01   1.28369652e-01   4.71442652e-01
  0.00000000e+00   3.33012355e-01   1.29639671e-01   4.72940192e-01
  0.00000000e+00   3.32397147e-01   1.30872499e-01   4.74459353e-01
  0.00000000e+00   3.31761367e-01   1.32067283e-01   4.75999785e-01
  0.00000000e+00   3.31106230e-01   1.33223207e-01   4.77561114e-01
  0.00000000e+00   3.30432969e-01   1.34339494e-01   4.79142949e-01
  0.00000000e+00   3.29742838e-01   1.35415406e-01   4.80744876e-01
  0.00000000e+00   3.29037101e-01   1.36450245e-01   4.82366462e-01
  0.00000000e+00   3.28317042e-01   1.37443355e-01   4.84007258e-01
  0.00000000e+00   3.27583955e-01   1.38394121e-01   4.85666793e-01
  0.00000000e+00   3.26839146e-01   1.39301968e-01   4.87344579e-01
  0.00000000e+00   3.26083933e-01   1.40166367e-01   4.89040111e-01
  0.00000000e+00   3.25319643e-01   1.40986829e-01   4.90752866e-01
  0.00000000e+00   3.24547610e-01   1.41762911e-01   4.92482305e-01
  0.00000000e+00   3.23769177e-01   1.42494212e-01   4.94227873e-01
  0.00000000e+00   3.22985691e-01   1.43180376e-01   4.95988998e-01
  0.00000000e+00   3.22198501e-01   1.43821092e-01   4.97765096e-01
  0.00000000e+00   3.21408963e-01   1.44416093e-01   4.99555566e-01
  0.00000000e+00   3.20618432e-01   1.44965158e-01   5.01359795e-01
  0.00000000e+00   3.19828262e-01   1.45468110e-01   5.03177156e-01
  0.00000000e+00   3.19039809e-01   1.45924820e-01   5.05007008e-01
  0.00000000e+00   3.18254424e-01   1.46335201e-01   5.06848702e-01
  0.00000000e+00   3.17473453e-01   1.46699215e-01   5.08701575e-01
  0.00000000e+00   3.16698241e-01   1.47016867e-01   5.10564953e-01
  0.00000000e+00   3.15930123e-01   1.47288209e-01   5.12438155e-01
  0.00000000e+00   3.15170426e-01   1.47513338e-01   5.14320487e-01
  0.00000000e+00   3.14420471e-01   1.47692397e-01   5.16211249e-01
  0.00000000e+00   3.13681564e-01   1.47825572e-01   5.18109733e-01
  0.00000000e+00   3.12955004e-01   1.47913098e-01   5.20015223e-01
  0.00000000e+00   3.12242074e-01   1.47955250e-01   5.21926998e-01
  0.00000000e+00   3.11544044e-01   1.47952351e-01   5.23844329e-01
  0.00000000e+00   3.10862168e-01   1.47904767e-01   5.25766483e-01
  0.00000000e+00   3.10197682e-01   1.47812906e-01   5.27692725e-01
  0.00000000e+00   3.09551808e-01   1.47677223e-01   5.29622313e-01
  0.00000000e+00   3.08925744e-01   1.47498212e-01   5.31554505e-01
  0.00000000e+00   3.08320672e-01   1.47276412e-01   5.33488554e-01
  0.00000000e+00   3.07737751e-01   1.47012401e-01   5.35423715e-01
  0.00000000e+00   3.07178115e-01   1.46706800e-01   5.37359239e-01
  0.00000000e+00   3.06642879e-01   1.46360271e-01   5.39294380e-01
  0.00000000e+00   3.06133130e-01   1.45973514e-01   5.41228392e-01
  0.00000000e+00   3.05649930e-01   1.45547270e-01   5.43160529e-01
  0.00000000e+00   3.05194315e-01   1.45082316e-01   5.45090049e-01
  0.00000000e+00   3.04767291e-01   1.44579469e-01   5.47016214e-01
  0.00000000e+00   3.04369839e-01   1.44039581e-01   5.48938287e-01
  0.00000000e+00   3.04002907e-01   1.43463540e-01   5.50855537e-01
  0.00000000e+00   3.03667414e-01   1.42852270e-01   5.52767239e-01
  0.00000000e+00   3.03364247e-01   1.42206729e-01   5.54672673e-01
  0.00000000e+00   3.03094260e-01   1.41527906e-01   5.56571125e-01
  0.00000000e+00   3.02858274e-01   1.40816824e-01   5.58461890e-01
  0.00000000e+00   3.02657078e-01   1.40074538e-01   5.60344269e-01
  0.00000000e+00   3.02491425e-01   1.39302130e-01   5.62217574e-01
  0.00000000e+00   3.02362031e-01   1.38500713e-01   5.64081124e-01
  0.00000000e+00   3.02269578e-01   1.37671427e-01   5.65934250e-01
  0.00000000e+00   3.02214711e-01   1.36815439e-01   5.67776293e-01
  0.00000000e+00   3.02198036e-01   1.35933941e-01   5.69606605e-01
  0.00000000e+00   3.02220123e-01   1.35028151e-01   5.71424549e-01
  0.00000000e+00   3.02281503e-01   1.34099308e-01   5.73229503e-01
  0.00000000e+00   3.02382668e-01   1.33148673e-01   5.75020857e-01
  0.00000000e+00   3.02524069e-01   1.32177530e-01   5.76798013e-01
  0.00000000e+00   3.02706120e-01   1.31187178e-01   5.78560391e-01
  0.00000000e+00   3.02929193e-01   1.30178939e-01   5.80307423e-01
  0.00000000e+00   3.03193619e-01   1.29154148e-01   5.82038558e-01
  0.00000000e+00   3.03499690e-01   1.28114157e-01   5.83753259e-01
  0.00000000e+00   3.03847655e-01   1.27060332e-01   5.85451009e-01
  0.00000000e+00   3.04237722e-01   1.25994052e-01   5.87131303e-01
  0.00000000e+00   3.04670059e-01   1.24916705e-01   5.88793659e-01
  0.00000000e+00   3.05144791e-01   1.23829692e-01   5.90437608e-01
  0.00000000e+00   3.05662000e-01   1.22734422e-01   5.92062704e-01
  0.00000000e+00   3.06221730e-01   1.21632310e-01   5.93668516e-01
  0.00000000e+00   3.06823979e-01   1.20524777e-01   5.95254634e-01
  0.00000000e+00   3.07468707e-01   1.19413249e-01   5.96820667e-01
  0.00000000e+00   3.08155828e-01   1.18299155e-01   5.98366246e-01
  0.00000000e+00   3.08885218e-01   1.17183925e-01   5.99891019e-01
  0.00000000e+00   3.09656711e-01   1.16068990e-01   6.01394657e-01
  0.00000000e+00   3.10470097e-01   1.14955780e-01   6.02876851e-01
  0.00000000e+00   3.11325129e-01   1.13845720e-01   6.04337314e-01
  0.00000000e+00   3.12221515e-01   1.12740235e-01   6.05775781e-01
  0.00000000e+00   3.13158927e-01   1.11640740e-01   6.07192007e-01
  0.00000000e+00   3.14136993e-01   1.10548646e-01   6.08585770e-01
  0.00000000e+00   3.15155303e-01   1.09465356e-01   6.09956871e-01
  0.00000000e+00   3.16213408e-01   1.08392263e-01   6.11305132e-01
  0.00000000e+00   3.17310820e-01   1.07330748e-01   6.12630399e-01
  0.00000000e+00   3.18447012e-01   1.06282181e-01   6.13932539e-01
  0.00000000e+00   3.19621420e-01   1.05247917e-01   6.15211443e-01
  0.00000000e+00   3.20833442e-01   1.04229297e-01   6.16467026e-01
  0.00000000e+00   3.22082439e-01   1.03227647e-01   6.17699222e-01
  0.00000000e+00   3.23367739e-01   1.02244274e-01   6.18907994e-01
  0.00000000e+00   3.24688632e-01   1.01280464e-01   6.20093322e-01
  0.00000000e+00   3.26044373e-01   1.00337488e-01   6.21255212e-01
  0.00000000e+00   3.27434186e-01   9.94165918e-02   6.22393695e-01
  0.00000000e+00   3.28857259e-01   9.85189997e-02   6.23508821e-01
  0.00000000e+00   3.30312750e-01   9.76459126e-02   6.24600665e-01
  0.00000000e+00   3.31799785e-01   9.67985064e-02   6.25669325e-01
  0.00000000e+00   3.33317459e-01   9.59779309e-02   6.26714921e-01
  0.00000000e+00   3.34864839e-01   9.51853089e-02   6.27737596e-01
  0.00000000e+00   3.36440961e-01   9.44217348e-02   6.28737516e-01
  0.00000000e+00   3.38044836e-01   9.36882740e-02   6.29714868e-01
  0.00000000e+00   3.39675446e-01   9.29859612e-02   6.30669861e-01
  0.00000000e+00   3.41331749e-01   9.23158004e-02   6.31602727e-01
  0.00000000e+00   3.43012678e-01   9.16787627e-02   6.32513720e-01
  0.00000000e+00   3.44717143e-01   9.10757864e-02   6.33403114e-01
  0.00000000e+00   3.46444030e-01   9.05077757e-02   6.34271204e-01
  0.00000000e+00   3.48192204e-01   8.99755997e-02   6.35118306e-01
  0.00000000e+00   3.49960512e-01   8.94800917e-02   6.35944758e-01
  0.00000000e+00   3.51747781e-01   8.90220486e-02   6.36750916e-01
  0.00000000e+00   3.53552817e-01   8.86022297e-02   6.37537157e-01
  0.00000000e+00   3.55374414e-01   8.82213565e-02   6.38303875e-01
  0.00000000e+00   3.57211347e-01   8.78801114e-02   6.39051487e-01
  0.00000000e+00   3.59062380e-01   8.75791378e-02   6.39780425e-01
  0.00000000e+00   3.60926260e-01   8.73190388e-02   6.40491141e-01
  0.00000000e+00   3.62801725e-01   8.71003770e-02   6.41184104e-01
  0.00000000e+00   3.64687502e-01   8.69236740e-02   6.41859800e-01
  0.00000000e+00   3.66582308e-01   8.67894097e-02   6.42518731e-01
  0.00000000e+00   3.68484853e-01   8.66980219e-02   6.43161416e-01
  0.00000000e+00   3.70393839e-01   8.66499063e-02   6.43788391e-01
  0.00000000e+00   3.72307962e-01   8.66454154e-02   6.44400205e-01
  0.00000000e+00   3.74225917e-01   8.66848589e-02   6.44997421e-01
  0.00000000e+00   3.76146393e-01   8.67685028e-02   6.45580618e-01
  0.00000000e+00   3.78068077e-01   8.68965698e-02   6.46150388e-01
  0.00000000e+00   3.79989659e-01   8.70692385e-02   6.46707336e-01
  0.00000000e+00   3.81909828e-01   8.72866438e-02   6.47252077e-01
  0.00000000e+00   3.83827273e-01   8.75488764e-02   6.47785240e-01
  0.00000000e+00   3.85740691e-01   8.78559828e-02   6.48307464e-01
  0.00000000e+00   3.87648780e-01   8.82079655e-02   6.48819398e-01
  0.00000000e+00   3.89550247e-01   8.86047828e-02   6.49321703e-01
  0.00000000e+00   3.91443804e-01   8.90463489e-02   6.49815045e-01
  0.00000000e+00   3.93328173e-01   8.95325343e-02   6.50300103e-01
  0.00000000e+00   3.95202085e-01   9.00631654e-02   6.50777559e-01
  0.00000000e+00   3.97064282e-01   9.06380254e-02   6.51248106e-01
  0.00000000e+00   3.98913521e-01   9.12568537e-02   6.51712441e-01
  0.00000000e+00   4.00748569e-01   9.19193471e-02   6.52171268e-01
  0.00000000e+00   4.02568209e-01   9.26251593e-02   6.52625294e-01
  0.00000000e+00   4.04371241e-01   9.33739019e-02   6.53075233e-01
  0.00000000e+00   4.06156481e-01   9.41651444e-02   6.53521801e-01
  0.00000000e+00   4.07922763e-01   9.49984150e-02   6.53965716e-01
  0.00000000e+00   4.09668941e-01   9.58732005e-02   6.54407699e-01
  0.00000000e+00   4.11393890e-01   9.67889478e-02   6.54848474e-01
  0.00000000e+00   4.13096506e-01   9.77450632e-02   6.55288763e-01
  0.00000000e+00   4.14775707e-01   9.87409144e-02   6.55729290e-01
  0.00000000e+00   4.16430436e-01   9.97758299e-02   6.56170777e-01
  0.00000000e+00   4.18059660e-01   1.00849101e-01   6.56613946e-01
  0.00000000e+00   4.19662371e-01   1.01959980e-01   6.57059515e-01
  0.00000000e+00   4.21237591e-01   1.03107685e-01   6.57508201e-01
  0.00000000e+00   4.22784365e-01   1.04291397e-01   6.57960717e-01
  0.00000000e+00   4.24301770e-01   1.05510262e-01   6.58417770e-01
  0.00000000e+00   4.25788911e-01   1.06763393e-01   6.58880064e-01
  0.00000000e+00   4.27244923e-01   1.08049870e-01   6.59348298e-01
  0.00000000e+00   4.28668975e-01   1.09368739e-01   6.59823163e-01
  0.00000000e+00   4.30060264e-01   1.10719016e-01   6.60305343e-01
  0.00000000e+00   4.31418022e-01   1.12099688e-01   6.60795516e-01
  0.00000000e+00   4.32741514e-01   1.13509710e-01   6.61294350e-01
  0.00000000e+00   4.34030039e-01   1.14948011e-01   6.61802505e-01
  0.00000000e+00   4.35282932e-01   1.16413493e-01   6.62320631e-01
  0.00000000e+00   4.36499561e-01   1.17905029e-01   6.62849369e-01
  0.00000000e+00   4.37679333e-01   1.19421472e-01   6.63389346e-01
  0.00000000e+00   4.38821689e-01   1.20961647e-01   6.63941182e-01
  0.00000000e+00   4.39926108e-01   1.22524358e-01   6.64505481e-01
  0.00000000e+00   4.40992109e-01   1.24108388e-01   6.65082837e-01
  0.00000000e+00   4.42019245e-01   1.25712500e-01   6.65673829e-01
  0.00000000e+00   4.43007111e-01   1.27335437e-01   6.66279023e-01
  0.00000000e+00   4.43955338e-01   1.28975925e-01   6.66898971e-01
  0.00000000e+00   4.44863599e-01   1.30632673e-01   6.67534209e-01
  0.00000000e+00   4.45731604e-01   1.32304376e-01   6.68185260e-01
  0.00000000e+00   4.46559104e-01   1.33989714e-01   6.68852627e-01
  0.00000000e+00   4.47345891e-01   1.35687356e-01   6.69536801e-01
  0.00000000e+00   4.48091794e-01   1.37395957e-01   6.70238254e-01
  0.00000000e+00   4.48796687e-01   1.39114164e-01   6.70957440e-01
  0.00000000e+00   4.49460479e-01   1.40840617e-01   6.71694797e-01
  0.00000000e+00   4.50083124e-01   1.42573945e-01   6.72450744e-01
  0.00000000e+00   4.50664614e-01   1.44312774e-01   6.73225682e-01
  0.00000000e+00   4.51204982e-01   1.46055725e-01   6.74019992e-01
  0.00000000e+00   4.51704302e-01   1.47801414e-01   6.74834037e-01
  0.00000000e+00   4.52162688e-01   1.49548459e-01   6.75668158e-01
  0.00000000e+00   4.52580293e-01   1.51295473e-01   6.76522680e-01
  0.00000000e+00   4.52957312e-01   1.53041073e-01   6.77397904e-01
  0.00000000e+00   4.53293979e-01   1.54783878e-01   6.78294112e-01
  0.00000000e+00   4.53590566e-01   1.56522510e-01   6.79211566e-01
  0.00000000e+00   4.53847387e-01   1.58255595e-01   6.80150505e-01
  0.00000000e+00   4.54064793e-01   1.59981768e-01   6.81111149e-01
  0.00000000e+00   4.54243173e-01   1.61699669e-01   6.82093694e-01
  0.00000000e+00   4.54382956e-01   1.63407949e-01   6.83098316e-01
  0.00000000e+00   4.54484607e-01   1.65105268e-01   6.84125169e-01
  0.00000000e+00   4.54548630e-01   1.66790299e-01   6.85174385e-01
  0.00000000e+00   4.54575564e-01   1.68461726e-01   6.86246074e-01
  0.00000000e+00   4.54565985e-01   1.70118248e-01   6.87340322e-01
  0.00000000e+00   4.54520504e-01   1.71758581e-01   6.88457197e-01
  0.00000000e+00   4.54439766e-01   1.73381457e-01   6.89596740e-01
  0.00000000e+00   4.54324453e-01   1.74985624e-01   6.90758972e-01
  0.00000000e+00   4.54175279e-01   1.76569852e-01   6.91943893e-01
  0.00000000e+00   4.53992989e-01   1.78132929e-01   6.93151477e-01
  0.00000000e+00   4.53778363e-01   1.79673668e-01   6.94381680e-01
  0.00000000e+00   4.53532211e-01   1.81190900e-01   6.95634432e-01
  0.00000000e+00   4.53255373e-01   1.82683484e-01   6.96909644e-01
  0.00000000e+00   4.52948721e-01   1.84150301e-01   6.98207203e-01
  0.00000000e+00   4.52613151e-01   1.85590261e-01   6.99526973e-01
  0.00000000e+00   4.52249592e-01   1.87002299e-01   7.00868801e-01
  0.00000000e+00   4.51858997e-01   1.88385378e-01   7.02232507e-01
  0.00000000e+00   4.51442346e-01   1.89738491e-01   7.03617892e-01
  0.00000000e+00   4.51000642e-01   1.91060662e-01   7.05024737e-01
  0.00000000e+00   4.50534916e-01   1.92350944e-01   7.06452800e-01
  0.00000000e+00   4.50046218e-01   1.93608424e-01   7.07901820e-01
  0.00000000e+00   4.49535622e-01   1.94832219e-01   7.09371513e-01
  0.00000000e+00   4.49004221e-01   1.96021484e-01   7.10861578e-01
  0.00000000e+00   4.48453131e-01   1.97175403e-01   7.12371691e-01
  0.00000000e+00   4.47883484e-01   1.98293201e-01   7.13901512e-01
  0.00000000e+00   4.47296429e-01   1.99374135e-01   7.15450680e-01
  0.00000000e+00   4.46693134e-01   2.00417501e-01   7.17018814e-01
  0.00000000e+00   4.46074780e-01   2.01422630e-01   7.18605516e-01
  0.00000000e+00   4.45442562e-01   2.02388893e-01   7.20210370e-01
  0.00000000e+00   4.44797691e-01   2.03315700e-01   7.21832943e-01
  0.00000000e+00   4.44141384e-01   2.04202498e-01   7.23472784e-01
  0.00000000e+00   4.43474875e-01   2.05048776e-01   7.25129425e-01
  0.00000000e+00   4.42799401e-01   2.05854061e-01   7.26802382e-01
  0.00000000e+00   4.42116212e-01   2.06617923e-01   7.28491156e-01
  0.00000000e+00   4.41426562e-01   2.07339971e-01   7.30195232e-01
  0.00000000e+00   4.40731711e-01   2.08019856e-01   7.31914081e-01
  0.00000000e+00   4.40032924e-01   2.08657272e-01   7.33647159e-01
  0.00000000e+00   4.39331468e-01   2.09251952e-01   7.35393909e-01
  0.00000000e+00   4.38628613e-01   2.09803674e-01   7.37153761e-01
  0.00000000e+00   4.37925629e-01   2.10312257e-01   7.38926131e-01
  0.00000000e+00   4.37223785e-01   2.10777564e-01   7.40710426e-01
  0.00000000e+00   4.36524348e-01   2.11199497e-01   7.42506039e-01
  0.00000000e+00   4.35828582e-01   2.11578005e-01   7.44312352e-01
  0.00000000e+00   4.35137747e-01   2.11913078e-01   7.46128741e-01
  0.00000000e+00   4.34453098e-01   2.12204748e-01   7.47954567e-01
  0.00000000e+00   4.33775880e-01   2.12453091e-01   7.49789186e-01
  0.00000000e+00   4.33107333e-01   2.12658224e-01   7.51631943e-01
  0.00000000e+00   4.32448687e-01   2.12820308e-01   7.53482179e-01
  0.00000000e+00   4.31801161e-01   2.12939544e-01   7.55339225e-01
  0.00000000e+00   4.31165962e-01   2.13016178e-01   7.57202406e-01
  0.00000000e+00   4.30544285e-01   2.13050496e-01   7.59071044e-01
  0.00000000e+00   4.29937309e-01   2.13042826e-01   7.60944452e-01
  0.00000000e+00   4.29346201e-01   2.12993535e-01   7.62821943e-01
  0.00000000e+00   4.28772109e-01   2.12903034e-01   7.64702823e-01
  0.00000000e+00   4.28216165e-01   2.12771772e-01   7.66586397e-01
  0.00000000e+00   4.27679480e-01   2.12600238e-01   7.68471968e-01
  0.00000000e+00   4.27163149e-01   2.12388961e-01   7.70358836e-01
  0.00000000e+00   4.26668243e-01   2.12138509e-01   7.72246301e-01
  0.00000000e+00   4.26195814e-01   2.11849486e-01   7.74133663e-01
  0.00000000e+00   4.25746888e-01   2.11522537e-01   7.76020223e-01
  0.00000000e+00   4.25322471e-01   2.11158341e-01   7.77905282e-01
  0.00000000e+00   4.24923541e-01   2.10757614e-01   7.79788144e-01
  0.00000000e+00   4.24551052e-01   2.10321108e-01   7.81668115e-01
  0.00000000e+00   4.24205931e-01   2.09849609e-01   7.83544505e-01
  0.00000000e+00   4.23889078e-01   2.09343937e-01   7.85416627e-01
  0.00000000e+00   4.23601363e-01   2.08804945e-01   7.87283799e-01
  0.00000000e+00   4.23343629e-01   2.08233519e-01   7.89145345e-01
  0.00000000e+00   4.23116686e-01   2.07630576e-01   7.91000594e-01
  0.00000000e+00   4.22921318e-01   2.06997063e-01   7.92848883e-01
  0.00000000e+00   4.22758271e-01   2.06333955e-01   7.94689554e-01
  0.00000000e+00   4.22628265e-01   2.05642260e-01   7.96521959e-01
  0.00000000e+00   4.22531984e-01   2.04923008e-01   7.98345457e-01
  0.00000000e+00   4.22470077e-01   2.04177258e-01   8.00159419e-01
  0.00000000e+00   4.22443161e-01   2.03406096e-01   8.01963221e-01
  0.00000000e+00   4.22451819e-01   2.02610629e-01   8.03756255e-01
  0.00000000e+00   4.22496596e-01   2.01791989e-01   8.05537919e-01
  0.00000000e+00   4.22578003e-01   2.00951331e-01   8.07307626e-01
  0.00000000e+00   4.22696514e-01   2.00089828e-01   8.09064799e-01
  0.00000000e+00   4.22852565e-01   1.99208675e-01   8.10808875e-01
  0.00000000e+00   4.23046558e-01   1.98309085e-01   8.12539303e-01
  0.00000000e+00   4.23278855e-01   1.97392289e-01   8.14255548e-01
  0.00000000e+00   4.23549780e-01   1.96459532e-01   8.15957088e-01
  0.00000000e+00   4.23859619e-01   1.95512076e-01   8.17643414e-01
  0.00000000e+00   4.24208622e-01   1.94551196e-01   8.19314035e-01
  0.00000000e+00   4.24596996e-01   1.93578180e-01   8.20968474e-01
  0.00000000e+00   4.25024913e-01   1.92594324e-01   8.22606273e-01
  0.00000000e+00   4.25492504e-01   1.91600939e-01   8.24226986e-01
  0.00000000e+00   4.25999861e-01   1.90599339e-01   8.25830189e-01
  0.00000000e+00   4.26547038e-01   1.89590851e-01   8.27415471e-01
  0.00000000e+00   4.27134049e-01   1.88576802e-01   8.28982443e-01
  0.00000000e+00   4.27760868e-01   1.87558528e-01   8.30530731e-01
  0.00000000e+00   4.28427431e-01   1.86537366e-01   8.32059982e-01
  0.00000000e+00   4.29133635e-01   1.85514656e-01   8.33569860e-01
  0.00000000e+00   4.29879338e-01   1.84491738e-01   8.35060050e-01
  0.00000000e+00   4.30664358e-01   1.83469952e-01   8.36530256e-01
  0.00000000e+00   4.31488477e-01   1.82450636e-01   8.37980200e-01
  0.00000000e+00   4.32351436e-01   1.81435123e-01   8.39409627e-01
  0.00000000e+00   4.33252940e-01   1.80424745e-01   8.40818301e-01
  0.00000000e+00   4.34192654e-01   1.79420824e-01   8.42206006e-01
  0.00000000e+00   4.35170209e-01   1.78424677e-01   8.43572548e-01
  0.00000000e+00   4.36185197e-01   1.77437612e-01   8.44917753e-01
  0.00000000e+00   4.37237172e-01   1.76460928e-01   8.46241469e-01
  0.00000000e+00   4.38325655e-01   1.75495913e-01   8.47543563e-01
  0.00000000e+00   4.39450130e-01   1.74543840e-01   8.48823926e-01
  0.00000000e+00   4.40610045e-01   1.73605971e-01   8.50082470e-01
  0.00000000e+00   4.41804814e-01   1.72683554e-01   8.51319127e-01
  0.00000000e+00   4.43033819e-01   1.71777818e-01   8.52533852e-01
  0.00000000e+00   4.44296407e-01   1.70889977e-01   8.53726620e-01
  0.00000000e+00   4.45591892e-01   1.70021226e-01   8.54897430e-01
  0.00000000e+00   4.46919557e-01   1.69172741e-01   8.56046301e-01
  0.00000000e+00   4.48278654e-01   1.68345676e-01   8.57173274e-01
  0.00000000e+00   4.49668403e-01   1.67541165e-01   8.58278410e-01
  0.00000000e+00   4.51087997e-01   1.66760317e-01   8.59361794e-01
  0.00000000e+00   4.52536598e-01   1.66004219e-01   8.60423532e-01
  0.00000000e+00   4.54013341e-01   1.65273931e-01   8.61463748e-01
  0.00000000e+00   4.55517334e-01   1.64570489e-01   8.62482591e-01
  0.00000000e+00   4.57047658e-01   1.63894900e-01   8.63480229e-01
  0.00000000e+00   4.58603368e-01   1.63248144e-01   8.64456851e-01
  0.00000000e+00   4.60183498e-01   1.62631173e-01   8.65412666e-01
  0.00000000e+00   4.61787055e-01   1.62044907e-01   8.66347905e-01
  0.00000000e+00   4.63413026e-01   1.61490236e-01   8.67262817e-01
  0.00000000e+00   4.65060375e-01   1.60968018e-01   8.68157673e-01
  0.00000000e+00   4.66728046e-01   1.60479081e-01   8.69032762e-01
  0.00000000e+00   4.68414964e-01   1.60024216e-01   8.69888392e-01
  0.00000000e+00   4.70120037e-01   1.59604183e-01   8.70724891e-01
  0.00000000e+00   4.71842153e-01   1.59219704e-01   8.71542605e-01
  0.00000000e+00   4.73580187e-01   1.58871470e-01   8.72341899e-01
  0.00000000e+00   4.75332998e-01   1.58560132e-01   8.73123154e-01
  0.00000000e+00   4.77099429e-01   1.58286307e-01   8.73886771e-01
  0.00000000e+00   4.78878314e-01   1.58050572e-01   8.74633167e-01
  0.00000000e+00   4.80668473e-01   1.57853469e-01   8.75362774e-01
  0.00000000e+00   4.82468716e-01   1.57695499e-01   8.76076043e-01
  0.00000000e+00   4.84277846e-01   1.57577127e-01   8.76773440e-01
  0.00000000e+00   4.86094655e-01   1.57498776e-01   8.77455444e-01
  0.00000000e+00   4.87917930e-01   1.57460832e-01   8.78122552e-01
  0.00000000e+00   4.89746453e-01   1.57463638e-01   8.78775274e-01
  0.00000000e+00   4.91578999e-01   1.57507500e-01   8.79414134e-01
  0.00000000e+00   4.93414342e-01   1.57592681e-01   8.80039668e-01
  0.00000000e+00   4.95251254e-01   1.57719404e-01   8.80652426e-01
  0.00000000e+00   4.97088506e-01   1.57887851e-01   8.81252971e-01
  0.00000000e+00   4.98924869e-01   1.58098163e-01   8.81841875e-01
  0.00000000e+00   5.00759116e-01   1.58350440e-01   8.82419725e-01
  0.00000000e+00   5.02590023e-01   1.58644739e-01   8.82987115e-01
  0.00000000e+00   5.04416370e-01   1.58981079e-01   8.83544650e-01
  0.00000000e+00   5.06236942e-01   1.59359434e-01   8.84092944e-01
  0.00000000e+00   5.08050530e-01   1.59779739e-01   8.84632621e-01
  0.00000000e+00   5.09855935e-01   1.60241886e-01   8.85164313e-01
  0.00000000e+00   5.11651964e-01   1.60745729e-01   8.85688657e-01
  0.00000000e+00   5.13437436e-01   1.61291077e-01   8.86206299e-01
  0.00000000e+00   5.15211179e-01   1.61877701e-01   8.86717890e-01
  0.00000000e+00   5.16972036e-01   1.62505332e-01   8.87224088e-01
  0.00000000e+00   5.18718861e-01   1.63173659e-01   8.87725555e-01
  0.00000000e+00   5.20450525e-01   1.63882332e-01   8.88222958e-01
  0.00000000e+00   5.22165912e-01   1.64630962e-01   8.88716964e-01
  0.00000000e+00   5.23863924e-01   1.65419120e-01   8.89208249e-01
  0.00000000e+00   5.25543481e-01   1.66246339e-01   8.89697486e-01
  0.00000000e+00   5.27203522e-01   1.67112114e-01   8.90185352e-01
  0.00000000e+00   5.28843006e-01   1.68015902e-01   8.90672524e-01
  0.00000000e+00   5.30460911e-01   1.68957124e-01   8.91159680e-01
  0.00000000e+00   5.32056239e-01   1.69935163e-01   8.91647497e-01
  0.00000000e+00   5.33628014e-01   1.70949367e-01   8.92136652e-01
  0.00000000e+00   5.35175284e-01   1.71999049e-01   8.92627819e-01
  0.00000000e+00   5.36697122e-01   1.73083488e-01   8.93121670e-01
  0.00000000e+00   5.38192626e-01   1.74201928e-01   8.93618873e-01
  0.00000000e+00   5.39660921e-01   1.75353581e-01   8.94120094e-01
  0.00000000e+00   5.41101159e-01   1.76537627e-01   8.94625993e-01
  0.00000000e+00   5.42512520e-01   1.77753213e-01   8.95137227e-01
  0.00000000e+00   5.43894213e-01   1.78999459e-01   8.95654445e-01
  0.00000000e+00   5.45245477e-01   1.80275451e-01   8.96178292e-01
  0.00000000e+00   5.46565582e-01   1.81580250e-01   8.96709403e-01
  0.00000000e+00   5.47853827e-01   1.82912888e-01   8.97248409e-01
  0.00000000e+00   5.49109545e-01   1.84272369e-01   8.97795930e-01
  0.00000000e+00   5.50332101e-01   1.85657674e-01   8.98352579e-01
  0.00000000e+00   5.51520892e-01   1.87067756e-01   8.98918959e-01
  0.00000000e+00   5.52675350e-01   1.88501547e-01   8.99495662e-01
  0.00000000e+00   5.53794939e-01   1.89957955e-01   9.00083271e-01
  0.00000000e+00   5.54879160e-01   1.91435868e-01   9.00682358e-01
  0.00000000e+00   5.55927548e-01   1.92934151e-01   9.01293482e-01
  0.00000000e+00   5.56939673e-01   1.94451651e-01   9.01917190e-01
  0.00000000e+00   5.57915142e-01   1.95987198e-01   9.02554018e-01
  0.00000000e+00   5.58853598e-01   1.97539604e-01   9.03204487e-01
  0.00000000e+00   5.59754721e-01   1.99107665e-01   9.03869104e-01
  0.00000000e+00   5.60618226e-01   2.00690162e-01   9.04548363e-01
  0.00000000e+00   5.61443868e-01   2.02285864e-01   9.05242744e-01
  0.00000000e+00   5.62231437e-01   2.03893527e-01   9.05952708e-01
  0.00000000e+00   5.62980762e-01   2.05511895e-01   9.06678706e-01
  0.00000000e+00   5.63691709e-01   2.07139705e-01   9.07421167e-01
  0.00000000e+00   5.64364183e-01   2.08775683e-01   9.08180509e-01
  0.00000000e+00   5.64998125e-01   2.10418548e-01   9.08957129e-01
  0.00000000e+00   5.65593516e-01   2.12067015e-01   9.09751408e-01
  0.00000000e+00   5.66150372e-01   2.13719793e-01   9.10563712e-01
  0.00000000e+00   5.66668751e-01   2.15375587e-01   9.11394384e-01
  0.00000000e+00   5.67148745e-01   2.17033100e-01   9.12243753e-01
  0.00000000e+00   5.67590486e-01   2.18691037e-01   9.13112128e-01
  0.00000000e+00   5.67994143e-01   2.20348099e-01   9.13999798e-01
  0.00000000e+00   5.68359921e-01   2.22002992e-01   9.14907035e-01
  0.00000000e+00   5.68688064e-01   2.23654423e-01   9.15834089e-01
  0.00000000e+00   5.68978852e-01   2.25301105e-01   9.16781193e-01
  0.00000000e+00   5.69232601e-01   2.26941756e-01   9.17748559e-01
  0.00000000e+00   5.69449665e-01   2.28575098e-01   9.18736377e-01
  0.00000000e+00   5.69630432e-01   2.30199866e-01   9.19744821e-01
  0.00000000e+00   5.69775326e-01   2.31814800e-01   9.20774040e-01
  0.00000000e+00   5.69884807e-01   2.33418653e-01   9.21824166e-01
  0.00000000e+00   5.69959368e-01   2.35010189e-01   9.22895309e-01
  0.00000000e+00   5.69999536e-01   2.36588184e-01   9.23987558e-01
  0.00000000e+00   5.70005873e-01   2.38151430e-01   9.25100981e-01
  0.00000000e+00   5.69978973e-01   2.39698731e-01   9.26235626e-01
  0.00000000e+00   5.69919463e-01   2.41228912e-01   9.27391520e-01
  0.00000000e+00   5.69827999e-01   2.42740812e-01   9.28568669e-01
  0.00000000e+00   5.69705272e-01   2.44233291e-01   9.29767056e-01
  0.00000000e+00   5.69552001e-01   2.45705227e-01   9.30986647e-01
  0.00000000e+00   5.69368934e-01   2.47155519e-01   9.32227385e-01
  0.00000000e+00   5.69156849e-01   2.48583090e-01   9.33489192e-01
  0.00000000e+00   5.68916552e-01   2.49986885e-01   9.34771969e-01
  0.00000000e+00   5.68648876e-01   2.51365872e-01   9.36075598e-01
  0.00000000e+00   5.68354679e-01   2.52719045e-01   9.37399940e-01
  0.00000000e+00   5.68034848e-01   2.54045424e-01   9.38744836e-01
  0.00000000e+00   5.67690291e-01   2.55344056e-01   9.40110104e-01
  0.00000000e+00   5.67321942e-01   2.56614017e-01   9.41495547e-01
  0.00000000e+00   5.66930756e-01   2.57854409e-01   9.42900945e-01
  0.00000000e+00   5.66517712e-01   2.59064366e-01   9.44326058e-01
  0.00000000e+00   5.66083808e-01   2.60243052e-01   9.45770630e-01
  0.00000000e+00   5.65630062e-01   2.61389663e-01   9.47234383e-01
  0.00000000e+00   5.65157513e-01   2.62503424e-01   9.48717022e-01
  0.00000000e+00   5.64667214e-01   2.63583597e-01   9.50218232e-01
  0.00000000e+00   5.64160239e-01   2.64629475e-01   9.51737682e-01
  0.00000000e+00   5.63637674e-01   2.65640385e-01   9.53275021e-01
  0.00000000e+00   5.63100622e-01   2.66615690e-01   9.54829883e-01
  0.00000000e+00   5.62550200e-01   2.67554788e-01   9.56401884e-01
  0.00000000e+00   5.61987534e-01   2.68457113e-01   9.57990623e-01
  0.00000000e+00   5.61413765e-01   2.69322135e-01   9.59595682e-01
  0.00000000e+00   5.60830043e-01   2.70149363e-01   9.61216630e-01
  0.00000000e+00   5.60237525e-01   2.70938341e-01   9.62853018e-01
  0.00000000e+00   5.59637380e-01   2.71688651e-01   9.64504383e-01
  0.00000000e+00   5.59030779e-01   2.72399916e-01   9.66170248e-01
  0.00000000e+00   5.58418903e-01   2.73071794e-01   9.67850122e-01
  0.00000000e+00   5.57802934e-01   2.73703986e-01   9.69543500e-01
  0.00000000e+00   5.57184059e-01   2.74296229e-01   9.71249864e-01
  0.00000000e+00   5.56563467e-01   2.74848300e-01   9.72968683e-01
  0.00000000e+00   5.55942348e-01   2.75360016e-01   9.74699417e-01
  0.00000000e+00   5.55321891e-01   2.75831236e-01   9.76441511e-01
  0.00000000e+00   5.54703283e-01   2.76261855e-01   9.78194402e-01
  0.00000000e+00   5.54087711e-01   2.76651810e-01   9.79957515e-01
  0.00000000e+00   5.53476356e-01   2.77001078e-01   9.81730265e-01
  0.00000000e+00   5.52870394e-01   2.77309677e-01   9.83512060e-01
  0.00000000e+00   5.52270996e-01   2.77577663e-01   9.85302298e-01
  0.00000000e+00   5.51679326e-01   2.77805133e-01   9.87100368e-01
  0.00000000e+00   5.51096538e-01   2.77992223e-01   9.88905655e-01
  0.00000000e+00   5.50523779e-01   2.78139111e-01   9.90717535e-01
  0.00000000e+00   5.49962183e-01   2.78246010e-01   9.92535377e-01
  0.00000000e+00   5.49412873e-01   2.78313178e-01   9.94358547e-01
  0.00000000e+00   5.48876959e-01   2.78340906e-01   9.96186404e-01
  0.00000000e+00   5.48355539e-01   2.78329528e-01   9.98018305e-01
  0.00000000e+00   5.47849694e-01   2.78279414e-01   9.99853601e-01
  0.00000000e+00   5.47360489e-01   2.78190972e-01   1.00169164e+00
  0.00000000e+00   5.46888973e-01   2.78064649e-01   1.00353178e+00
  0.00000000e+00   5.46436176e-01   2.77900927e-01   1.00537335e+00
  0.00000000e+00   5.46003109e-01   2.77700325e-01   1.00721570e+00
  0.00000000e+00   5.45590764e-01   2.77463400e-01   1.00905818e+00
  0.00000000e+00   5.45200111e-01   2.77190740e-01   1.01090013e+00
  0.00000000e+00   5.44832098e-01   2.76882972e-01   1.01274089e+00
  0.00000000e+00   5.44487650e-01   2.76540756e-01   1.01457982e+00
  0.00000000e+00   5.44167670e-01   2.76164783e-01   1.01641626e+00
  0.00000000e+00   5.43873034e-01   2.75755780e-01   1.01824956e+00
  0.00000000e+00   5.43604593e-01   2.75314505e-01   1.02007909e+00
  0.00000000e+00   5.43363172e-01   2.74841745e-01   1.02190419e+00
  0.00000000e+00   5.43149570e-01   2.74338322e-01   1.02372423e+00
  0.00000000e+00   5.42964557e-01   2.73805083e-01   1.02553859e+00
  0.00000000e+00   5.42808874e-01   2.73242906e-01   1.02734664e+00
  0.00000000e+00   5.42683233e-01   2.72652698e-01   1.02914776e+00
  0.00000000e+00   5.42588317e-01   2.72035390e-01   1.03094135e+00
  0.00000000e+00   5.42524777e-01   2.71391941e-01   1.03272679e+00
  0.00000000e+00   5.42493234e-01   2.70723336e-01   1.03450349e+00
  0.00000000e+00   5.42494275e-01   2.70030581e-01   1.03627088e+00
  0.00000000e+00   5.42528456e-01   2.69314709e-01   1.03802837e+00
  0.00000000e+00   5.42596301e-01   2.68576771e-01   1.03977540e+00
  0.00000000e+00   5.42698299e-01   2.67817842e-01   1.04151141e+00
  0.00000000e+00   5.42834906e-01   2.67039016e-01   1.04323587e+00
  0.00000000e+00   5.43006543e-01   2.66241405e-01   1.04494823e+00
  0.00000000e+00   5.43213596e-01   2.65426141e-01   1.04664798e+00
  0.00000000e+00   5.43456418e-01   2.64594370e-01   1.04833461e+00
  0.00000000e+00   5.43735323e-01   2.63747255e-01   1.05000763e+00
  0.00000000e+00   5.44050593e-01   2.62885973e-01   1.05166656e+00
  0.00000000e+00   5.44402472e-01   2.62011715e-01   1.05331093e+00
  0.00000000e+00   5.44791168e-01   2.61125681e-01   1.05494030e+00
  0.00000000e+00   5.45216853e-01   2.60229086e-01   1.05655422e+00
  0.00000000e+00   5.45679662e-01   2.59323152e-01   1.05815227e+00
  0.00000000e+00   5.46179695e-01   2.58409110e-01   1.05973405e+00
  0.00000000e+00   5.46717014e-01   2.57488198e-01   1.06129918e+00
  0.00000000e+00   5.47291643e-01   2.56561660e-01   1.06284727e+00
  0.00000000e+00   5.47903572e-01   2.55630744e-01   1.06437798e+00
  0.00000000e+00   5.48552753e-01   2.54696703e-01   1.06589097e+00
  0.00000000e+00   5.49239101e-01   2.53760792e-01   1.06738591e+00
  0.00000000e+00   5.49962495e-01   2.52824266e-01   1.06886251e+00
  0.00000000e+00   5.50722778e-01   2.51888381e-01   1.07032048e+00
  0.00000000e+00   5.51519756e-01   2.50954389e-01   1.07175955e+00
  0.00000000e+00   5.52353200e-01   2.50023544e-01   1.07317949e+00
  0.00000000e+00   5.53222844e-01   2.49097090e-01   1.07458006e+00
  0.00000000e+00   5.54128388e-01   2.48176272e-01   1.07596105e+00
  0.00000000e+00   5.55069496e-01   2.47262325e-01   1.07732228e+00
  0.00000000e+00   5.56045797e-01   2.46356476e-01   1.07866358e+00
  0.00000000e+00   5.57056887e-01   2.45459946e-01   1.07998479e+00
  0.00000000e+00   5.58102327e-01   2.44573944e-01   1.08128579e+00
  0.00000000e+00   5.59181643e-01   2.43699668e-01   1.08256646e+00
  0.00000000e+00   5.60294332e-01   2.42838305e-01   1.08382673e+00
  0.00000000e+00   5.61439854e-01   2.41991026e-01   1.08506651e+00
  0.00000000e+00   5.62617641e-01   2.41158991e-01   1.08628576e+00
  0.00000000e+00   5.63827091e-01   2.40343340e-01   1.08748445e+00
  0.00000000e+00   5.65067572e-01   2.39545200e-01   1.08866257e+00
  0.00000000e+00   5.66338423e-01   2.38765678e-01   1.08982013e+00
  0.00000000e+00   5.67638950e-01   2.38005862e-01   1.09095717e+00
  0.00000000e+00   5.68968436e-01   2.37266821e-01   1.09207373e+00
  0.00000000e+00   5.70326130e-01   2.36549602e-01   1.09316988e+00
  0.00000000e+00   5.71711259e-01   2.35855229e-01   1.09424573e+00
  0.00000000e+00   5.73123019e-01   2.35184704e-01   1.09530138e+00
  0.00000000e+00   5.74560584e-01   2.34539006e-01   1.09633695e+00
  0.00000000e+00   5.76023100e-01   2.33919087e-01   1.09735261e+00
  0.00000000e+00   5.77509692e-01   2.33325874e-01   1.09834853e+00
  0.00000000e+00   5.79019460e-01   2.32760266e-01   1.09932489e+00
  0.00000000e+00   5.80551482e-01   2.32223136e-01   1.10028190e+00
  0.00000000e+00   5.82104815e-01   2.31715327e-01   1.10121979e+00
  0.00000000e+00   5.83678496e-01   2.31237654e-01   1.10213882e+00
  0.00000000e+00   5.85271542e-01   2.30790900e-01   1.10303923e+00
  0.00000000e+00   5.86882952e-01   2.30375818e-01   1.10392132e+00
  0.00000000e+00   5.88511707e-01   2.29993130e-01   1.10478538e+00
  0.00000000e+00   5.90156772e-01   2.29643525e-01   1.10563175e+00
  0.00000000e+00   5.91817098e-01   2.29327660e-01   1.10646074e+00
  0.00000000e+00   5.93491618e-01   2.29046155e-01   1.10727272e+00
  0.00000000e+00   5.95179257e-01   2.28799601e-01   1.10806805e+00
  0.00000000e+00   5.96878922e-01   2.28588550e-01   1.10884712e+00
  0.00000000e+00   5.98589514e-01   2.28413520e-01   1.10961032e+00
  0.00000000e+00   6.00309921e-01   2.28274995e-01   1.11035809e+00
  0.00000000e+00   6.02039022e-01   2.28173420e-01   1.11109084e+00
  0.00000000e+00   6.03775691e-01   2.28109204e-01   1.11180902e+00
  0.00000000e+00   6.05518791e-01   2.28082722e-01   1.11251309e+00
  0.00000000e+00   6.07267183e-01   2.28094307e-01   1.11320354e+00
  0.00000000e+00   6.09019721e-01   2.28144258e-01   1.11388083e+00
  0.00000000e+00   6.10775259e-01   2.28232834e-01   1.11454547e+00
  0.00000000e+00   6.12532645e-01   2.28360257e-01   1.11519798e+00
  0.00000000e+00   6.14290729e-01   2.28526709e-01   1.11583887e+00
  0.00000000e+00   6.16048358e-01   2.28732336e-01   1.11646868e+00
  0.00000000e+00   6.17804383e-01   2.28977243e-01   1.11708796e+00
  0.00000000e+00   6.19557657e-01   2.29261499e-01   1.11769725e+00
  0.00000000e+00   6.21307034e-01   2.29585131e-01   1.11829713e+00
  0.00000000e+00   6.23051375e-01   2.29948129e-01   1.11888816e+00
  0.00000000e+00   6.24789547e-01   2.30350444e-01   1.11947092e+00
  0.00000000e+00   6.26520421e-01   2.30791990e-01   1.12004601e+00
  0.00000000e+00   6.28242879e-01   2.31272639e-01   1.12061403e+00
  0.00000000e+00   6.29955810e-01   2.31792228e-01   1.12117556e+00
  0.00000000e+00   6.31658114e-01   2.32350554e-01   1.12173123e+00
  0.00000000e+00   6.33348702e-01   2.32947376e-01   1.12228164e+00
  0.00000000e+00   6.35026497e-01   2.33582416e-01   1.12282742e+00
  0.00000000e+00   6.36690436e-01   2.34255359e-01   1.12336918e+00
  0.00000000e+00   6.38339469e-01   2.34965851e-01   1.12390756e+00
  0.00000000e+00   6.39972564e-01   2.35713503e-01   1.12444318e+00
  0.00000000e+00   6.41588701e-01   2.36497890e-01   1.12497668e+00
  0.00000000e+00   6.43186882e-01   2.37318549e-01   1.12550869e+00
  0.00000000e+00   6.44766123e-01   2.38174984e-01   1.12603983e+00
  0.00000000e+00   6.46325463e-01   2.39066664e-01   1.12657076e+00
  0.00000000e+00   6.47863960e-01   2.39993021e-01   1.12710210e+00
  0.00000000e+00   6.49380692e-01   2.40953456e-01   1.12763448e+00
  0.00000000e+00   6.50874759e-01   2.41947335e-01   1.12816854e+00
  0.00000000e+00   6.52345286e-01   2.42973994e-01   1.12870491e+00
  0.00000000e+00   6.53791420e-01   2.44032736e-01   1.12924422e+00
  0.00000000e+00   6.55212332e-01   2.45122830e-01   1.12978709e+00
  0.00000000e+00   6.56607221e-01   2.46243520e-01   1.13033413e+00
  0.00000000e+00   6.57975309e-01   2.47394016e-01   1.13088598e+00
  0.00000000e+00   6.59315847e-01   2.48573502e-01   1.13144323e+00
  0.00000000e+00   6.60628112e-01   2.49781132e-01   1.13200650e+00
  0.00000000e+00   6.61911411e-01   2.51016033e-01   1.13257637e+00
  0.00000000e+00   6.63165078e-01   2.52277308e-01   1.13315345e+00
  0.00000000e+00   6.64388479e-01   2.53564032e-01   1.13373832e+00
  0.00000000e+00   6.65581008e-01   2.54875258e-01   1.13433155e+00
  0.00000000e+00   6.66742090e-01   2.56210013e-01   1.13493371e+00
  0.00000000e+00   6.67871184e-01   2.57567303e-01   1.13554536e+00
  0.00000000e+00   6.68967777e-01   2.58946112e-01   1.13616705e+00
  0.00000000e+00   6.70031390e-01   2.60345404e-01   1.13679932e+00
  0.00000000e+00   6.71061577e-01   2.61764123e-01   1.13744270e+00
  0.00000000e+00   6.72057925e-01   2.63201194e-01   1.13809770e+00
  0.00000000e+00   6.73020055e-01   2.64655528e-01   1.13876482e+00
  0.00000000e+00   6.73947621e-01   2.66126014e-01   1.13944457e+00
  0.00000000e+00   6.74840312e-01   2.67611531e-01   1.14013741e+00
  0.00000000e+00   6.75697850e-01   2.69110942e-01   1.14084382e+00
  0.00000000e+00   6.76519993e-01   2.70623096e-01   1.14156425e+00
  0.00000000e+00   6.77306536e-01   2.72146832e-01   1.14229914e+00
  0.00000000e+00   6.78057304e-01   2.73680977e-01   1.14304891e+00
  0.00000000e+00   6.78772162e-01   2.75224349e-01   1.14381397e+00
  0.00000000e+00   6.79451009e-01   2.76775759e-01   1.14459472e+00
  0.00000000e+00   6.80093779e-01   2.78334009e-01   1.14539154e+00
  0.00000000e+00   6.80700440e-01   2.79897896e-01   1.14620478e+00
  0.00000000e+00   6.81271000e-01   2.81466211e-01   1.14703479e+00
  0.00000000e+00   6.81805498e-01   2.83037744e-01   1.14788191e+00
  0.00000000e+00   6.82304010e-01   2.84611280e-01   1.14874645e+00
  0.00000000e+00   6.82766648e-01   2.86185604e-01   1.14962869e+00
  0.00000000e+00   6.83193560e-01   2.87759501e-01   1.15052892e+00
  0.00000000e+00   6.83584926e-01   2.89331757e-01   1.15144740e+00
  0.00000000e+00   6.83940964e-01   2.90901161e-01   1.15238437e+00
  0.00000000e+00   6.84261924e-01   2.92466505e-01   1.15334005e+00
  0.00000000e+00   6.84548093e-01   2.94026585e-01   1.15431464e+00
  0.00000000e+00   6.84799790e-01   2.95580206e-01   1.15530834e+00
  0.00000000e+00   6.85017368e-01   2.97126175e-01   1.15632130e+00
  0.00000000e+00   6.85201214e-01   2.98663313e-01   1.15735368e+00
  0.00000000e+00   6.85351747e-01   3.00190446e-01   1.15840561e+00
  0.00000000e+00   6.85469421e-01   3.01706414e-01   1.15947719e+00
  0.00000000e+00   6.85554718e-01   3.03210065e-01   1.16056852e+00
  0.00000000e+00   6.85608154e-01   3.04700264e-01   1.16167966e+00
  0.00000000e+00   6.85630276e-01   3.06175886e-01   1.16281066e+00
  0.00000000e+00   6.85621662e-01   3.07635825e-01   1.16396156e+00
  0.00000000e+00   6.85582918e-01   3.09078988e-01   1.16513238e+00
  0.00000000e+00   6.85514680e-01   3.10504300e-01   1.16632309e+00
  0.00000000e+00   6.85417613e-01   3.11910706e-01   1.16753367e+00
  0.00000000e+00   6.85292410e-01   3.13297168e-01   1.16876408e+00
  0.00000000e+00   6.85139791e-01   3.14662670e-01   1.17001425e+00
  0.00000000e+00   6.84960502e-01   3.16006215e-01   1.17128410e+00
  0.00000000e+00   6.84755315e-01   3.17326831e-01   1.17257351e+00
  0.00000000e+00   6.84525028e-01   3.18623568e-01   1.17388237e+00
  0.00000000e+00   6.84270461e-01   3.19895499e-01   1.17521053e+00
  0.00000000e+00   6.83992460e-01   3.21141724e-01   1.17655783e+00
  0.00000000e+00   6.83691892e-01   3.22361368e-01   1.17792408e+00
  0.00000000e+00   6.83369645e-01   3.23553582e-01   1.17930910e+00
