  0.00000000e+00   0.00000000e+00   0.00000000e+00   0.00000000e+00
  5.00000000e-03  -9.71403832e-05   3.07461291e-03   0.00000000e+00
  1.00000000e-02  -3.84045992e-04   6.03842818e-03   0.00000000e+00
  1.50000000e-02  -8.53385326e-04   8.87974898e-03   0.00000000e+00
  2.00000000e-02  -1.49710690e-03   1.15873619e-02   0.00000000e+00
  2.50000000e-02  -2.30647104e-03   1.41505813e-02   0.00000000e+00
  3.00000000e-02  -3.27208433e-03   1.65592913e-02   0.00000000e+00
  3.50000000e-02  -4.38393672e-03   1.88039857e-02   0.00000000e+00
  4.00000000e-02  -5.63144103e-03   2.08758059e-02   0.00000000e+00
  4.50000000e-02  -7.00347472e-03   2.27665753e-02   0.00000000e+00
  5.00000000e-02  -8.48842378e-03   2.44688319e-02   0.00000000e+00
  5.50000000e-02  -1.00742286e-02   2.59758576e-02   0.00000000e+00
  6.00000000e-02  -1.17484315e-02   2.72817050e-02   0.00000000e+00
  6.50000000e-02  -1.34982259e-02   2.83812204e-02   0.00000000e+00
  7.00000000e-02  -1.53105071e-02   2.92700646e-02   0.00000000e+00
  7.50000000e-02  -1.71719235e-02   2.99447297e-02   0.00000000e+00
  8.00000000e-02  -1.90689298e-02   3.04025531e-02   0.00000000e+00
  8.50000000e-02  -2.09878402e-02   3.06417280e-02   0.00000000e+00
  9.00000000e-02  -2.29148823e-02   3.06613105e-02   0.00000000e+00
  9.50000000e-02  -2.48362518e-02   3.04612232e-02   0.00000000e+00
  1.00000000e-01  -2.67381667e-02   3.00422559e-02   0.00000000e+00
  1.05000000e-01  -2.86069219e-02   2.94060621e-02   0.00000000e+00
  1.10000000e-01  -3.04289430e-02   2.85551524e-02   0.00000000e+00
  1.15000000e-01  -3.21908401e-02   2.74928850e-02   0.00000000e+00
  1.20000000e-01  -3.38794605e-02   2.62234523e-02   0.00000000e+00
  1.25000000e-01  -3.54819409e-02   2.47518641e-02   0.00000000e+00
  1.30000000e-01  -3.69857578e-02   2.30839280e-02   0.00000000e+00
  1.35000000e-01  -3.83787771e-02   2.12262267e-02   0.00000000e+00
  1.40000000e-01  -3.96493020e-02   1.91860916e-02   0.00000000e+00
  1.45000000e-01  -4.07861190e-02   1.69715743e-02   0.00000000e+00
  1.50000000e-01  -4.17785425e-02   1.45914144e-02   0.00000000e+00
  1.55000000e-01  -4.26164566e-02   1.20550053e-02   0.00000000e+00
  1.60000000e-01  -4.32903553e-02   9.37235706e-03   0.00000000e+00
  1.65000000e-01  -4.37913797e-02   6.55405687e-03   0.00000000e+00
  1.70000000e-01  -4.41113533e-02   3.61122727e-03   0.00000000e+00
  1.75000000e-01  -4.42428142e-02   5.55482266e-04   0.00000000e+00
  1.80000000e-01  -4.41790442e-02  -2.60111853e-03   0.00000000e+00
  1.85000000e-01  -4.39140959e-02  -5.84611745e-03   0.00000000e+00
  1.90000000e-01  -4.34428157e-02  -9.16670797e-03   0.00000000e+00
  1.95000000e-01  -4.27608643e-02  -1.25497852e-02   0.00000000e+00
  2.00000000e-01  -4.18647337e-02  -1.59819978e-02   0.00000000e+00
  2.05000000e-01  -4.07517615e-02  -1.94498003e-02   0.00000000e+00
  2.10000000e-01  -3.94201408e-02  -2.29395069e-02   0.00000000e+00
  2.15000000e-01  -3.78689276e-02  -2.64373453e-02   0.00000000e+00
  2.20000000e-01  -3.60980448e-02  -2.99295111e-02   0.00000000e+00
  2.25000000e-01  -3.41082819e-02  -3.34022225e-02   0.00000000e+00
  2.30000000e-01  -3.19012924e-02  -3.68417741e-02   0.00000000e+00
  2.35000000e-01  -2.94795871e-02  -4.02345916e-02   0.00000000e+00
  2.40000000e-01  -2.68465241e-02  -4.35672852e-02   0.00000000e+00
  2.45000000e-01  -2.40062957e-02  -4.68267022e-02   0.00000000e+00
  2.50000000e-01  -2.09639118e-02  -4.99999792e-02   0.00000000e+00
  2.55000000e-01  -1.77251801e-02  -5.30745927e-02   0.00000000e+00
  2.60000000e-01  -1.42966830e-02  -5.60384087e-02   0.00000000e+00
  2.65000000e-01  -1.06857523e-02  -5.88797303e-02   0.00000000e+00
  2.70000000e-01  -6.90043917e-03  -6.15873440e-02   0.00000000e+00
  2.75000000e-01  -2.94948348e-03  -6.41505643e-02   0.00000000e+00
  2.80000000e-01   1.15772143e-03  -6.65592753e-02   0.00000000e+00
  2.85000000e-01   5.41116550e-03  -6.88039708e-02   0.00000000e+00
  2.90000000e-01   9.80026156e-03  -7.08757921e-02   0.00000000e+00
  2.95000000e-01   1.43138871e-02  -7.27665626e-02   0.00000000e+00
  3.00000000e-01   1.89404280e-02  -7.44688204e-02   0.00000000e+00
  3.05000000e-01   2.36678248e-02  -7.59758474e-02   0.00000000e+00
  3.10000000e-01   2.84836198e-02  -7.72816961e-02   0.00000000e+00
  3.15000000e-01   3.33750063e-02  -7.83812128e-02   0.00000000e+00
  3.20000000e-01   3.83288797e-02  -7.92700584e-02   0.00000000e+00
  3.25000000e-01   4.33318884e-02  -7.99447249e-02   0.00000000e+00
  3.30000000e-01   4.83704871e-02  -8.04025497e-02   0.00000000e+00
  3.35000000e-01   5.34309900e-02  -8.06417260e-02   0.00000000e+00
  3.40000000e-01   5.84996246e-02  -8.06613099e-02   0.00000000e+00
  3.45000000e-01   6.35625868e-02  -8.04612241e-02   0.00000000e+00
  3.50000000e-01   6.86060945e-02  -8.00422582e-02   0.00000000e+00
  3.55000000e-01   7.36164426e-02  -7.94060657e-02   0.00000000e+00
  3.60000000e-01   7.85800566e-02  -7.85551575e-02   0.00000000e+00
  3.65000000e-01   8.34835466e-02  -7.74928915e-02   0.00000000e+00
  3.70000000e-01   8.83137602e-02  -7.62234601e-02   0.00000000e+00
  3.75000000e-01   9.30578338e-02  -7.47518732e-02   0.00000000e+00
  3.80000000e-01   9.77032440e-02  -7.30839384e-02   0.00000000e+00
  3.85000000e-01   1.02237857e-01  -7.12262384e-02   0.00000000e+00
  3.90000000e-01   1.06649975e-01  -6.91861045e-02   0.00000000e+00
  3.95000000e-01   1.10928385e-01  -6.69715883e-02   0.00000000e+00
  4.00000000e-01   1.15062402e-01  -6.45914295e-02   0.00000000e+00
  4.05000000e-01   1.19041910e-01  -6.20550214e-02   0.00000000e+00
  4.10000000e-01   1.22857403e-01  -5.93723742e-02   0.00000000e+00
  4.15000000e-01   1.26500021e-01  -5.65540749e-02   0.00000000e+00
  4.20000000e-01   1.29961588e-01  -5.36112461e-02   0.00000000e+00
  4.25000000e-01   1.33234643e-01  -5.05555019e-02   0.00000000e+00
  4.30000000e-01   1.36312467e-01  -4.73989018e-02   0.00000000e+00
  4.35000000e-01   1.39189113e-01  -4.41539034e-02   0.00000000e+00
  4.40000000e-01   1.41859426e-01  -4.08333134e-02   0.00000000e+00
  4.45000000e-01   1.44319069e-01  -3.74502366e-02   0.00000000e+00
  4.50000000e-01   1.46564532e-01  -3.40180244e-02   0.00000000e+00
  4.55000000e-01   1.48593154e-01  -3.05502222e-02   0.00000000e+00
  4.60000000e-01   1.50403128e-01  -2.70605157e-02   0.00000000e+00
  4.65000000e-01   1.51993508e-01  -2.35626774e-02   0.00000000e+00
  4.70000000e-01   1.53364220e-01  -2.00705116e-02   0.00000000e+00
  4.75000000e-01   1.54516051e-01  -1.65978001e-02   0.00000000e+00
  4.80000000e-01   1.55450655e-01  -1.31582483e-02   0.00000000e+00
  4.85000000e-01   1.56170544e-01  -9.76543053e-03   0.00000000e+00
  4.90000000e-01   1.56679075e-01  -6.43273659e-03   0.00000000e+00
  4.95000000e-01   1.56980441e-01  -3.17331914e-03   0.00000000e+00
  5.00000000e-01   1.57079651e-01  -4.16105894e-08   0.00000000e+00
  5.05000000e-01   1.56982513e-01   3.07457253e-03   0.00000000e+00
  5.10000000e-01   1.56695610e-01   6.03838919e-03   0.00000000e+00
  5.15000000e-01   1.56226273e-01   8.87971153e-03   0.00000000e+00
  5.20000000e-01   1.55582554e-01   1.15873262e-02   0.00000000e+00
  5.25000000e-01   1.54773192e-01   1.41505474e-02   0.00000000e+00
  5.30000000e-01   1.53807581e-01   1.65592593e-02   0.00000000e+00
  5.35000000e-01   1.52695730e-01   1.88039558e-02   0.00000000e+00
  5.40000000e-01   1.51448228e-01   2.08757782e-02   0.00000000e+00
  5.45000000e-01   1.50076196e-01   2.27665499e-02   0.00000000e+00
  5.50000000e-01   1.48591248e-01   2.44688089e-02   0.00000000e+00
  5.55000000e-01   1.47005445e-01   2.59758372e-02   0.00000000e+00
  5.60000000e-01   1.45331243e-01   2.72816871e-02   0.00000000e+00
  5.65000000e-01   1.43581450e-01   2.83812052e-02   0.00000000e+00
  5.70000000e-01   1.41769169e-01   2.92700521e-02   0.00000000e+00
  5.75000000e-01   1.39907754e-01   2.99447200e-02   0.00000000e+00
  5.80000000e-01   1.38010748e-01   3.04025462e-02   0.00000000e+00
  5.85000000e-01   1.36091838e-01   3.06417239e-02   0.00000000e+00
  5.90000000e-01   1.34164796e-01   3.06613093e-02   0.00000000e+00
  5.95000000e-01   1.32243426e-01   3.04612249e-02   0.00000000e+00
  6.00000000e-01   1.30341511e-01   3.00422604e-02   0.00000000e+00
  6.05000000e-01   1.28472756e-01   2.94060694e-02   0.00000000e+00
  6.10000000e-01   1.26650734e-01   2.85551625e-02   0.00000000e+00
  6.15000000e-01   1.24888836e-01   2.74928979e-02   0.00000000e+00
  6.20000000e-01   1.23200215e-01   2.62234679e-02   0.00000000e+00
  6.25000000e-01   1.21597733e-01   2.47518823e-02   0.00000000e+00
  6.30000000e-01   1.20093915e-01   2.30839488e-02   0.00000000e+00
  6.35000000e-01   1.18700895e-01   2.12262500e-02   0.00000000e+00
  6.40000000e-01   1.17430368e-01   1.91861174e-02   0.00000000e+00
  6.45000000e-01   1.16293549e-01   1.69716023e-02   0.00000000e+00
  6.50000000e-01   1.15301124e-01   1.45914446e-02   0.00000000e+00
  6.55000000e-01   1.14463208e-01   1.20550376e-02   0.00000000e+00
  6.60000000e-01   1.13789307e-01   9.37239129e-03   0.00000000e+00
  6.65000000e-01   1.13288281e-01   6.55409291e-03   0.00000000e+00
  6.70000000e-01   1.12968305e-01   3.61126498e-03   0.00000000e+00
  6.75000000e-01   1.12836841e-01   5.55521487e-04   0.00000000e+00
  6.80000000e-01   1.12900609e-01  -2.60107794e-03   0.00000000e+00
  6.85000000e-01   1.13165555e-01  -5.84607566e-03   0.00000000e+00
  6.90000000e-01   1.13636832e-01  -9.16666515e-03   0.00000000e+00
  6.95000000e-01   1.14318781e-01  -1.25497415e-02   0.00000000e+00
  7.00000000e-01   1.15214909e-01  -1.59819534e-02   0.00000000e+00
  7.05000000e-01   1.16327878e-01  -1.94497554e-02   0.00000000e+00
  7.10000000e-01   1.17659496e-01  -2.29394616e-02   0.00000000e+00
  7.15000000e-01   1.19210706e-01  -2.64372999e-02   0.00000000e+00
  7.20000000e-01   1.20981586e-01  -2.99294657e-02   0.00000000e+00
  7.25000000e-01   1.22971346e-01  -3.34021773e-02   0.00000000e+00
  7.30000000e-01   1.25178333e-01  -3.68417292e-02   0.00000000e+00
  7.35000000e-01   1.27600035e-01  -4.02345473e-02   0.00000000e+00
  7.40000000e-01   1.30233096e-01  -4.35672416e-02   0.00000000e+00
  7.45000000e-01   1.33073321e-01  -4.68266595e-02   0.00000000e+00
  7.50000000e-01   1.36115703e-01  -4.99999376e-02   0.00000000e+00
  7.55000000e-01   1.39354432e-01  -5.30745523e-02   0.00000000e+00
  7.60000000e-01   1.42782926e-01  -5.60383697e-02   0.00000000e+00
  7.65000000e-01   1.46393855e-01  -5.88796928e-02   0.00000000e+00
  7.70000000e-01   1.50179165e-01  -6.15873083e-02   0.00000000e+00
  7.75000000e-01   1.54130119e-01  -6.41505304e-02   0.00000000e+00
  7.80000000e-01   1.58237322e-01  -6.65592433e-02   0.00000000e+00
  7.85000000e-01   1.62490764e-01  -6.88039409e-02   0.00000000e+00
  7.90000000e-01   1.66879858e-01  -7.08757644e-02   0.00000000e+00
  7.95000000e-01   1.71393482e-01  -7.27665372e-02   0.00000000e+00
  8.00000000e-01   1.76020021e-01  -7.44687975e-02   0.00000000e+00
  8.05000000e-01   1.80747417e-01  -7.59758270e-02   0.00000000e+00
  8.10000000e-01   1.85563211e-01  -7.72816782e-02   0.00000000e+00
  8.15000000e-01   1.90454596e-01  -7.83811976e-02   0.00000000e+00
  8.20000000e-01   1.95408469e-01  -7.92700459e-02   0.00000000e+00
  8.25000000e-01   2.00411477e-01  -7.99447152e-02   0.00000000e+00
  8.30000000e-01   2.05450075e-01  -8.04025428e-02   0.00000000e+00
  8.35000000e-01   2.10510577e-01  -8.06417219e-02   0.00000000e+00
  8.40000000e-01   2.15579212e-01  -8.06613087e-02   0.00000000e+00
  8.45000000e-01   2.20642174e-01  -8.04612257e-02   0.00000000e+00
  8.50000000e-01   2.25685682e-01  -8.00422627e-02   0.00000000e+00
  8.55000000e-01   2.30696030e-01  -7.94060731e-02   0.00000000e+00
  8.60000000e-01   2.35659645e-01  -7.85551676e-02   0.00000000e+00
  8.65000000e-01   2.40563136e-01  -7.74929044e-02   0.00000000e+00
  8.70000000e-01   2.45393350e-01  -7.62234757e-02   0.00000000e+00
  8.75000000e-01   2.50137425e-01  -7.47518914e-02   0.00000000e+00
  8.80000000e-01   2.54782836e-01  -7.30839592e-02   0.00000000e+00
  8.85000000e-01   2.59317450e-01  -7.12262617e-02   0.00000000e+00
  8.90000000e-01   2.63729570e-01  -6.91861302e-02   0.00000000e+00
  8.95000000e-01   2.68007982e-01  -6.69716163e-02   0.00000000e+00
  9.00000000e-01   2.72142001e-01  -6.45914597e-02   0.00000000e+00
  9.05000000e-01   2.76121511e-01  -6.20550537e-02   0.00000000e+00
  9.10000000e-01   2.79937005e-01  -5.93724084e-02   0.00000000e+00
  9.15000000e-01   2.83579626e-01  -5.65541109e-02   0.00000000e+00
  9.20000000e-01   2.87041196e-01  -5.36112838e-02   0.00000000e+00
  9.25000000e-01   2.90314253e-01  -5.05555411e-02   0.00000000e+00
  9.30000000e-01   2.93392079e-01  -4.73989423e-02   0.00000000e+00
  9.35000000e-01   2.96268727e-01  -4.41539452e-02   0.00000000e+00
  9.40000000e-01   2.98939044e-01  -4.08333563e-02   0.00000000e+00
  9.45000000e-01   3.01398689e-01  -3.74502803e-02   0.00000000e+00
  9.50000000e-01   3.03644155e-01  -3.40180688e-02   0.00000000e+00
  9.55000000e-01   3.05672780e-01  -3.05502671e-02   0.00000000e+00
  9.60000000e-01   3.07482756e-01  -2.70605610e-02   0.00000000e+00
  9.65000000e-01   3.09073140e-01  -2.35627228e-02   0.00000000e+00
  9.70000000e-01   3.10443854e-01  -2.00705570e-02   0.00000000e+00
  9.75000000e-01   3.11595688e-01  -1.65978453e-02   0.00000000e+00
  9.80000000e-01   3.12530295e-01  -1.31582932e-02   0.00000000e+00
  9.85000000e-01   3.13250187e-01  -9.76547483e-03   0.00000000e+00
  9.90000000e-01   3.13758721e-01  -6.43278016e-03   0.00000000e+00
  9.95000000e-01   3.14060089e-01  -3.17336182e-03   0.00000000e+00
  1.00000000e+00   3.14159302e-01  -8.32211918e-08   0.00000000e+00
  1.00500000e+00   3.14062167e-01   3.07453215e-03   0.00000000e+00
  1.01000000e+00   3.13775266e-01   6.03835019e-03   0.00000000e+00
  1.01500000e+00   3.13305931e-01   8.87967407e-03   0.00000000e+00
  1.02000000e+00   3.12662214e-01   1.15872904e-02   0.00000000e+00
  1.02500000e+00   3.11852855e-01   1.41505134e-02   0.00000000e+00
  1.03000000e+00   3.10887246e-01   1.65592273e-02   0.00000000e+00
  1.03500000e+00   3.09775397e-01   1.88039260e-02   0.00000000e+00
  1.04000000e+00   3.08527896e-01   2.08757506e-02   0.00000000e+00
  1.04500000e+00   3.07155866e-01   2.27665246e-02   0.00000000e+00
  1.05000000e+00   3.05670920e-01   2.44687860e-02   0.00000000e+00
  1.05500000e+00   3.04085118e-01   2.59758167e-02   0.00000000e+00
  1.06000000e+00   3.02410917e-01   2.72816693e-02   0.00000000e+00
  1.06500000e+00   3.00661125e-01   2.83811900e-02   0.00000000e+00
  1.07000000e+00   2.98848846e-01   2.92700397e-02   0.00000000e+00
  1.07500000e+00   2.96987431e-01   2.99447103e-02   0.00000000e+00
  1.08000000e+00   2.95090425e-01   3.04025393e-02   0.00000000e+00
  1.08500000e+00   2.93171516e-01   3.06417199e-02   0.00000000e+00
  1.09000000e+00   2.91244474e-01   3.06613081e-02   0.00000000e+00
  1.09500000e+00   2.89323104e-01   3.04612265e-02   0.00000000e+00
  1.10000000e+00   2.87421189e-01   3.00422649e-02   0.00000000e+00
  1.10500000e+00   2.85552433e-01   2.94060767e-02   0.00000000e+00
  1.11000000e+00   2.83730411e-01   2.85551726e-02   0.00000000e+00
  1.11500000e+00   2.81968512e-01   2.74929108e-02   0.00000000e+00
  1.12000000e+00   2.80279890e-01   2.62234835e-02   0.00000000e+00
  1.12500000e+00   2.78677408e-01   2.47519006e-02   0.00000000e+00
  1.13000000e+00   2.77173588e-01   2.30839697e-02   0.00000000e+00
  1.13500000e+00   2.75780566e-01   2.12262733e-02   0.00000000e+00
  1.14000000e+00   2.74510038e-01   1.91861431e-02   0.00000000e+00
  1.14500000e+00   2.73373218e-01   1.69716303e-02   0.00000000e+00
  1.15000000e+00   2.72380791e-01   1.45914748e-02   0.00000000e+00
  1.15500000e+00   2.71542873e-01   1.20550699e-02   0.00000000e+00
  1.16000000e+00   2.70868970e-01   9.37242552e-03   0.00000000e+00
  1.16500000e+00   2.70367941e-01   6.55412895e-03   0.00000000e+00
  1.17000000e+00   2.70047963e-01   3.61130268e-03   0.00000000e+00
  1.17500000e+00   2.69916497e-01   5.55560707e-04   0.00000000e+00
  1.18000000e+00   2.69980262e-01  -2.60103736e-03   0.00000000e+00
  1.18500000e+00   2.70245205e-01  -5.84603388e-03   0.00000000e+00
  1.19000000e+00   2.70716480e-01  -9.16662232e-03   0.00000000e+00
  1.19500000e+00   2.71398426e-01  -1.25496979e-02   0.00000000e+00
  1.20000000e+00   2.72294551e-01  -1.59819090e-02   0.00000000e+00
  1.20500000e+00   2.73407518e-01  -1.94497105e-02   0.00000000e+00
  1.21000000e+00   2.74739133e-01  -2.29394164e-02   0.00000000e+00
  1.21500000e+00   2.76290340e-01  -2.64372544e-02   0.00000000e+00
  1.22000000e+00   2.78061217e-01  -2.99294203e-02   0.00000000e+00
  1.22500000e+00   2.80050974e-01  -3.34021320e-02   0.00000000e+00
  1.23000000e+00   2.82257958e-01  -3.68416844e-02   0.00000000e+00
  1.23500000e+00   2.84679658e-01  -4.02345030e-02   0.00000000e+00
  1.24000000e+00   2.87312715e-01  -4.35671981e-02   0.00000000e+00
  1.24500000e+00   2.90152938e-01  -4.68266168e-02   0.00000000e+00
  1.25000000e+00   2.93195317e-01  -4.99998960e-02   0.00000000e+00
  1.25500000e+00   2.96434044e-01  -5.30745120e-02   0.00000000e+00
  1.26000000e+00   2.99862536e-01  -5.60383307e-02   0.00000000e+00
  1.26500000e+00   3.03473462e-01  -5.88796553e-02   0.00000000e+00
  1.27000000e+00   3.07258770e-01  -6.15872725e-02   0.00000000e+00
  1.27500000e+00   3.11209721e-01  -6.41504965e-02   0.00000000e+00
  1.28000000e+00   3.15316922e-01  -6.65592113e-02   0.00000000e+00
  1.28500000e+00   3.19570362e-01  -6.88039110e-02   0.00000000e+00
  1.29000000e+00   3.23959455e-01  -7.08757367e-02   0.00000000e+00
  1.29500000e+00   3.28473077e-01  -7.27665119e-02   0.00000000e+00
  1.30000000e+00   3.33099615e-01  -7.44687745e-02   0.00000000e+00
  1.30500000e+00   3.37827009e-01  -7.59758065e-02   0.00000000e+00
  1.31000000e+00   3.42642802e-01  -7.72816604e-02   0.00000000e+00
  1.31500000e+00   3.47534186e-01  -7.83811825e-02   0.00000000e+00
  1.32000000e+00   3.52488058e-01  -7.92700334e-02   0.00000000e+00
  1.32500000e+00   3.57491065e-01  -7.99447055e-02   0.00000000e+00
  1.33000000e+00   3.62529663e-01  -8.04025359e-02   0.00000000e+00
  1.33500000e+00   3.67590165e-01  -8.06417179e-02   0.00000000e+00
  1.34000000e+00   3.72658799e-01  -8.06613075e-02   0.00000000e+00
  1.34500000e+00   3.77721761e-01  -8.04612274e-02   0.00000000e+00
  1.35000000e+00   3.82765269e-01  -8.00422672e-02   0.00000000e+00
  1.35500000e+00   3.87775618e-01  -7.94060804e-02   0.00000000e+00
  1.36000000e+00   3.92739233e-01  -7.85551777e-02   0.00000000e+00
  1.36500000e+00   3.97642725e-01  -7.74929173e-02   0.00000000e+00
  1.37000000e+00   4.02472940e-01  -7.62234913e-02   0.00000000e+00
  1.37500000e+00   4.07217016e-01  -7.47519097e-02   0.00000000e+00
  1.38000000e+00   4.11862429e-01  -7.30839801e-02   0.00000000e+00
  1.38500000e+00   4.16397044e-01  -7.12262850e-02   0.00000000e+00
  1.39000000e+00   4.20809165e-01  -6.91861559e-02   0.00000000e+00
  1.39500000e+00   4.25087579e-01  -6.69716444e-02   0.00000000e+00
  1.40000000e+00   4.29221600e-01  -6.45914899e-02   0.00000000e+00
  1.40500000e+00   4.33201112e-01  -6.20550860e-02   0.00000000e+00
  1.41000000e+00   4.37016608e-01  -5.93724426e-02   0.00000000e+00
  1.41500000e+00   4.40659231e-01  -5.65541470e-02   0.00000000e+00
  1.42000000e+00   4.44120803e-01  -5.36113215e-02   0.00000000e+00
  1.42500000e+00   4.47393862e-01  -5.05555803e-02   0.00000000e+00
  1.43000000e+00   4.50471691e-01  -4.73989829e-02   0.00000000e+00
  1.43500000e+00   4.53348342e-01  -4.41539870e-02   0.00000000e+00
  1.44000000e+00   4.56018661e-01  -4.08333991e-02   0.00000000e+00
  1.44500000e+00   4.58478309e-01  -3.74503240e-02   0.00000000e+00
  1.45000000e+00   4.60723778e-01  -3.40181132e-02   0.00000000e+00
  1.45500000e+00   4.62752406e-01  -3.05503120e-02   0.00000000e+00
  1.46000000e+00   4.64562385e-01  -2.70606063e-02   0.00000000e+00
  1.46500000e+00   4.66152771e-01  -2.35627683e-02   0.00000000e+00
  1.47000000e+00   4.67523488e-01  -2.00706024e-02   0.00000000e+00
  1.47500000e+00   4.68675325e-01  -1.65978906e-02   0.00000000e+00
  1.48000000e+00   4.69609935e-01  -1.31583380e-02   0.00000000e+00
  1.48500000e+00   4.70329830e-01  -9.76551912e-03   0.00000000e+00
  1.49000000e+00   4.70838366e-01  -6.43282373e-03   0.00000000e+00
  1.49500000e+00   4.71139737e-01  -3.17340449e-03   0.00000000e+00
  1.50000000e+00   4.71238953e-01  -1.24831807e-07   0.00000000e+00
  1.50500000e+00   4.71141820e-01   3.07449176e-03   0.00000000e+00
  1.51000000e+00   4.70854922e-01   6.03831119e-03   0.00000000e+00
  1.51500000e+00   4.70385590e-01   8.87963662e-03   0.00000000e+00
  1.52000000e+00   4.69741875e-01   1.15872546e-02   0.00000000e+00
  1.52500000e+00   4.68932518e-01   1.41504795e-02   0.00000000e+00
  1.53000000e+00   4.67966911e-01   1.65591953e-02   0.00000000e+00
  1.53500000e+00   4.66855064e-01   1.88038961e-02   0.00000000e+00
  1.54000000e+00   4.65607565e-01   2.08757229e-02   0.00000000e+00
  1.54500000e+00   4.64235536e-01   2.27664992e-02   0.00000000e+00
  1.55000000e+00   4.62750592e-01   2.44687630e-02   0.00000000e+00
  1.55500000e+00   4.61164791e-01   2.59757963e-02   0.00000000e+00
  1.56000000e+00   4.59490592e-01   2.72816515e-02   0.00000000e+00
  1.56500000e+00   4.57740801e-01   2.83811749e-02   0.00000000e+00
  1.57000000e+00   4.55928522e-01   2.92700272e-02   0.00000000e+00
  1.57500000e+00   4.54067108e-01   2.99447006e-02   0.00000000e+00
  1.58000000e+00   4.52170103e-01   3.04025324e-02   0.00000000e+00
  1.58500000e+00   4.50251194e-01   3.06417158e-02   0.00000000e+00
  1.59000000e+00   4.48324152e-01   3.06613068e-02   0.00000000e+00
  1.59500000e+00   4.46402782e-01   3.04612282e-02   0.00000000e+00
  1.60000000e+00   4.44500867e-01   3.00422694e-02   0.00000000e+00
  1.60500000e+00   4.42632111e-01   2.94060841e-02   0.00000000e+00
  1.61000000e+00   4.40810088e-01   2.85551828e-02   0.00000000e+00
  1.61500000e+00   4.39048189e-01   2.74929237e-02   0.00000000e+00
  1.62000000e+00   4.37359566e-01   2.62234991e-02   0.00000000e+00
  1.62500000e+00   4.35757082e-01   2.47519188e-02   0.00000000e+00
  1.63000000e+00   4.34253261e-01   2.30839905e-02   0.00000000e+00
  1.63500000e+00   4.32860238e-01   2.12262967e-02   0.00000000e+00
  1.64000000e+00   4.31589708e-01   1.91861688e-02   0.00000000e+00
  1.64500000e+00   4.30452886e-01   1.69716584e-02   0.00000000e+00
  1.65000000e+00   4.29460457e-01   1.45915050e-02   0.00000000e+00
  1.65500000e+00   4.28622537e-01   1.20551021e-02   0.00000000e+00
  1.66000000e+00   4.27948632e-01   9.37245974e-03   0.00000000e+00
  1.66500000e+00   4.27447601e-01   6.55416498e-03   0.00000000e+00
  1.67000000e+00   4.27127621e-01   3.61134038e-03   0.00000000e+00
  1.67500000e+00   4.26996153e-01   5.55599928e-04   0.00000000e+00
  1.68000000e+00   4.27059915e-01  -2.60099678e-03   0.00000000e+00
  1.68500000e+00   4.27324856e-01  -5.84599209e-03   0.00000000e+00
  1.69000000e+00   4.27796128e-01  -9.16657950e-03   0.00000000e+00
  1.69500000e+00   4.28478071e-01  -1.25496542e-02   0.00000000e+00
  1.70000000e+00   4.29374193e-01  -1.59818646e-02   0.00000000e+00
  1.70500000e+00   4.30487157e-01  -1.94496656e-02   0.00000000e+00
  1.71000000e+00   4.31818769e-01  -2.29393711e-02   0.00000000e+00
  1.71500000e+00   4.33369974e-01  -2.64372090e-02   0.00000000e+00
  1.72000000e+00   4.35140848e-01  -2.99293749e-02   0.00000000e+00
  1.72500000e+00   4.37130603e-01  -3.34020868e-02   0.00000000e+00
  1.73000000e+00   4.39337584e-01  -3.68416395e-02   0.00000000e+00
  1.73500000e+00   4.41759281e-01  -4.02344587e-02   0.00000000e+00
  1.74000000e+00   4.44392335e-01  -4.35671545e-02   0.00000000e+00
  1.74500000e+00   4.47232556e-01  -4.68265742e-02   0.00000000e+00
  1.75000000e+00   4.50274931e-01  -4.99998544e-02   0.00000000e+00
  1.75500000e+00   4.53513656e-01  -5.30744716e-02   0.00000000e+00
  1.76000000e+00   4.56942145e-01  -5.60382917e-02   0.00000000e+00
  1.76500000e+00   4.60553069e-01  -5.88796179e-02   0.00000000e+00
  1.77000000e+00   4.64338375e-01  -6.15872367e-02   0.00000000e+00
  1.77500000e+00   4.68289324e-01  -6.41504625e-02   0.00000000e+00
  1.78000000e+00   4.72396523e-01  -6.65591794e-02   0.00000000e+00
  1.78500000e+00   4.76649961e-01  -6.88038811e-02   0.00000000e+00
  1.79000000e+00   4.81039051e-01  -7.08757090e-02   0.00000000e+00
  1.79500000e+00   4.85552672e-01  -7.27664865e-02   0.00000000e+00
  1.80000000e+00   4.90179208e-01  -7.44687516e-02   0.00000000e+00
  1.80500000e+00   4.94906601e-01  -7.59757861e-02   0.00000000e+00
  1.81000000e+00   4.99722392e-01  -7.72816425e-02   0.00000000e+00
  1.81500000e+00   5.04613776e-01  -7.83811673e-02   0.00000000e+00
  1.82000000e+00   5.09567647e-01  -7.92700210e-02   0.00000000e+00
  1.82500000e+00   5.14570653e-01  -7.99446958e-02   0.00000000e+00
  1.83000000e+00   5.19609250e-01  -8.04025290e-02   0.00000000e+00
  1.83500000e+00   5.24669752e-01  -8.06417138e-02   0.00000000e+00
  1.84000000e+00   5.29738386e-01  -8.06613062e-02   0.00000000e+00
  1.84500000e+00   5.34801349e-01  -8.04612290e-02   0.00000000e+00
  1.85000000e+00   5.39844857e-01  -8.00422717e-02   0.00000000e+00
  1.85500000e+00   5.44855206e-01  -7.94060877e-02   0.00000000e+00
  1.86000000e+00   5.49818822e-01  -7.85551878e-02   0.00000000e+00
  1.86500000e+00   5.54722314e-01  -7.74929302e-02   0.00000000e+00
  1.87000000e+00   5.59552530e-01  -7.62235069e-02   0.00000000e+00
  1.87500000e+00   5.64296607e-01  -7.47519279e-02   0.00000000e+00
  1.88000000e+00   5.68942021e-01  -7.30840009e-02   0.00000000e+00
  1.88500000e+00   5.73476638e-01  -7.12263083e-02   0.00000000e+00
  1.89000000e+00   5.77888761e-01  -6.91861817e-02   0.00000000e+00
  1.89500000e+00   5.82167176e-01  -6.69716724e-02   0.00000000e+00
  1.90000000e+00   5.86301199e-01  -6.45915201e-02   0.00000000e+00
  1.90500000e+00   5.90280712e-01  -6.20551183e-02   0.00000000e+00
  1.91000000e+00   5.94096211e-01  -5.93724769e-02   0.00000000e+00
  1.91500000e+00   5.97738836e-01  -5.65541830e-02   0.00000000e+00
  1.92000000e+00   6.01200410e-01  -5.36113592e-02   0.00000000e+00
  1.92500000e+00   6.04473472e-01  -5.05556195e-02   0.00000000e+00
  1.93000000e+00   6.07551304e-01  -4.73990235e-02   0.00000000e+00
  1.93500000e+00   6.10427957e-01  -4.41540288e-02   0.00000000e+00
  1.94000000e+00   6.13098279e-01  -4.08334419e-02   0.00000000e+00
  1.94500000e+00   6.15557929e-01  -3.74503677e-02   0.00000000e+00
  1.95000000e+00   6.17803401e-01  -3.40181576e-02   0.00000000e+00
  1.95500000e+00   6.19832032e-01  -3.05503569e-02   0.00000000e+00
  1.96000000e+00   6.21642013e-01  -2.70606515e-02   0.00000000e+00
  1.96500000e+00   6.23232403e-01  -2.35628137e-02   0.00000000e+00
  1.97000000e+00   6.24603123e-01  -2.00706478e-02   0.00000000e+00
  1.97500000e+00   6.25754962e-01  -1.65979358e-02   0.00000000e+00
  1.98000000e+00   6.26689575e-01  -1.31583829e-02   0.00000000e+00
  1.98500000e+00   6.27409473e-01  -9.76556341e-03   0.00000000e+00
  1.99000000e+00   6.27918012e-01  -6.43286730e-03   0.00000000e+00
  1.99500000e+00   6.28219386e-01  -3.17344717e-03   0.00000000e+00
  2.00000000e+00   6.28318604e-01  -1.66442436e-07   0.00000000e+00
  2.00500000e+00   6.28221474e-01   3.07445138e-03   0.00000000e+00
  2.01000000e+00   6.27934578e-01   6.03827220e-03   0.00000000e+00
  2.01500000e+00   6.27465248e-01   8.87959917e-03   0.00000000e+00
  2.02000000e+00   6.26821536e-01   1.15872189e-02   0.00000000e+00
  2.02500000e+00   6.26012181e-01   1.41504456e-02   0.00000000e+00
  2.03000000e+00   6.25046576e-01   1.65591634e-02   0.00000000e+00
  2.03500000e+00   6.23934731e-01   1.88038662e-02   0.00000000e+00
  2.04000000e+00   6.22687234e-01   2.08756952e-02   0.00000000e+00
  2.04500000e+00   6.21315207e-01   2.27664739e-02   0.00000000e+00
  2.05000000e+00   6.19830264e-01   2.44687401e-02   0.00000000e+00
  2.05500000e+00   6.18244464e-01   2.59757759e-02   0.00000000e+00
  2.06000000e+00   6.16570266e-01   2.72816336e-02   0.00000000e+00
  2.06500000e+00   6.14820476e-01   2.83811597e-02   0.00000000e+00
  2.07000000e+00   6.13008198e-01   2.92700148e-02   0.00000000e+00
  2.07500000e+00   6.11146785e-01   2.99446909e-02   0.00000000e+00
  2.08000000e+00   6.09249781e-01   3.04025255e-02   0.00000000e+00
  2.08500000e+00   6.07330872e-01   3.06417118e-02   0.00000000e+00
  2.09000000e+00   6.05403830e-01   3.06613056e-02   0.00000000e+00
  2.09500000e+00   6.03482461e-01   3.04612298e-02   0.00000000e+00
  2.10000000e+00   6.01580545e-01   3.00422739e-02   0.00000000e+00
  2.10500000e+00   5.99711788e-01   2.94060914e-02   0.00000000e+00
  2.11000000e+00   5.97889765e-01   2.85551929e-02   0.00000000e+00
  2.11500000e+00   5.96127865e-01   2.74929366e-02   0.00000000e+00
  2.12000000e+00   5.94439241e-01   2.62235147e-02   0.00000000e+00
  2.12500000e+00   5.92836756e-01   2.47519371e-02   0.00000000e+00
  2.13000000e+00   5.91332934e-01   2.30840113e-02   0.00000000e+00
  2.13500000e+00   5.89939910e-01   2.12263200e-02   0.00000000e+00
  2.14000000e+00   5.88669379e-01   1.91861945e-02   0.00000000e+00
  2.14500000e+00   5.87532555e-01   1.69716864e-02   0.00000000e+00
  2.15000000e+00   5.86540124e-01   1.45915352e-02   0.00000000e+00
  2.15500000e+00   5.85702202e-01   1.20551344e-02   0.00000000e+00
  2.16000000e+00   5.85028295e-01   9.37249397e-03   0.00000000e+00
  2.16500000e+00   5.84527262e-01   6.55420102e-03   0.00000000e+00
  2.17000000e+00   5.84207279e-01   3.61137809e-03   0.00000000e+00
  2.17500000e+00   5.84075808e-01   5.55639149e-04   0.00000000e+00
  2.18000000e+00   5.84139568e-01  -2.60095619e-03   0.00000000e+00
  2.18500000e+00   5.84404506e-01  -5.84595030e-03   0.00000000e+00
  2.19000000e+00   5.84875776e-01  -9.16653667e-03   0.00000000e+00
  2.19500000e+00   5.85557716e-01  -1.25496105e-02   0.00000000e+00
  2.20000000e+00   5.86453836e-01  -1.59818203e-02   0.00000000e+00
  2.20500000e+00   5.87566797e-01  -1.94496207e-02   0.00000000e+00
  2.21000000e+00   5.88898406e-01  -2.29393259e-02   0.00000000e+00
  2.21500000e+00   5.90449608e-01  -2.64371636e-02   0.00000000e+00
  2.22000000e+00   5.92220479e-01  -2.99293295e-02   0.00000000e+00
  2.22500000e+00   5.94210231e-01  -3.34020416e-02   0.00000000e+00
  2.23000000e+00   5.96417209e-01  -3.68415947e-02   0.00000000e+00
  2.23500000e+00   5.98838903e-01  -4.02344144e-02   0.00000000e+00
  2.24000000e+00   6.01471955e-01  -4.35671109e-02   0.00000000e+00
  2.24500000e+00   6.04312173e-01  -4.68265315e-02   0.00000000e+00
  2.25000000e+00   6.07354546e-01  -4.99998128e-02   0.00000000e+00
  2.25500000e+00   6.10593267e-01  -5.30744312e-02   0.00000000e+00
  2.26000000e+00   6.14021754e-01  -5.60382527e-02   0.00000000e+00
  2.26500000e+00   6.17632676e-01  -5.88795804e-02   0.00000000e+00
  2.27000000e+00   6.21417979e-01  -6.15872010e-02   0.00000000e+00
  2.27500000e+00   6.25368926e-01  -6.41504286e-02   0.00000000e+00
  2.28000000e+00   6.29476123e-01  -6.65591474e-02   0.00000000e+00
  2.28500000e+00   6.33729559e-01  -6.88038513e-02   0.00000000e+00
  2.29000000e+00   6.38118648e-01  -7.08756814e-02   0.00000000e+00
  2.29500000e+00   6.42632267e-01  -7.27664612e-02   0.00000000e+00
  2.30000000e+00   6.47258802e-01  -7.44687286e-02   0.00000000e+00
  2.30500000e+00   6.51986193e-01  -7.59757657e-02   0.00000000e+00
  2.31000000e+00   6.56801983e-01  -7.72816247e-02   0.00000000e+00
  2.31500000e+00   6.61693366e-01  -7.83811521e-02   0.00000000e+00
  2.32000000e+00   6.66647236e-01  -7.92700085e-02   0.00000000e+00
  2.32500000e+00   6.71650242e-01  -7.99446861e-02   0.00000000e+00
  2.33000000e+00   6.76688838e-01  -8.04025221e-02   0.00000000e+00
  2.33500000e+00   6.81749340e-01  -8.06417097e-02   0.00000000e+00
  2.34000000e+00   6.86817974e-01  -8.06613050e-02   0.00000000e+00
  2.34500000e+00   6.91880936e-01  -8.04612307e-02   0.00000000e+00
  2.35000000e+00   6.96924444e-01  -8.00422762e-02   0.00000000e+00
  2.35500000e+00   7.01934794e-01  -7.94060950e-02   0.00000000e+00
  2.36000000e+00   7.06898410e-01  -7.85551980e-02   0.00000000e+00
  2.36500000e+00   7.11801903e-01  -7.74929430e-02   0.00000000e+00
  2.37000000e+00   7.16632120e-01  -7.62235225e-02   0.00000000e+00
  2.37500000e+00   7.21376198e-01  -7.47519462e-02   0.00000000e+00
  2.38000000e+00   7.26021613e-01  -7.30840217e-02   0.00000000e+00
  2.38500000e+00   7.30556231e-01  -7.12263316e-02   0.00000000e+00
  2.39000000e+00   7.34968356e-01  -6.91862074e-02   0.00000000e+00
  2.39500000e+00   7.39246773e-01  -6.69717004e-02   0.00000000e+00
  2.40000000e+00   7.43380797e-01  -6.45915503e-02   0.00000000e+00
  2.40500000e+00   7.47360313e-01  -6.20551506e-02   0.00000000e+00
  2.41000000e+00   7.51175814e-01  -5.93725111e-02   0.00000000e+00
  2.41500000e+00   7.54818441e-01  -5.65542190e-02   0.00000000e+00
  2.42000000e+00   7.58280018e-01  -5.36113969e-02   0.00000000e+00
  2.42500000e+00   7.61553082e-01  -5.05556588e-02   0.00000000e+00
  2.43000000e+00   7.64630916e-01  -4.73990641e-02   0.00000000e+00
  2.43500000e+00   7.67507572e-01  -4.41540706e-02   0.00000000e+00
  2.44000000e+00   7.70177896e-01  -4.08334847e-02   0.00000000e+00
  2.44500000e+00   7.72637550e-01  -3.74504114e-02   0.00000000e+00
  2.45000000e+00   7.74883024e-01  -3.40182019e-02   0.00000000e+00
  2.45500000e+00   7.76911657e-01  -3.05504018e-02   0.00000000e+00
  2.46000000e+00   7.78721642e-01  -2.70606968e-02   0.00000000e+00
  2.46500000e+00   7.80312034e-01  -2.35628591e-02   0.00000000e+00
  2.47000000e+00   7.81682757e-01  -2.00706932e-02   0.00000000e+00
  2.47500000e+00   7.82834600e-01  -1.65979810e-02   0.00000000e+00
  2.48000000e+00   7.83769215e-01  -1.31584277e-02   0.00000000e+00
  2.48500000e+00   7.84489115e-01  -9.76560771e-03   0.00000000e+00
  2.49000000e+00   7.84997657e-01  -6.43291087e-03   0.00000000e+00
  2.49500000e+00   7.85299034e-01  -3.17348984e-03   0.00000000e+00
  2.50000000e+00   7.85398255e-01  -2.08053078e-07   0.00000000e+00
  2.50500000e+00   7.85301127e-01   3.07441100e-03   0.00000000e+00
  2.51000000e+00   7.85014234e-01   6.03823320e-03   0.00000000e+00
  2.51500000e+00   7.84544907e-01   8.87956171e-03   0.00000000e+00
  2.52000000e+00   7.83901197e-01   1.15871831e-02   0.00000000e+00
  2.52500000e+00   7.83091843e-01   1.41504116e-02   0.00000000e+00
  2.53000000e+00   7.82126240e-01   1.65591314e-02   0.00000000e+00
  2.53500000e+00   7.81014398e-01   1.88038363e-02   0.00000000e+00
  2.54000000e+00   7.79766903e-01   2.08756675e-02   0.00000000e+00
  2.54500000e+00   7.78394877e-01   2.27664485e-02   0.00000000e+00
  2.55000000e+00   7.76909936e-01   2.44687172e-02   0.00000000e+00
  2.55500000e+00   7.75324138e-01   2.59757555e-02   0.00000000e+00
  2.56000000e+00   7.73649941e-01   2.72816158e-02   0.00000000e+00
  2.56500000e+00   7.71900152e-01   2.83811445e-02   0.00000000e+00
  2.57000000e+00   7.70087875e-01   2.92700023e-02   0.00000000e+00
  2.57500000e+00   7.68226462e-01   2.99446812e-02   0.00000000e+00
  2.58000000e+00   7.66329458e-01   3.04025187e-02   0.00000000e+00
  2.58500000e+00   7.64410550e-01   3.06417077e-02   0.00000000e+00
  2.59000000e+00   7.62483508e-01   3.06613044e-02   0.00000000e+00
  2.59500000e+00   7.60562139e-01   3.04612315e-02   0.00000000e+00
  2.60000000e+00   7.58660223e-01   3.00422784e-02   0.00000000e+00
  2.60500000e+00   7.56791466e-01   2.94060987e-02   0.00000000e+00
  2.61000000e+00   7.54969442e-01   2.85552030e-02   0.00000000e+00
  2.61500000e+00   7.53207541e-01   2.74929495e-02   0.00000000e+00
  2.62000000e+00   7.51518916e-01   2.62235303e-02   0.00000000e+00
  2.62500000e+00   7.49916431e-01   2.47519553e-02   0.00000000e+00
  2.63000000e+00   7.48412607e-01   2.30840321e-02   0.00000000e+00
  2.63500000e+00   7.47019581e-01   2.12263433e-02   0.00000000e+00
  2.64000000e+00   7.45749049e-01   1.91862202e-02   0.00000000e+00
  2.64500000e+00   7.44612223e-01   1.69717144e-02   0.00000000e+00
  2.65000000e+00   7.43619791e-01   1.45915655e-02   0.00000000e+00
  2.65500000e+00   7.42781867e-01   1.20551667e-02   0.00000000e+00
  2.66000000e+00   7.42107958e-01   9.37252820e-03   0.00000000e+00
  2.66500000e+00   7.41606922e-01   6.55423706e-03   0.00000000e+00
  2.67000000e+00   7.41286937e-01   3.61141579e-03   0.00000000e+00
  2.67500000e+00   7.41155464e-01   5.55678370e-04   0.00000000e+00
  2.68000000e+00   7.41219221e-01  -2.60091561e-03   0.00000000e+00
  2.68500000e+00   7.41484157e-01  -5.84590852e-03   0.00000000e+00
  2.69000000e+00   7.41955424e-01  -9.16649385e-03   0.00000000e+00
  2.69500000e+00   7.42637361e-01  -1.25495668e-02   0.00000000e+00
  2.70000000e+00   7.43533478e-01  -1.59817759e-02   0.00000000e+00
  2.70500000e+00   7.44646436e-01  -1.94495757e-02   0.00000000e+00
  2.71000000e+00   7.45978043e-01  -2.29392806e-02   0.00000000e+00
  2.71500000e+00   7.47529242e-01  -2.64371182e-02   0.00000000e+00
  2.72000000e+00   7.49300110e-01  -2.99292841e-02   0.00000000e+00
  2.72500000e+00   7.51289859e-01  -3.34019964e-02   0.00000000e+00
  2.73000000e+00   7.53496834e-01  -3.68415499e-02   0.00000000e+00
  2.73500000e+00   7.55918526e-01  -4.02343701e-02   0.00000000e+00
  2.74000000e+00   7.58551575e-01  -4.35670673e-02   0.00000000e+00
  2.74500000e+00   7.61391790e-01  -4.68264888e-02   0.00000000e+00
  2.75000000e+00   7.64434160e-01  -4.99997711e-02   0.00000000e+00
  2.75500000e+00   7.67672879e-01  -5.30743908e-02   0.00000000e+00
  2.76000000e+00   7.71101364e-01  -5.60382137e-02   0.00000000e+00
  2.76500000e+00   7.74712283e-01  -5.88795430e-02   0.00000000e+00
  2.77000000e+00   7.78497584e-01  -6.15871652e-02   0.00000000e+00
  2.77500000e+00   7.82448529e-01  -6.41503947e-02   0.00000000e+00
  2.78000000e+00   7.86555723e-01  -6.65591154e-02   0.00000000e+00
  2.78500000e+00   7.90809158e-01  -6.88038214e-02   0.00000000e+00
  2.79000000e+00   7.95198245e-01  -7.08756537e-02   0.00000000e+00
  2.79500000e+00   7.99711862e-01  -7.27664358e-02   0.00000000e+00
  2.80000000e+00   8.04338395e-01  -7.44687057e-02   0.00000000e+00
  2.80500000e+00   8.09065785e-01  -7.59757452e-02   0.00000000e+00
  2.81000000e+00   8.13881574e-01  -7.72816069e-02   0.00000000e+00
  2.81500000e+00   8.18772956e-01  -7.83811369e-02   0.00000000e+00
  2.82000000e+00   8.23726825e-01  -7.92699961e-02   0.00000000e+00
  2.82500000e+00   8.28729830e-01  -7.99446764e-02   0.00000000e+00
  2.83000000e+00   8.33768426e-01  -8.04025152e-02   0.00000000e+00
  2.83500000e+00   8.38828927e-01  -8.06417057e-02   0.00000000e+00
  2.84000000e+00   8.43897561e-01  -8.06613038e-02   0.00000000e+00
  2.84500000e+00   8.48960523e-01  -8.04612323e-02   0.00000000e+00
  2.85000000e+00   8.54004032e-01  -8.00422807e-02   0.00000000e+00
  2.85500000e+00   8.59014382e-01  -7.94061024e-02   0.00000000e+00
  2.86000000e+00   8.63977998e-01  -7.85552081e-02   0.00000000e+00
  2.86500000e+00   8.68881492e-01  -7.74929559e-02   0.00000000e+00
  2.87000000e+00   8.73711710e-01  -7.62235381e-02   0.00000000e+00
  2.87500000e+00   8.78455789e-01  -7.47519644e-02   0.00000000e+00
  2.88000000e+00   8.83101205e-01  -7.30840425e-02   0.00000000e+00
  2.88500000e+00   8.87635825e-01  -7.12263549e-02   0.00000000e+00
  2.89000000e+00   8.92047951e-01  -6.91862331e-02   0.00000000e+00
  2.89500000e+00   8.96326370e-01  -6.69717284e-02   0.00000000e+00
  2.90000000e+00   9.00460396e-01  -6.45915806e-02   0.00000000e+00
  2.90500000e+00   9.04439914e-01  -6.20551829e-02   0.00000000e+00
  2.91000000e+00   9.08255417e-01  -5.93725453e-02   0.00000000e+00
  2.91500000e+00   9.11898046e-01  -5.65542551e-02   0.00000000e+00
  2.92000000e+00   9.15359625e-01  -5.36114346e-02   0.00000000e+00
  2.92500000e+00   9.18632692e-01  -5.05556980e-02   0.00000000e+00
  2.93000000e+00   9.21710528e-01  -4.73991047e-02   0.00000000e+00
  2.93500000e+00   9.24587187e-01  -4.41541124e-02   0.00000000e+00
  2.94000000e+00   9.27257514e-01  -4.08335276e-02   0.00000000e+00
  2.94500000e+00   9.29717170e-01  -3.74504551e-02   0.00000000e+00
  2.95000000e+00   9.31962647e-01  -3.40182463e-02   0.00000000e+00
  2.95500000e+00   9.33991283e-01  -3.05504467e-02   0.00000000e+00
  2.96000000e+00   9.35801271e-01  -2.70607420e-02   0.00000000e+00
  2.96500000e+00   9.37391666e-01  -2.35629045e-02   0.00000000e+00
  2.97000000e+00   9.38762391e-01  -2.00707386e-02   0.00000000e+00
  2.97500000e+00   9.39914237e-01  -1.65980262e-02   0.00000000e+00
  2.98000000e+00   9.40848855e-01  -1.31584726e-02   0.00000000e+00
  2.98500000e+00   9.41568758e-01  -9.76565200e-03   0.00000000e+00
  2.99000000e+00   9.42077303e-01  -6.43295444e-03   0.00000000e+00
  2.99500000e+00   9.42378682e-01  -3.17353251e-03   0.00000000e+00
  3.00000000e+00   9.42477906e-01  -2.49663733e-07   0.00000000e+00
  3.00500000e+00   9.42380781e-01   3.07437062e-03   0.00000000e+00
  3.01000000e+00   9.42093890e-01   6.03819421e-03   0.00000000e+00
  3.01500000e+00   9.41624565e-01   8.87952426e-03   0.00000000e+00
  3.02000000e+00   9.40980857e-01   1.15871473e-02   0.00000000e+00
  3.02500000e+00   9.40171506e-01   1.41503777e-02   0.00000000e+00
  3.03000000e+00   9.39205905e-01   1.65590994e-02   0.00000000e+00
  3.03500000e+00   9.38094065e-01   1.88038064e-02   0.00000000e+00
  3.04000000e+00   9.36846571e-01   2.08756399e-02   0.00000000e+00
  3.04500000e+00   9.35474548e-01   2.27664231e-02   0.00000000e+00
  3.05000000e+00   9.33989608e-01   2.44686942e-02   0.00000000e+00
  3.05500000e+00   9.32403811e-01   2.59757350e-02   0.00000000e+00
  3.06000000e+00   9.30729615e-01   2.72815979e-02   0.00000000e+00
  3.06500000e+00   9.28979827e-01   2.83811293e-02   0.00000000e+00
  3.07000000e+00   9.27167551e-01   2.92699898e-02   0.00000000e+00
  3.07500000e+00   9.25306139e-01   2.99446715e-02   0.00000000e+00
  3.08000000e+00   9.23409136e-01   3.04025118e-02   0.00000000e+00
  3.08500000e+00   9.21490227e-01   3.06417037e-02   0.00000000e+00
  3.09000000e+00   9.19563186e-01   3.06613032e-02   0.00000000e+00
  3.09500000e+00   9.17641817e-01   3.04612331e-02   0.00000000e+00
  3.10000000e+00   9.15739901e-01   3.00422829e-02   0.00000000e+00
  3.10500000e+00   9.13871143e-01   2.94061060e-02   0.00000000e+00
  3.11000000e+00   9.12049119e-01   2.85552132e-02   0.00000000e+00
  3.11500000e+00   9.10287217e-01   2.74929624e-02   0.00000000e+00
  3.12000000e+00   9.08598592e-01   2.62235459e-02   0.00000000e+00
  3.12500000e+00   9.06996105e-01   2.47519736e-02   0.00000000e+00
  3.13000000e+00   9.05492281e-01   2.30840530e-02   0.00000000e+00
  3.13500000e+00   9.04099253e-01   2.12263666e-02   0.00000000e+00
  3.14000000e+00   9.02828719e-01   1.91862460e-02   0.00000000e+00
  3.14500000e+00   9.01691892e-01   1.69717424e-02   0.00000000e+00
  3.15000000e+00   9.00699457e-01   1.45915957e-02   0.00000000e+00
  3.15500000e+00   8.99861531e-01   1.20551990e-02   0.00000000e+00
  3.16000000e+00   8.99187620e-01   9.37256243e-03   0.00000000e+00
  3.16500000e+00   8.98686582e-01   6.55427309e-03   0.00000000e+00
  3.17000000e+00   8.98366595e-01   3.61145349e-03   0.00000000e+00
  3.17500000e+00   8.98235120e-01   5.55717590e-04   0.00000000e+00
  3.18000000e+00   8.98298874e-01  -2.60087503e-03   0.00000000e+00
  3.18500000e+00   8.98563807e-01  -5.84586673e-03   0.00000000e+00
  3.19000000e+00   8.99035071e-01  -9.16645102e-03   0.00000000e+00
  3.19500000e+00   8.99717007e-01  -1.25495231e-02   0.00000000e+00
  3.20000000e+00   9.00613121e-01  -1.59817315e-02   0.00000000e+00
  3.20500000e+00   9.01726076e-01  -1.94495308e-02   0.00000000e+00
  3.21000000e+00   9.03057680e-01  -2.29392354e-02   0.00000000e+00
  3.21500000e+00   9.04608876e-01  -2.64370728e-02   0.00000000e+00
  3.22000000e+00   9.06379741e-01  -2.99292387e-02   0.00000000e+00
  3.22500000e+00   9.08369487e-01  -3.34019512e-02   0.00000000e+00
  3.23000000e+00   9.10576460e-01  -3.68415050e-02   0.00000000e+00
  3.23500000e+00   9.12998148e-01  -4.02343259e-02   0.00000000e+00
  3.24000000e+00   9.15631195e-01  -4.35670238e-02   0.00000000e+00
  3.24500000e+00   9.18471407e-01  -4.68264461e-02   0.00000000e+00
  3.25000000e+00   9.21513775e-01  -4.99997295e-02   0.00000000e+00
  3.25500000e+00   9.24752491e-01  -5.30743504e-02   0.00000000e+00
  3.26000000e+00   9.28180973e-01  -5.60381747e-02   0.00000000e+00
  3.26500000e+00   9.31791889e-01  -5.88795055e-02   0.00000000e+00
  3.27000000e+00   9.35577189e-01  -6.15871295e-02   0.00000000e+00
  3.27500000e+00   9.39528131e-01  -6.41503607e-02   0.00000000e+00
  3.28000000e+00   9.43635324e-01  -6.65590834e-02   0.00000000e+00
  3.28500000e+00   9.47888756e-01  -6.88037915e-02   0.00000000e+00
  3.29000000e+00   9.52277841e-01  -7.08756260e-02   0.00000000e+00
  3.29500000e+00   9.56791457e-01  -7.27664105e-02   0.00000000e+00
  3.30000000e+00   9.61417989e-01  -7.44686828e-02   0.00000000e+00
  3.30500000e+00   9.66145377e-01  -7.59757248e-02   0.00000000e+00
  3.31000000e+00   9.70961165e-01  -7.72815890e-02   0.00000000e+00
  3.31500000e+00   9.75852545e-01  -7.83811217e-02   0.00000000e+00
  3.32000000e+00   9.80806414e-01  -7.92699836e-02   0.00000000e+00
  3.32500000e+00   9.85809418e-01  -7.99446667e-02   0.00000000e+00
  3.33000000e+00   9.90848014e-01  -8.04025083e-02   0.00000000e+00
  3.33500000e+00   9.95908515e-01  -8.06417016e-02   0.00000000e+00
  3.34000000e+00   1.00097715e+00  -8.06613026e-02   0.00000000e+00
  3.34500000e+00   1.00604011e+00  -8.04612339e-02   0.00000000e+00
  3.35000000e+00   1.01108362e+00  -8.00422852e-02   0.00000000e+00
  3.35500000e+00   1.01609397e+00  -7.94061097e-02   0.00000000e+00
  3.36000000e+00   1.02105759e+00  -7.85552182e-02   0.00000000e+00
  3.36500000e+00   1.02596108e+00  -7.74929688e-02   0.00000000e+00
  3.37000000e+00   1.03079130e+00  -7.62235537e-02   0.00000000e+00
  3.37500000e+00   1.03553538e+00  -7.47519827e-02   0.00000000e+00
  3.38000000e+00   1.04018080e+00  -7.30840634e-02   0.00000000e+00
  3.38500000e+00   1.04471542e+00  -7.12263783e-02   0.00000000e+00
  3.39000000e+00   1.04912755e+00  -6.91862588e-02   0.00000000e+00
  3.39500000e+00   1.05340597e+00  -6.69717565e-02   0.00000000e+00
  3.40000000e+00   1.05753999e+00  -6.45916108e-02   0.00000000e+00
  3.40500000e+00   1.06151951e+00  -6.20552151e-02   0.00000000e+00
  3.41000000e+00   1.06533502e+00  -5.93725795e-02   0.00000000e+00
  3.41500000e+00   1.06897765e+00  -5.65542911e-02   0.00000000e+00
  3.42000000e+00   1.07243923e+00  -5.36114723e-02   0.00000000e+00
  3.42500000e+00   1.07571230e+00  -5.05557372e-02   0.00000000e+00
  3.43000000e+00   1.07879014e+00  -4.73991453e-02   0.00000000e+00
  3.43500000e+00   1.08166680e+00  -4.41541542e-02   0.00000000e+00
  3.44000000e+00   1.08433713e+00  -4.08335704e-02   0.00000000e+00
  3.44500000e+00   1.08679679e+00  -3.74504988e-02   0.00000000e+00
  3.45000000e+00   1.08904227e+00  -3.40182907e-02   0.00000000e+00
  3.45500000e+00   1.09107091e+00  -3.05504916e-02   0.00000000e+00
  3.46000000e+00   1.09288090e+00  -2.70607873e-02   0.00000000e+00
  3.46500000e+00   1.09447130e+00  -2.35629499e-02   0.00000000e+00
  3.47000000e+00   1.09584203e+00  -2.00707840e-02   0.00000000e+00
  3.47500000e+00   1.09699387e+00  -1.65980714e-02   0.00000000e+00
  3.48000000e+00   1.09792850e+00  -1.31585174e-02   0.00000000e+00
  3.48500000e+00   1.09864840e+00  -9.76569629e-03   0.00000000e+00
  3.49000000e+00   1.09915695e+00  -6.43299801e-03   0.00000000e+00
  3.49500000e+00   1.09945833e+00  -3.17357519e-03   0.00000000e+00
  3.50000000e+00   1.09955756e+00  -2.91274400e-07   0.00000000e+00
  3.50500000e+00   1.09946043e+00   3.07433023e-03   0.00000000e+00
  3.51000000e+00   1.09917355e+00   6.03815521e-03   0.00000000e+00
  3.51500000e+00   1.09870422e+00   8.87948680e-03   0.00000000e+00
  3.52000000e+00   1.09806052e+00   1.15871116e-02   0.00000000e+00
  3.52500000e+00   1.09725117e+00   1.41503438e-02   0.00000000e+00
  3.53000000e+00   1.09628557e+00   1.65590675e-02   0.00000000e+00
  3.53500000e+00   1.09517373e+00   1.88037765e-02   0.00000000e+00
  3.54000000e+00   1.09392624e+00   2.08756122e-02   0.00000000e+00
  3.54500000e+00   1.09255422e+00   2.27663978e-02   0.00000000e+00
  3.55000000e+00   1.09106928e+00   2.44686713e-02   0.00000000e+00
  3.55500000e+00   1.08948348e+00   2.59757146e-02   0.00000000e+00
  3.56000000e+00   1.08780929e+00   2.72815801e-02   0.00000000e+00
  3.56500000e+00   1.08605950e+00   2.83811141e-02   0.00000000e+00
  3.57000000e+00   1.08424723e+00   2.92699774e-02   0.00000000e+00
  3.57500000e+00   1.08238582e+00   2.99446618e-02   0.00000000e+00
  3.58000000e+00   1.08048881e+00   3.04025049e-02   0.00000000e+00
  3.58500000e+00   1.07856991e+00   3.06416996e-02   0.00000000e+00
  3.59000000e+00   1.07664286e+00   3.06613020e-02   0.00000000e+00
  3.59500000e+00   1.07472149e+00   3.04612348e-02   0.00000000e+00
  3.60000000e+00   1.07281958e+00   3.00422874e-02   0.00000000e+00
  3.60500000e+00   1.07095082e+00   2.94061134e-02   0.00000000e+00
  3.61000000e+00   1.06912880e+00   2.85552233e-02   0.00000000e+00
  3.61500000e+00   1.06736689e+00   2.74929753e-02   0.00000000e+00
  3.62000000e+00   1.06567827e+00   2.62235615e-02   0.00000000e+00
  3.62500000e+00   1.06407578e+00   2.47519918e-02   0.00000000e+00
  3.63000000e+00   1.06257195e+00   2.30840738e-02   0.00000000e+00
  3.63500000e+00   1.06117892e+00   2.12263899e-02   0.00000000e+00
  3.64000000e+00   1.05990839e+00   1.91862717e-02   0.00000000e+00
  3.64500000e+00   1.05877156e+00   1.69717705e-02   0.00000000e+00
  3.65000000e+00   1.05777912e+00   1.45916259e-02   0.00000000e+00
  3.65500000e+00   1.05694120e+00   1.20552313e-02   0.00000000e+00
  3.66000000e+00   1.05626728e+00   9.37259665e-03   0.00000000e+00
  3.66500000e+00   1.05576624e+00   6.55430913e-03   0.00000000e+00
  3.67000000e+00   1.05544625e+00   3.61149120e-03   0.00000000e+00
  3.67500000e+00   1.05531478e+00   5.55756811e-04   0.00000000e+00
  3.68000000e+00   1.05537853e+00  -2.60083444e-03   0.00000000e+00
  3.68500000e+00   1.05564346e+00  -5.84582494e-03   0.00000000e+00
  3.69000000e+00   1.05611472e+00  -9.16640820e-03   0.00000000e+00
  3.69500000e+00   1.05679665e+00  -1.25494794e-02   0.00000000e+00
  3.70000000e+00   1.05769276e+00  -1.59816871e-02   0.00000000e+00
  3.70500000e+00   1.05880572e+00  -1.94494859e-02   0.00000000e+00
  3.71000000e+00   1.06013732e+00  -2.29391901e-02   0.00000000e+00
  3.71500000e+00   1.06168851e+00  -2.64370273e-02   0.00000000e+00
  3.72000000e+00   1.06345937e+00  -2.99291933e-02   0.00000000e+00
  3.72500000e+00   1.06544912e+00  -3.34019060e-02   0.00000000e+00
  3.73000000e+00   1.06765609e+00  -3.68414602e-02   0.00000000e+00
  3.73500000e+00   1.07007777e+00  -4.02342816e-02   0.00000000e+00
  3.74000000e+00   1.07271081e+00  -4.35669802e-02   0.00000000e+00
  3.74500000e+00   1.07555102e+00  -4.68264035e-02   0.00000000e+00
  3.75000000e+00   1.07859339e+00  -4.99996879e-02   0.00000000e+00
  3.75500000e+00   1.08183210e+00  -5.30743100e-02   0.00000000e+00
  3.76000000e+00   1.08526058e+00  -5.60381357e-02   0.00000000e+00
  3.76500000e+00   1.08887150e+00  -5.88794681e-02   0.00000000e+00
  3.77000000e+00   1.09265679e+00  -6.15870937e-02   0.00000000e+00
  3.77500000e+00   1.09660773e+00  -6.41503268e-02   0.00000000e+00
  3.78000000e+00   1.10071492e+00  -6.65590515e-02   0.00000000e+00
  3.78500000e+00   1.10496835e+00  -6.88037616e-02   0.00000000e+00
  3.79000000e+00   1.10935744e+00  -7.08755984e-02   0.00000000e+00
  3.79500000e+00   1.11387105e+00  -7.27663851e-02   0.00000000e+00
  3.80000000e+00   1.11849758e+00  -7.44686598e-02   0.00000000e+00
  3.80500000e+00   1.12322497e+00  -7.59757044e-02   0.00000000e+00
  3.81000000e+00   1.12804076e+00  -7.72815712e-02   0.00000000e+00
  3.81500000e+00   1.13293214e+00  -7.83811065e-02   0.00000000e+00
  3.82000000e+00   1.13788600e+00  -7.92699711e-02   0.00000000e+00
  3.82500000e+00   1.14288901e+00  -7.99446570e-02   0.00000000e+00
  3.83000000e+00   1.14792760e+00  -8.04025014e-02   0.00000000e+00
  3.83500000e+00   1.15298810e+00  -8.06416976e-02   0.00000000e+00
  3.84000000e+00   1.15805674e+00  -8.06613014e-02   0.00000000e+00
  3.84500000e+00   1.16311970e+00  -8.04612356e-02   0.00000000e+00
  3.85000000e+00   1.16816321e+00  -8.00422897e-02   0.00000000e+00
  3.85500000e+00   1.17317356e+00  -7.94061170e-02   0.00000000e+00
  3.86000000e+00   1.17813718e+00  -7.85552283e-02   0.00000000e+00
  3.86500000e+00   1.18304067e+00  -7.74929817e-02   0.00000000e+00
  3.87000000e+00   1.18787089e+00  -7.62235693e-02   0.00000000e+00
  3.87500000e+00   1.19261497e+00  -7.47520009e-02   0.00000000e+00
  3.88000000e+00   1.19726039e+00  -7.30840842e-02   0.00000000e+00
  3.88500000e+00   1.20179501e+00  -7.12264016e-02   0.00000000e+00
  3.89000000e+00   1.20620714e+00  -6.91862845e-02   0.00000000e+00
  3.89500000e+00   1.21048556e+00  -6.69717845e-02   0.00000000e+00
  3.90000000e+00   1.21461959e+00  -6.45916410e-02   0.00000000e+00
  3.90500000e+00   1.21859912e+00  -6.20552474e-02   0.00000000e+00
  3.91000000e+00   1.22241462e+00  -5.93726138e-02   0.00000000e+00
  3.91500000e+00   1.22605726e+00  -5.65543271e-02   0.00000000e+00
  3.92000000e+00   1.22951884e+00  -5.36115100e-02   0.00000000e+00
  3.92500000e+00   1.23279191e+00  -5.05557764e-02   0.00000000e+00
  3.93000000e+00   1.23586975e+00  -4.73991858e-02   0.00000000e+00
  3.93500000e+00   1.23874642e+00  -4.41541959e-02   0.00000000e+00
  3.94000000e+00   1.24141675e+00  -4.08336132e-02   0.00000000e+00
  3.94500000e+00   1.24387641e+00  -3.74505425e-02   0.00000000e+00
  3.95000000e+00   1.24612189e+00  -3.40183351e-02   0.00000000e+00
  3.95500000e+00   1.24815053e+00  -3.05505365e-02   0.00000000e+00
  3.96000000e+00   1.24996053e+00  -2.70608325e-02   0.00000000e+00
  3.96500000e+00   1.25155093e+00  -2.35629954e-02   0.00000000e+00
  3.97000000e+00   1.25292166e+00  -2.00708294e-02   0.00000000e+00
  3.97500000e+00   1.25407351e+00  -1.65981166e-02   0.00000000e+00
  3.98000000e+00   1.25500814e+00  -1.31585622e-02   0.00000000e+00
  3.98500000e+00   1.25572804e+00  -9.76574058e-03   0.00000000e+00
  3.99000000e+00   1.25623659e+00  -6.43304158e-03   0.00000000e+00
  3.99500000e+00   1.25653798e+00  -3.17361786e-03   0.00000000e+00
  4.00000000e+00   1.25663721e+00  -3.32885082e-07   0.00000000e+00
  4.00500000e+00   1.25654009e+00   3.07428985e-03   0.00000000e+00
  4.01000000e+00   1.25625320e+00   6.03811622e-03   0.00000000e+00
  4.01500000e+00   1.25578388e+00   8.87944935e-03   0.00000000e+00
  4.02000000e+00   1.25514018e+00   1.15870758e-02   0.00000000e+00
  4.02500000e+00   1.25433083e+00   1.41503098e-02   0.00000000e+00
  4.03000000e+00   1.25336524e+00   1.65590355e-02   0.00000000e+00
  4.03500000e+00   1.25225340e+00   1.88037467e-02   0.00000000e+00
  4.04000000e+00   1.25100591e+00   2.08755845e-02   0.00000000e+00
  4.04500000e+00   1.24963389e+00   2.27663724e-02   0.00000000e+00
  4.05000000e+00   1.24814895e+00   2.44686484e-02   0.00000000e+00
  4.05500000e+00   1.24656316e+00   2.59756942e-02   0.00000000e+00
  4.06000000e+00   1.24488896e+00   2.72815623e-02   0.00000000e+00
  4.06500000e+00   1.24313918e+00   2.83810990e-02   0.00000000e+00
  4.07000000e+00   1.24132690e+00   2.92699649e-02   0.00000000e+00
  4.07500000e+00   1.23946549e+00   2.99446521e-02   0.00000000e+00
  4.08000000e+00   1.23756849e+00   3.04024980e-02   0.00000000e+00
  4.08500000e+00   1.23564958e+00   3.06416956e-02   0.00000000e+00
  4.09000000e+00   1.23372254e+00   3.06613008e-02   0.00000000e+00
  4.09500000e+00   1.23180117e+00   3.04612364e-02   0.00000000e+00
  4.10000000e+00   1.22989926e+00   3.00422919e-02   0.00000000e+00
  4.10500000e+00   1.22803050e+00   2.94061207e-02   0.00000000e+00
  4.11000000e+00   1.22620847e+00   2.85552334e-02   0.00000000e+00
  4.11500000e+00   1.22444657e+00   2.74929882e-02   0.00000000e+00
  4.12000000e+00   1.22275794e+00   2.62235771e-02   0.00000000e+00
  4.12500000e+00   1.22115545e+00   2.47520101e-02   0.00000000e+00
  4.13000000e+00   1.21965163e+00   2.30840946e-02   0.00000000e+00
  4.13500000e+00   1.21825860e+00   2.12264132e-02   0.00000000e+00
  4.14000000e+00   1.21698806e+00   1.91862974e-02   0.00000000e+00
  4.14500000e+00   1.21585123e+00   1.69717985e-02   0.00000000e+00
  4.15000000e+00   1.21485879e+00   1.45916561e-02   0.00000000e+00
  4.15500000e+00   1.21402086e+00   1.20552636e-02   0.00000000e+00
  4.16000000e+00   1.21334695e+00   9.37263088e-03   0.00000000e+00
  4.16500000e+00   1.21284590e+00   6.55434517e-03   0.00000000e+00
  4.17000000e+00   1.21252591e+00   3.61152890e-03   0.00000000e+00
  4.17500000e+00   1.21239443e+00   5.55796032e-04   0.00000000e+00
  4.18000000e+00   1.21245818e+00  -2.60079386e-03   0.00000000e+00
  4.18500000e+00   1.21272311e+00  -5.84578316e-03   0.00000000e+00
  4.19000000e+00   1.21319437e+00  -9.16636538e-03   0.00000000e+00
  4.19500000e+00   1.21387630e+00  -1.25494357e-02   0.00000000e+00
  4.20000000e+00   1.21477241e+00  -1.59816427e-02   0.00000000e+00
  4.20500000e+00   1.21588536e+00  -1.94494410e-02   0.00000000e+00
  4.21000000e+00   1.21721695e+00  -2.29391448e-02   0.00000000e+00
  4.21500000e+00   1.21876814e+00  -2.64369819e-02   0.00000000e+00
  4.22000000e+00   1.22053900e+00  -2.99291479e-02   0.00000000e+00
  4.22500000e+00   1.22252874e+00  -3.34018608e-02   0.00000000e+00
  4.23000000e+00   1.22473571e+00  -3.68414153e-02   0.00000000e+00
  4.23500000e+00   1.22715739e+00  -4.02342373e-02   0.00000000e+00
  4.24000000e+00   1.22979043e+00  -4.35669366e-02   0.00000000e+00
  4.24500000e+00   1.23263064e+00  -4.68263608e-02   0.00000000e+00
  4.25000000e+00   1.23567300e+00  -4.99996463e-02   0.00000000e+00
  4.25500000e+00   1.23891171e+00  -5.30742697e-02   0.00000000e+00
  4.26000000e+00   1.24234019e+00  -5.60380967e-02   0.00000000e+00
  4.26500000e+00   1.24595110e+00  -5.88794306e-02   0.00000000e+00
  4.27000000e+00   1.24973640e+00  -6.15870579e-02   0.00000000e+00
  4.27500000e+00   1.25368734e+00  -6.41502929e-02   0.00000000e+00
  4.28000000e+00   1.25779452e+00  -6.65590195e-02   0.00000000e+00
  4.28500000e+00   1.26204795e+00  -6.88037317e-02   0.00000000e+00
  4.29000000e+00   1.26643703e+00  -7.08755707e-02   0.00000000e+00
  4.29500000e+00   1.27095065e+00  -7.27663598e-02   0.00000000e+00
  4.30000000e+00   1.27557718e+00  -7.44686369e-02   0.00000000e+00
  4.30500000e+00   1.28030456e+00  -7.59756840e-02   0.00000000e+00
  4.31000000e+00   1.28512035e+00  -7.72815533e-02   0.00000000e+00
  4.31500000e+00   1.29001173e+00  -7.83810914e-02   0.00000000e+00
  4.32000000e+00   1.29496559e+00  -7.92699587e-02   0.00000000e+00
  4.32500000e+00   1.29996859e+00  -7.99446473e-02   0.00000000e+00
  4.33000000e+00   1.30500719e+00  -8.04024945e-02   0.00000000e+00
  4.33500000e+00   1.31006769e+00  -8.06416935e-02   0.00000000e+00
  4.34000000e+00   1.31513632e+00  -8.06613002e-02   0.00000000e+00
  4.34500000e+00   1.32019929e+00  -8.04612372e-02   0.00000000e+00
  4.35000000e+00   1.32524279e+00  -8.00422942e-02   0.00000000e+00
  4.35500000e+00   1.33025315e+00  -7.94061243e-02   0.00000000e+00
  4.36000000e+00   1.33521676e+00  -7.85552385e-02   0.00000000e+00
  4.36500000e+00   1.34012026e+00  -7.74929946e-02   0.00000000e+00
  4.37000000e+00   1.34495048e+00  -7.62235849e-02   0.00000000e+00
  4.37500000e+00   1.34969456e+00  -7.47520192e-02   0.00000000e+00
  4.38000000e+00   1.35433998e+00  -7.30841050e-02   0.00000000e+00
  4.38500000e+00   1.35887461e+00  -7.12264249e-02   0.00000000e+00
  4.39000000e+00   1.36328674e+00  -6.91863103e-02   0.00000000e+00
  4.39500000e+00   1.36756516e+00  -6.69718125e-02   0.00000000e+00
  4.40000000e+00   1.37169919e+00  -6.45916712e-02   0.00000000e+00
  4.40500000e+00   1.37567872e+00  -6.20552797e-02   0.00000000e+00
  4.41000000e+00   1.37949422e+00  -5.93726480e-02   0.00000000e+00
  4.41500000e+00   1.38313686e+00  -5.65543632e-02   0.00000000e+00
  4.42000000e+00   1.38659845e+00  -5.36115478e-02   0.00000000e+00
  4.42500000e+00   1.38987152e+00  -5.05558156e-02   0.00000000e+00
  4.43000000e+00   1.39294936e+00  -4.73992264e-02   0.00000000e+00
  4.43500000e+00   1.39582603e+00  -4.41542377e-02   0.00000000e+00
  4.44000000e+00   1.39849637e+00  -4.08336560e-02   0.00000000e+00
  4.44500000e+00   1.40095603e+00  -3.74505861e-02   0.00000000e+00
  4.45000000e+00   1.40320152e+00  -3.40183795e-02   0.00000000e+00
  4.45500000e+00   1.40523016e+00  -3.05505814e-02   0.00000000e+00
  4.46000000e+00   1.40704016e+00  -2.70608778e-02   0.00000000e+00
  4.46500000e+00   1.40863056e+00  -2.35630408e-02   0.00000000e+00
  4.47000000e+00   1.41000129e+00  -2.00708748e-02   0.00000000e+00
  4.47500000e+00   1.41115315e+00  -1.65981618e-02   0.00000000e+00
  4.48000000e+00   1.41208778e+00  -1.31586071e-02   0.00000000e+00
  4.48500000e+00   1.41280769e+00  -9.76578488e-03   0.00000000e+00
  4.49000000e+00   1.41331624e+00  -6.43308515e-03   0.00000000e+00
  4.49500000e+00   1.41361763e+00  -3.17366054e-03   0.00000000e+00
  4.50000000e+00   1.41371686e+00  -3.74495776e-07   0.00000000e+00
  4.50500000e+00   1.41361974e+00   3.07424947e-03   0.00000000e+00
  4.51000000e+00   1.41333286e+00   6.03807722e-03   0.00000000e+00
  4.51500000e+00   1.41286354e+00   8.87941189e-03   0.00000000e+00
  4.52000000e+00   1.41221984e+00   1.15870400e-02   0.00000000e+00
  4.52500000e+00   1.41141049e+00   1.41502759e-02   0.00000000e+00
  4.53000000e+00   1.41044490e+00   1.65590035e-02   0.00000000e+00
  4.53500000e+00   1.40933307e+00   1.88037168e-02   0.00000000e+00
  4.54000000e+00   1.40808558e+00   2.08755568e-02   0.00000000e+00
  4.54500000e+00   1.40671356e+00   2.27663471e-02   0.00000000e+00
  4.55000000e+00   1.40522862e+00   2.44686254e-02   0.00000000e+00
  4.55500000e+00   1.40364283e+00   2.59756737e-02   0.00000000e+00
  4.56000000e+00   1.40196864e+00   2.72815444e-02   0.00000000e+00
  4.56500000e+00   1.40021885e+00   2.83810838e-02   0.00000000e+00
  4.57000000e+00   1.39840658e+00   2.92699524e-02   0.00000000e+00
  4.57500000e+00   1.39654517e+00   2.99446424e-02   0.00000000e+00
  4.58000000e+00   1.39464817e+00   3.04024911e-02   0.00000000e+00
  4.58500000e+00   1.39272926e+00   3.06416915e-02   0.00000000e+00
  4.59000000e+00   1.39080222e+00   3.06612996e-02   0.00000000e+00
  4.59500000e+00   1.38888085e+00   3.04612381e-02   0.00000000e+00
  4.60000000e+00   1.38697893e+00   3.00422964e-02   0.00000000e+00
  4.60500000e+00   1.38511018e+00   2.94061280e-02   0.00000000e+00
  4.61000000e+00   1.38328815e+00   2.85552435e-02   0.00000000e+00
  4.61500000e+00   1.38152625e+00   2.74930010e-02   0.00000000e+00
  4.62000000e+00   1.37983762e+00   2.62235927e-02   0.00000000e+00
  4.62500000e+00   1.37823513e+00   2.47520283e-02   0.00000000e+00
  4.63000000e+00   1.37673130e+00   2.30841154e-02   0.00000000e+00
  4.63500000e+00   1.37533827e+00   2.12264366e-02   0.00000000e+00
  4.64000000e+00   1.37406773e+00   1.91863231e-02   0.00000000e+00
  4.64500000e+00   1.37293090e+00   1.69718265e-02   0.00000000e+00
  4.65000000e+00   1.37193846e+00   1.45916863e-02   0.00000000e+00
  4.65500000e+00   1.37110053e+00   1.20552959e-02   0.00000000e+00
  4.66000000e+00   1.37042661e+00   9.37266511e-03   0.00000000e+00
  4.66500000e+00   1.36992556e+00   6.55438120e-03   0.00000000e+00
  4.67000000e+00   1.36960557e+00   3.61156660e-03   0.00000000e+00
  4.67500000e+00   1.36947409e+00   5.55835253e-04   0.00000000e+00
  4.68000000e+00   1.36953783e+00  -2.60075328e-03   0.00000000e+00
  4.68500000e+00   1.36980276e+00  -5.84574137e-03   0.00000000e+00
  4.69000000e+00   1.37027402e+00  -9.16632255e-03   0.00000000e+00
  4.69500000e+00   1.37095594e+00  -1.25493920e-02   0.00000000e+00
  4.70000000e+00   1.37185205e+00  -1.59815983e-02   0.00000000e+00
  4.70500000e+00   1.37296499e+00  -1.94493961e-02   0.00000000e+00
  4.71000000e+00   1.37429659e+00  -2.29390996e-02   0.00000000e+00
  4.71500000e+00   1.37584778e+00  -2.64369365e-02   0.00000000e+00
  4.72000000e+00   1.37761863e+00  -2.99291025e-02   0.00000000e+00
  4.72500000e+00   1.37960837e+00  -3.34018156e-02   0.00000000e+00
  4.73000000e+00   1.38181534e+00  -3.68413705e-02   0.00000000e+00
  4.73500000e+00   1.38423702e+00  -4.02341930e-02   0.00000000e+00
  4.74000000e+00   1.38687005e+00  -4.35668931e-02   0.00000000e+00
  4.74500000e+00   1.38971026e+00  -4.68263181e-02   0.00000000e+00
  4.75000000e+00   1.39275262e+00  -4.99996047e-02   0.00000000e+00
  4.75500000e+00   1.39599133e+00  -5.30742293e-02   0.00000000e+00
  4.76000000e+00   1.39941980e+00  -5.60380577e-02   0.00000000e+00
  4.76500000e+00   1.40303071e+00  -5.88793932e-02   0.00000000e+00
  4.77000000e+00   1.40681600e+00  -6.15870222e-02   0.00000000e+00
  4.77500000e+00   1.41076694e+00  -6.41502589e-02   0.00000000e+00
  4.78000000e+00   1.41487412e+00  -6.65589875e-02   0.00000000e+00
  4.78500000e+00   1.41912755e+00  -6.88037018e-02   0.00000000e+00
  4.79000000e+00   1.42351663e+00  -7.08755430e-02   0.00000000e+00
  4.79500000e+00   1.42803024e+00  -7.27663344e-02   0.00000000e+00
  4.80000000e+00   1.43265677e+00  -7.44686139e-02   0.00000000e+00
  4.80500000e+00   1.43738415e+00  -7.59756635e-02   0.00000000e+00
  4.81000000e+00   1.44219994e+00  -7.72815355e-02   0.00000000e+00
  4.81500000e+00   1.44709132e+00  -7.83810762e-02   0.00000000e+00
  4.82000000e+00   1.45204518e+00  -7.92699462e-02   0.00000000e+00
  4.82500000e+00   1.45704818e+00  -7.99446376e-02   0.00000000e+00
  4.83000000e+00   1.46208678e+00  -8.04024877e-02   0.00000000e+00
  4.83500000e+00   1.46714728e+00  -8.06416895e-02   0.00000000e+00
  4.84000000e+00   1.47221591e+00  -8.06612990e-02   0.00000000e+00
  4.84500000e+00   1.47727887e+00  -8.04612389e-02   0.00000000e+00
  4.85000000e+00   1.48232238e+00  -8.00422987e-02   0.00000000e+00
  4.85500000e+00   1.48733273e+00  -7.94061317e-02   0.00000000e+00
  4.86000000e+00   1.49229635e+00  -7.85552486e-02   0.00000000e+00
  4.86500000e+00   1.49719985e+00  -7.74930075e-02   0.00000000e+00
  4.87000000e+00   1.50203007e+00  -7.62236005e-02   0.00000000e+00
  4.87500000e+00   1.50677415e+00  -7.47520374e-02   0.00000000e+00
  4.88000000e+00   1.51141957e+00  -7.30841258e-02   0.00000000e+00
  4.88500000e+00   1.51595420e+00  -7.12264482e-02   0.00000000e+00
  4.89000000e+00   1.52036633e+00  -6.91863360e-02   0.00000000e+00
  4.89500000e+00   1.52464476e+00  -6.69718405e-02   0.00000000e+00
  4.90000000e+00   1.52877879e+00  -6.45917014e-02   0.00000000e+00
  4.90500000e+00   1.53275832e+00  -6.20553120e-02   0.00000000e+00
  4.91000000e+00   1.53657383e+00  -5.93726822e-02   0.00000000e+00
  4.91500000e+00   1.54021647e+00  -5.65543992e-02   0.00000000e+00
  4.92000000e+00   1.54367805e+00  -5.36115855e-02   0.00000000e+00
  4.92500000e+00   1.54695113e+00  -5.05558549e-02   0.00000000e+00
  4.93000000e+00   1.55002898e+00  -4.73992670e-02   0.00000000e+00
  4.93500000e+00   1.55290565e+00  -4.41542795e-02   0.00000000e+00
  4.94000000e+00   1.55557598e+00  -4.08336989e-02   0.00000000e+00
  4.94500000e+00   1.55803565e+00  -3.74506298e-02   0.00000000e+00
  4.95000000e+00   1.56028114e+00  -3.40184239e-02   0.00000000e+00
  4.95500000e+00   1.56230979e+00  -3.05506264e-02   0.00000000e+00
  4.96000000e+00   1.56411979e+00  -2.70609230e-02   0.00000000e+00
  4.96500000e+00   1.56571019e+00  -2.35630862e-02   0.00000000e+00
  4.97000000e+00   1.56708093e+00  -2.00709202e-02   0.00000000e+00
  4.97500000e+00   1.56823279e+00  -1.65982071e-02   0.00000000e+00
  4.98000000e+00   1.56916742e+00  -1.31586519e-02   0.00000000e+00
  4.98500000e+00   1.56988733e+00  -9.76582917e-03   0.00000000e+00
  4.99000000e+00   1.57039589e+00  -6.43312872e-03   0.00000000e+00
