  0.00000000e+00   0.00000000e+00   0.00000000e+00   0.00000000e+00
  5.00000000e-03  -4.80655360e-05   3.02679939e-03   0.00000000e+00
  1.00000000e-02  -1.88081048e-04   5.85323585e-03   0.00000000e+00
  1.50000000e-02  -4.13707611e-04   8.47652002e-03   0.00000000e+00
  2.00000000e-02  -7.18521816e-04   1.08940630e-02   0.00000000e+00
  2.50000000e-02  -1.09602210e-03   1.31034791e-02   0.00000000e+00
  3.00000000e-02  -1.53963517e-03   1.51025877e-02   0.00000000e+00
  3.50000000e-02  -2.04272250e-03   1.68894161e-02   0.00000000e+00
  4.00000000e-02  -2.59858684e-03   1.84622008e-02   0.00000000e+00
  4.50000000e-02  -3.20047889e-03   1.98193897e-02   0.00000000e+00
  5.00000000e-02  -3.84160389e-03   2.09596433e-02   0.00000000e+00
  5.50000000e-02  -4.51512840e-03   2.18818365e-02   0.00000000e+00
  6.00000000e-02  -5.21418699e-03   2.25850592e-02   0.00000000e+00
  6.50000000e-02  -5.93188901e-03   2.30686172e-02   0.00000000e+00
  7.00000000e-02  -6.66132545e-03   2.33320334e-02   0.00000000e+00
  7.50000000e-02  -7.39557568e-03   2.33750479e-02   0.00000000e+00
  8.00000000e-02  -8.12771435e-03   2.31976182e-02   0.00000000e+00
  8.50000000e-02  -8.85081818e-03   2.27999194e-02   0.00000000e+00
  9.00000000e-02  -9.55797280e-03   2.21823440e-02   0.00000000e+00
  9.50000000e-02  -1.02422796e-02   2.13455015e-02   0.00000000e+00
  1.00000000e-01  -1.08968625e-02   2.02902176e-02   0.00000000e+00
  1.05000000e-01  -1.15148748e-02   1.90175339e-02   0.00000000e+00
  1.10000000e-01  -1.20895058e-02   1.75287064e-02   0.00000000e+00
  1.15000000e-01  -1.26139876e-02   1.58252043e-02   0.00000000e+00
  1.20000000e-01  -1.30816020e-02   1.39087087e-02   0.00000000e+00
  1.25000000e-01  -1.34856867e-02   1.17811111e-02   0.00000000e+00
  1.30000000e-01  -1.38196422e-02   9.44451114e-03   0.00000000e+00
  1.35000000e-01  -1.40769382e-02   6.90121471e-03   0.00000000e+00
  1.40000000e-01  -1.42511199e-02   4.15373177e-03   0.00000000e+00
  1.45000000e-01  -1.43358148e-02   1.20477374e-03   0.00000000e+00
  1.50000000e-01  -1.43247386e-02  -1.94274910e-03   0.00000000e+00
  1.55000000e-01  -1.42117013e-02  -5.28573053e-03   0.00000000e+00
  1.60000000e-01  -1.39906139e-02  -8.82087144e-03   0.00000000e+00
  1.65000000e-01  -1.36554937e-02  -1.25446831e-02   0.00000000e+00
  1.70000000e-01  -1.32004707e-02  -1.64534905e-02   0.00000000e+00
  1.75000000e-01  -1.26197934e-02  -2.05434361e-02   0.00000000e+00
  1.80000000e-01  -1.19078338e-02  -2.48104837e-02   0.00000000e+00
  1.85000000e-01  -1.10590940e-02  -2.92504222e-02   0.00000000e+00
  1.90000000e-01  -1.00682108e-02  -3.38588699e-02   0.00000000e+00
  1.95000000e-01  -8.92996135e-03  -3.86312788e-02   0.00000000e+00
  2.00000000e-01  -7.63926817e-03  -4.35629392e-02   0.00000000e+00
  2.05000000e-01  -6.19120431e-03  -4.86489840e-02   0.00000000e+00
  2.10000000e-01  -4.58099808e-03  -5.38843941e-02   0.00000000e+00
  2.15000000e-01  -2.80403781e-03  -5.92640026e-02   0.00000000e+00
  2.20000000e-01  -8.55876406e-04  -6.47825005e-02   0.00000000e+00
  2.25000000e-01   1.26776428e-03  -7.04344418e-02   0.00000000e+00
  2.30000000e-01   3.57098921e-03  -7.62142487e-02   0.00000000e+00
  2.35000000e-01   6.05772613e-03  -8.21162171e-02   0.00000000e+00
  2.40000000e-01   8.73172168e-03  -8.81345226e-02   0.00000000e+00
  2.45000000e-01   1.15965377e-02  -9.42632258e-02   0.00000000e+00
  2.50000000e-01   1.46555477e-02  -1.00496278e-01   0.00000000e+00
  2.55000000e-01   1.79119335e-02  -1.06827529e-01   0.00000000e+00
  2.60000000e-01   2.13686823e-02  -1.13250730e-01   0.00000000e+00
  2.65000000e-01   2.50285833e-02  -1.19759542e-01   0.00000000e+00
  2.70000000e-01   2.88942255e-02  -1.26347541e-01   0.00000000e+00
  2.75000000e-01   3.29679947e-02  -1.33008227e-01   0.00000000e+00
  2.80000000e-01   3.72520713e-02  -1.39735025e-01   0.00000000e+00
  2.85000000e-01   4.17484282e-02  -1.46521298e-01   0.00000000e+00
  2.90000000e-01   4.64588287e-02  -1.53360348e-01   0.00000000e+00
  2.95000000e-01   5.13848250e-02  -1.60245425e-01   0.00000000e+00
  3.00000000e-01   5.65277566e-02  -1.67169735e-01   0.00000000e+00
  3.05000000e-01   6.18887486e-02  -1.74126445e-01   0.00000000e+00
  3.10000000e-01   6.74687112e-02  -1.81108689e-01   0.00000000e+00
  3.15000000e-01   7.32683384e-02  -1.88109576e-01   0.00000000e+00
  3.20000000e-01   7.92881073e-02  -1.95122198e-01   0.00000000e+00
  3.25000000e-01   8.55282780e-02  -2.02139633e-01   0.00000000e+00
  3.30000000e-01   9.19888930e-02  -2.09154957e-01   0.00000000e+00
  3.35000000e-01   9.86697770e-02  -2.16161247e-01   0.00000000e+00
  3.40000000e-01   1.05570538e-01  -2.23151586e-01   0.00000000e+00
  3.45000000e-01   1.12690565e-01  -2.30119079e-01   0.00000000e+00
  3.50000000e-01   1.20029034e-01  -2.37056847e-01   0.00000000e+00
  3.55000000e-01   1.27584903e-01  -2.43958044e-01   0.00000000e+00
  3.60000000e-01   1.35356916e-01  -2.50815861e-01   0.00000000e+00
  3.65000000e-01   1.43343603e-01  -2.57623528e-01   0.00000000e+00
  3.70000000e-01   1.51543284e-01  -2.64374328e-01   0.00000000e+00
  3.75000000e-01   1.59954067e-01  -2.71061598e-01   0.00000000e+00
  3.80000000e-01   1.68573852e-01  -2.77678739e-01   0.00000000e+00
  3.85000000e-01   1.77400334e-01  -2.84219220e-01   0.00000000e+00
  3.90000000e-01   1.86431002e-01  -2.90676587e-01   0.00000000e+00
  3.95000000e-01   1.95663145e-01  -2.97044467e-01   0.00000000e+00
  4.00000000e-01   2.05093853e-01  -3.03316576e-01   0.00000000e+00
  4.05000000e-01   2.14720020e-01  -3.09486724e-01   0.00000000e+00
  4.10000000e-01   2.24538346e-01  -3.15548822e-01   0.00000000e+00
  4.15000000e-01   2.34545343e-01  -3.21496887e-01   0.00000000e+00
  4.20000000e-01   2.44737336e-01  -3.27325050e-01   0.00000000e+00
  4.25000000e-01   2.55110467e-01  -3.33027558e-01   0.00000000e+00
  4.30000000e-01   2.65660699e-01  -3.38598784e-01   0.00000000e+00
  4.35000000e-01   2.76383823e-01  -3.44033229e-01   0.00000000e+00
  4.40000000e-01   2.87275456e-01  -3.49325531e-01   0.00000000e+00
  4.45000000e-01   2.98331050e-01  -3.54470467e-01   0.00000000e+00
  4.50000000e-01   3.09545896e-01  -3.59462959e-01   0.00000000e+00
  4.55000000e-01   3.20915126e-01  -3.64298081e-01   0.00000000e+00
  4.60000000e-01   3.32433721e-01  -3.68971060e-01   0.00000000e+00
  4.65000000e-01   3.44096515e-01  -3.73477285e-01   0.00000000e+00
  4.70000000e-01   3.55898198e-01  -3.77812309e-01   0.00000000e+00
  4.75000000e-01   3.67833325e-01  -3.81971854e-01   0.00000000e+00
  4.80000000e-01   3.79896317e-01  -3.85951814e-01   0.00000000e+00
  4.85000000e-01   3.92081471e-01  -3.89748263e-01   0.00000000e+00
  4.90000000e-01   4.04382961e-01  -3.93357453e-01   0.00000000e+00
  4.95000000e-01   4.16794850e-01  -3.96775822e-01   0.00000000e+00
  5.00000000e-01   4.29311088e-01  -3.99999997e-01   0.00000000e+00
  5.05000000e-01   4.41925524e-01  -4.03026797e-01   0.00000000e+00
  5.10000000e-01   4.54631910e-01  -4.05853234e-01   0.00000000e+00
  5.15000000e-01   4.67423907e-01  -4.08476518e-01   0.00000000e+00
  5.20000000e-01   4.80295092e-01  -4.10894061e-01   0.00000000e+00
  5.25000000e-01   4.93238962e-01  -4.13103477e-01   0.00000000e+00
  5.30000000e-01   5.06248946e-01  -4.15102586e-01   0.00000000e+00
  5.35000000e-01   5.19318404e-01  -4.16889415e-01   0.00000000e+00
  5.40000000e-01   5.32440639e-01  -4.18462199e-01   0.00000000e+00
  5.45000000e-01   5.45608902e-01  -4.19819388e-01   0.00000000e+00
  5.50000000e-01   5.58816397e-01  -4.20959642e-01   0.00000000e+00
  5.55000000e-01   5.72056292e-01  -4.21881836e-01   0.00000000e+00
  5.60000000e-01   5.85321721e-01  -4.22585059e-01   0.00000000e+00
  5.65000000e-01   5.98605794e-01  -4.23068617e-01   0.00000000e+00
  5.70000000e-01   6.11901601e-01  -4.23332033e-01   0.00000000e+00
  5.75000000e-01   6.25202222e-01  -4.23375048e-01   0.00000000e+00
  5.80000000e-01   6.38500731e-01  -4.23197618e-01   0.00000000e+00
  5.85000000e-01   6.51790206e-01  -4.22799920e-01   0.00000000e+00
  5.90000000e-01   6.65063731e-01  -4.22182344e-01   0.00000000e+00
  5.95000000e-01   6.78314408e-01  -4.21345502e-01   0.00000000e+00
  6.00000000e-01   6.91535362e-01  -4.20290218e-01   0.00000000e+00
  6.05000000e-01   7.04719745e-01  -4.19017535e-01   0.00000000e+00
  6.10000000e-01   7.17860746e-01  -4.17528708e-01   0.00000000e+00
  6.15000000e-01   7.30951599e-01  -4.15825206e-01   0.00000000e+00
  6.20000000e-01   7.43985584e-01  -4.13908710e-01   0.00000000e+00
  6.25000000e-01   7.56956039e-01  -4.11781113e-01   0.00000000e+00
  6.30000000e-01   7.69856365e-01  -4.09444513e-01   0.00000000e+00
  6.35000000e-01   7.82680032e-01  -4.06901217e-01   0.00000000e+00
  6.40000000e-01   7.95420585e-01  -4.04153734e-01   0.00000000e+00
  6.45000000e-01   8.08071650e-01  -4.01204776e-01   0.00000000e+00
  6.50000000e-01   8.20626945e-01  -3.98057253e-01   0.00000000e+00
  6.55000000e-01   8.33080278e-01  -3.94714272e-01   0.00000000e+00
  6.60000000e-01   8.45425561e-01  -3.91179131e-01   0.00000000e+00
  6.65000000e-01   8.57656812e-01  -3.87455320e-01   0.00000000e+00
  6.70000000e-01   8.69768160e-01  -3.83546513e-01   0.00000000e+00
  6.75000000e-01   8.81753853e-01  -3.79456567e-01   0.00000000e+00
  6.80000000e-01   8.93608264e-01  -3.75189520e-01   0.00000000e+00
  6.85000000e-01   9.05325895e-01  -3.70749581e-01   0.00000000e+00
  6.90000000e-01   9.16901383e-01  -3.66141134e-01   0.00000000e+00
  6.95000000e-01   9.28329504e-01  -3.61368725e-01   0.00000000e+00
  7.00000000e-01   9.39605181e-01  -3.56437065e-01   0.00000000e+00
  7.05000000e-01   9.50723488e-01  -3.51351020e-01   0.00000000e+00
  7.10000000e-01   9.61679653e-01  -3.46115610e-01   0.00000000e+00
  7.15000000e-01   9.72469063e-01  -3.40736002e-01   0.00000000e+00
  7.20000000e-01   9.83087273e-01  -3.35217504e-01   0.00000000e+00
  7.25000000e-01   9.93530003e-01  -3.29565563e-01   0.00000000e+00
  7.30000000e-01   1.00379315e+00  -3.23785756e-01   0.00000000e+00
  7.35000000e-01   1.01387278e+00  -3.17883788e-01   0.00000000e+00
  7.40000000e-01   1.02376516e+00  -3.11865482e-01   0.00000000e+00
  7.45000000e-01   1.03346671e+00  -3.05736779e-01   0.00000000e+00
  7.50000000e-01   1.04297407e+00  -2.99503727e-01   0.00000000e+00
  7.55000000e-01   1.05228406e+00  -2.93172476e-01   0.00000000e+00
  7.60000000e-01   1.06139368e+00  -2.86749275e-01   0.00000000e+00
  7.65000000e-01   1.07030015e+00  -2.80240463e-01   0.00000000e+00
  7.70000000e-01   1.07900088e+00  -2.73652464e-01   0.00000000e+00
  7.75000000e-01   1.08749348e+00  -2.66991778e-01   0.00000000e+00
  7.80000000e-01   1.09577577e+00  -2.60264980e-01   0.00000000e+00
  7.85000000e-01   1.10384579e+00  -2.53478708e-01   0.00000000e+00
  7.90000000e-01   1.11170176e+00  -2.46639658e-01   0.00000000e+00
  7.95000000e-01   1.11934213e+00  -2.39754581e-01   0.00000000e+00
  8.00000000e-01   1.12676557e+00  -2.32830270e-01   0.00000000e+00
  8.05000000e-01   1.13397095e+00  -2.25873561e-01   0.00000000e+00
  8.10000000e-01   1.14095736e+00  -2.18891317e-01   0.00000000e+00
  8.15000000e-01   1.14772410e+00  -2.11890430e-01   0.00000000e+00
  8.20000000e-01   1.15427070e+00  -2.04877808e-01   0.00000000e+00
  8.25000000e-01   1.16059690e+00  -1.97860372e-01   0.00000000e+00
  8.30000000e-01   1.16670266e+00  -1.90845048e-01   0.00000000e+00
  8.35000000e-01   1.17258815e+00  -1.83838759e-01   0.00000000e+00
  8.40000000e-01   1.17825376e+00  -1.76848419e-01   0.00000000e+00
  8.45000000e-01   1.18370010e+00  -1.69880927e-01   0.00000000e+00
  8.50000000e-01   1.18892800e+00  -1.62943159e-01   0.00000000e+00
  8.55000000e-01   1.19393850e+00  -1.56041961e-01   0.00000000e+00
  8.60000000e-01   1.19873286e+00  -1.49184145e-01   0.00000000e+00
  8.65000000e-01   1.20331255e+00  -1.42376478e-01   0.00000000e+00
  8.70000000e-01   1.20767924e+00  -1.35625678e-01   0.00000000e+00
  8.75000000e-01   1.21183482e+00  -1.28938408e-01   0.00000000e+00
  8.80000000e-01   1.21578141e+00  -1.22321267e-01   0.00000000e+00
  8.85000000e-01   1.21952130e+00  -1.15780786e-01   0.00000000e+00
  8.90000000e-01   1.22305700e+00  -1.09323418e-01   0.00000000e+00
  8.95000000e-01   1.22639123e+00  -1.02955538e-01   0.00000000e+00
  9.00000000e-01   1.22952689e+00  -9.66834289e-02   0.00000000e+00
  9.05000000e-01   1.23246710e+00  -9.05132808e-02   0.00000000e+00
  9.10000000e-01   1.23521514e+00  -8.44511828e-02   0.00000000e+00
  9.15000000e-01   1.23777451e+00  -7.85031175e-02   0.00000000e+00
  9.20000000e-01   1.24014889e+00  -7.26749550e-02   0.00000000e+00
  9.25000000e-01   1.24234213e+00  -6.69724469e-02   0.00000000e+00
  9.30000000e-01   1.24435827e+00  -6.14012210e-02   0.00000000e+00
  9.35000000e-01   1.24620152e+00  -5.59667753e-02   0.00000000e+00
  9.40000000e-01   1.24787625e+00  -5.06744730e-02   0.00000000e+00
  9.45000000e-01   1.24938703e+00  -4.55295370e-02   0.00000000e+00
  9.50000000e-01   1.25073856e+00  -4.05370447e-02   0.00000000e+00
  9.55000000e-01   1.25193570e+00  -3.57019231e-02   0.00000000e+00
  9.60000000e-01   1.25298347e+00  -3.10289438e-02   0.00000000e+00
  9.65000000e-01   1.25388705e+00  -2.65227186e-02   0.00000000e+00
  9.70000000e-01   1.25465174e+00  -2.21876944e-02   0.00000000e+00
  9.75000000e-01   1.25528298e+00  -1.80281496e-02   0.00000000e+00
  9.80000000e-01   1.25578636e+00  -1.40481890e-02   0.00000000e+00
  9.85000000e-01   1.25616758e+00  -1.02517404e-02   0.00000000e+00
  9.90000000e-01   1.25643246e+00  -6.64255043e-03   0.00000000e+00
  9.95000000e-01   1.25658694e+00  -3.22418090e-03   0.00000000e+00
  1.00000000e+00   1.25663707e+00  -5.34024730e-09   0.00000000e+00
  1.00500000e+00   1.25658901e+00   3.02679437e-03   0.00000000e+00
  1.01000000e+00   1.25644899e+00   5.85323115e-03   0.00000000e+00
  1.01500000e+00   1.25622336e+00   8.47651565e-03   0.00000000e+00
  1.02000000e+00   1.25591855e+00   1.08940590e-02   0.00000000e+00
  1.02500000e+00   1.25554105e+00   1.31034754e-02   0.00000000e+00
  1.03000000e+00   1.25509744e+00   1.51025844e-02   0.00000000e+00
  1.03500000e+00   1.25459435e+00   1.68894131e-02   0.00000000e+00
  1.04000000e+00   1.25403849e+00   1.84621981e-02   0.00000000e+00
  1.04500000e+00   1.25343659e+00   1.98193873e-02   0.00000000e+00
  1.05000000e+00   1.25279547e+00   2.09596414e-02   0.00000000e+00
  1.05500000e+00   1.25212194e+00   2.18818349e-02   0.00000000e+00
  1.06000000e+00   1.25142289e+00   2.25850579e-02   0.00000000e+00
  1.06500000e+00   1.25070518e+00   2.30686163e-02   0.00000000e+00
  1.07000000e+00   1.24997575e+00   2.33320329e-02   0.00000000e+00
  1.07500000e+00   1.24924150e+00   2.33750478e-02   0.00000000e+00
  1.08000000e+00   1.24850936e+00   2.31976184e-02   0.00000000e+00
  1.08500000e+00   1.24778625e+00   2.27999200e-02   0.00000000e+00
  1.09000000e+00   1.24707910e+00   2.21823449e-02   0.00000000e+00
  1.09500000e+00   1.24639479e+00   2.13455027e-02   0.00000000e+00
  1.10000000e+00   1.24574021e+00   2.02902192e-02   0.00000000e+00
  1.10500000e+00   1.24512220e+00   1.90175359e-02   0.00000000e+00
  1.11000000e+00   1.24454757e+00   1.75287087e-02   0.00000000e+00
  1.11500000e+00   1.24402308e+00   1.58252069e-02   0.00000000e+00
  1.12000000e+00   1.24355547e+00   1.39087117e-02   0.00000000e+00
  1.12500000e+00   1.24315139e+00   1.17811145e-02   0.00000000e+00
  1.13000000e+00   1.24281743e+00   9.44451482e-03   0.00000000e+00
  1.13500000e+00   1.24256013e+00   6.90121873e-03   0.00000000e+00
  1.14000000e+00   1.24238595e+00   4.15373612e-03   0.00000000e+00
  1.14500000e+00   1.24230126e+00   1.20477842e-03   0.00000000e+00
  1.15000000e+00   1.24231233e+00  -1.94274410e-03   0.00000000e+00
  1.15500000e+00   1.24242537e+00  -5.28572521e-03   0.00000000e+00
  1.16000000e+00   1.24264646e+00  -8.82086581e-03   0.00000000e+00
  1.16500000e+00   1.24298158e+00  -1.25446771e-02   0.00000000e+00
  1.17000000e+00   1.24343660e+00  -1.64534842e-02   0.00000000e+00
  1.17500000e+00   1.24401728e+00  -2.05434295e-02   0.00000000e+00
  1.18000000e+00   1.24472924e+00  -2.48104768e-02   0.00000000e+00
  1.18500000e+00   1.24557798e+00  -2.92504150e-02   0.00000000e+00
  1.19000000e+00   1.24656886e+00  -3.38588625e-02   0.00000000e+00
  1.19500000e+00   1.24770711e+00  -3.86312711e-02   0.00000000e+00
  1.20000000e+00   1.24899780e+00  -4.35629312e-02   0.00000000e+00
  1.20500000e+00   1.25044587e+00  -4.86489759e-02   0.00000000e+00
  1.21000000e+00   1.25205607e+00  -5.38843857e-02   0.00000000e+00
  1.21500000e+00   1.25383303e+00  -5.92639939e-02   0.00000000e+00
  1.22000000e+00   1.25578119e+00  -6.47824916e-02   0.00000000e+00
  1.22500000e+00   1.25790483e+00  -7.04344327e-02   0.00000000e+00
  1.23000000e+00   1.26020806e+00  -7.62142394e-02   0.00000000e+00
  1.23500000e+00   1.26269479e+00  -8.21162076e-02   0.00000000e+00
  1.24000000e+00   1.26536879e+00  -8.81345129e-02   0.00000000e+00
  1.24500000e+00   1.26823360e+00  -9.42632159e-02   0.00000000e+00
  1.25000000e+00   1.27129261e+00  -1.00496268e-01   0.00000000e+00
  1.25500000e+00   1.27454900e+00  -1.06827519e-01   0.00000000e+00
  1.26000000e+00   1.27800575e+00  -1.13250720e-01   0.00000000e+00
  1.26500000e+00   1.28166565e+00  -1.19759531e-01   0.00000000e+00
  1.27000000e+00   1.28553129e+00  -1.26347531e-01   0.00000000e+00
  1.27500000e+00   1.28960506e+00  -1.33008216e-01   0.00000000e+00
  1.28000000e+00   1.29388914e+00  -1.39735014e-01   0.00000000e+00
  1.28500000e+00   1.29838549e+00  -1.46521287e-01   0.00000000e+00
  1.29000000e+00   1.30309589e+00  -1.53360336e-01   0.00000000e+00
  1.29500000e+00   1.30802189e+00  -1.60245414e-01   0.00000000e+00
  1.30000000e+00   1.31316482e+00  -1.67169724e-01   0.00000000e+00
  1.30500000e+00   1.31852581e+00  -1.74126434e-01   0.00000000e+00
  1.31000000e+00   1.32410577e+00  -1.81108677e-01   0.00000000e+00
  1.31500000e+00   1.32990540e+00  -1.88109565e-01   0.00000000e+00
  1.32000000e+00   1.33592517e+00  -1.95122187e-01   0.00000000e+00
  1.32500000e+00   1.34216534e+00  -2.02139622e-01   0.00000000e+00
  1.33000000e+00   1.34862595e+00  -2.09154946e-01   0.00000000e+00
  1.33500000e+00   1.35530684e+00  -2.16161235e-01   0.00000000e+00
  1.34000000e+00   1.36220760e+00  -2.23151575e-01   0.00000000e+00
  1.34500000e+00   1.36932763e+00  -2.30119067e-01   0.00000000e+00
  1.35000000e+00   1.37666609e+00  -2.37056836e-01   0.00000000e+00
  1.35500000e+00   1.38422196e+00  -2.43958033e-01   0.00000000e+00
  1.36000000e+00   1.39199398e+00  -2.50815850e-01   0.00000000e+00
  1.36500000e+00   1.39998066e+00  -2.57623517e-01   0.00000000e+00
  1.37000000e+00   1.40818034e+00  -2.64374317e-01   0.00000000e+00
  1.37500000e+00   1.41659113e+00  -2.71061587e-01   0.00000000e+00
  1.38000000e+00   1.42521091e+00  -2.77678728e-01   0.00000000e+00
  1.38500000e+00   1.43403739e+00  -2.84219209e-01   0.00000000e+00
  1.39000000e+00   1.44306806e+00  -2.90676576e-01   0.00000000e+00
  1.39500000e+00   1.45230020e+00  -2.97044457e-01   0.00000000e+00
  1.40000000e+00   1.46173091e+00  -3.03316566e-01   0.00000000e+00
  1.40500000e+00   1.47135708e+00  -3.09486714e-01   0.00000000e+00
  1.41000000e+00   1.48117540e+00  -3.15548812e-01   0.00000000e+00
  1.41500000e+00   1.49118240e+00  -3.21496878e-01   0.00000000e+00
  1.42000000e+00   1.50137439e+00  -3.27325040e-01   0.00000000e+00
  1.42500000e+00   1.51174752e+00  -3.33027548e-01   0.00000000e+00
  1.43000000e+00   1.52229775e+00  -3.38598774e-01   0.00000000e+00
  1.43500000e+00   1.53302088e+00  -3.44033220e-01   0.00000000e+00
  1.44000000e+00   1.54391251e+00  -3.49325523e-01   0.00000000e+00
  1.44500000e+00   1.55496810e+00  -3.54470459e-01   0.00000000e+00
  1.45000000e+00   1.56618295e+00  -3.59462951e-01   0.00000000e+00
  1.45500000e+00   1.57755218e+00  -3.64298073e-01   0.00000000e+00
  1.46000000e+00   1.58907077e+00  -3.68971052e-01   0.00000000e+00
  1.46500000e+00   1.60073357e+00  -3.73477278e-01   0.00000000e+00
  1.47000000e+00   1.61253525e+00  -3.77812302e-01   0.00000000e+00
  1.47500000e+00   1.62447038e+00  -3.81971847e-01   0.00000000e+00
  1.48000000e+00   1.63653337e+00  -3.85951808e-01   0.00000000e+00
  1.48500000e+00   1.64871852e+00  -3.89748256e-01   0.00000000e+00
  1.49000000e+00   1.66102001e+00  -3.93357447e-01   0.00000000e+00
  1.49500000e+00   1.67343190e+00  -3.96775816e-01   0.00000000e+00
  1.50000000e+00   1.68594814e+00  -3.99999992e-01   0.00000000e+00
  1.50500000e+00   1.69856257e+00  -4.03026792e-01   0.00000000e+00
  1.51000000e+00   1.71126896e+00  -4.05853229e-01   0.00000000e+00
  1.51500000e+00   1.72406096e+00  -4.08476513e-01   0.00000000e+00
  1.52000000e+00   1.73693214e+00  -4.10894057e-01   0.00000000e+00
  1.52500000e+00   1.74987601e+00  -4.13103474e-01   0.00000000e+00
  1.53000000e+00   1.76288600e+00  -4.15102583e-01   0.00000000e+00
  1.53500000e+00   1.77595545e+00  -4.16889412e-01   0.00000000e+00
  1.54000000e+00   1.78907769e+00  -4.18462197e-01   0.00000000e+00
  1.54500000e+00   1.80224595e+00  -4.19819386e-01   0.00000000e+00
  1.55000000e+00   1.81545345e+00  -4.20959640e-01   0.00000000e+00
  1.55500000e+00   1.82869334e+00  -4.21881834e-01   0.00000000e+00
  1.56000000e+00   1.84195877e+00  -4.22585057e-01   0.00000000e+00
  1.56500000e+00   1.85524284e+00  -4.23068616e-01   0.00000000e+00
  1.57000000e+00   1.86853865e+00  -4.23332033e-01   0.00000000e+00
  1.57500000e+00   1.88183927e+00  -4.23375048e-01   0.00000000e+00
  1.58000000e+00   1.89513778e+00  -4.23197619e-01   0.00000000e+00
  1.58500000e+00   1.90842726e+00  -4.22799920e-01   0.00000000e+00
  1.59000000e+00   1.92170078e+00  -4.22182345e-01   0.00000000e+00
  1.59500000e+00   1.93495146e+00  -4.21345503e-01   0.00000000e+00
  1.60000000e+00   1.94817241e+00  -4.20290220e-01   0.00000000e+00
  1.60500000e+00   1.96135679e+00  -4.19017537e-01   0.00000000e+00
  1.61000000e+00   1.97449780e+00  -4.17528710e-01   0.00000000e+00
  1.61500000e+00   1.98758865e+00  -4.15825208e-01   0.00000000e+00
  1.62000000e+00   2.00062263e+00  -4.13908713e-01   0.00000000e+00
  1.62500000e+00   2.01359309e+00  -4.11781116e-01   0.00000000e+00
  1.63000000e+00   2.02649342e+00  -4.09444517e-01   0.00000000e+00
  1.63500000e+00   2.03931708e+00  -4.06901221e-01   0.00000000e+00
  1.64000000e+00   2.05205764e+00  -4.04153738e-01   0.00000000e+00
  1.64500000e+00   2.06470870e+00  -4.01204781e-01   0.00000000e+00
  1.65000000e+00   2.07726400e+00  -3.98057258e-01   0.00000000e+00
  1.65500000e+00   2.08971733e+00  -3.94714277e-01   0.00000000e+00
  1.66000000e+00   2.10206261e+00  -3.91179137e-01   0.00000000e+00
  1.66500000e+00   2.11429386e+00  -3.87455326e-01   0.00000000e+00
  1.67000000e+00   2.12640521e+00  -3.83546519e-01   0.00000000e+00
  1.67500000e+00   2.13839090e+00  -3.79456574e-01   0.00000000e+00
  1.68000000e+00   2.15024532e+00  -3.75189527e-01   0.00000000e+00
  1.68500000e+00   2.16196295e+00  -3.70749589e-01   0.00000000e+00
  1.69000000e+00   2.17353844e+00  -3.66141141e-01   0.00000000e+00
  1.69500000e+00   2.18496656e+00  -3.61368733e-01   0.00000000e+00
  1.70000000e+00   2.19624223e+00  -3.56437073e-01   0.00000000e+00
  1.70500000e+00   2.20736054e+00  -3.51351028e-01   0.00000000e+00
  1.71000000e+00   2.21831671e+00  -3.46115619e-01   0.00000000e+00
  1.71500000e+00   2.22910612e+00  -3.40736010e-01   0.00000000e+00
  1.72000000e+00   2.23972433e+00  -3.35217513e-01   0.00000000e+00
  1.72500000e+00   2.25016706e+00  -3.29565572e-01   0.00000000e+00
  1.73000000e+00   2.26043020e+00  -3.23785765e-01   0.00000000e+00
  1.73500000e+00   2.27050984e+00  -3.17883797e-01   0.00000000e+00
  1.74000000e+00   2.28040221e+00  -3.11865492e-01   0.00000000e+00
  1.74500000e+00   2.29010377e+00  -3.05736789e-01   0.00000000e+00
  1.75000000e+00   2.29961113e+00  -2.99503737e-01   0.00000000e+00
  1.75500000e+00   2.30892111e+00  -2.93172486e-01   0.00000000e+00
  1.76000000e+00   2.31803074e+00  -2.86749286e-01   0.00000000e+00
  1.76500000e+00   2.32693721e+00  -2.80240474e-01   0.00000000e+00
  1.77000000e+00   2.33563794e+00  -2.73652475e-01   0.00000000e+00
  1.77500000e+00   2.34413054e+00  -2.66991789e-01   0.00000000e+00
  1.78000000e+00   2.35241283e+00  -2.60264991e-01   0.00000000e+00
  1.78500000e+00   2.36048285e+00  -2.53478719e-01   0.00000000e+00
  1.79000000e+00   2.36833882e+00  -2.46639669e-01   0.00000000e+00
  1.79500000e+00   2.37597919e+00  -2.39754592e-01   0.00000000e+00
  1.80000000e+00   2.38340263e+00  -2.32830282e-01   0.00000000e+00
  1.80500000e+00   2.39060801e+00  -2.25873572e-01   0.00000000e+00
  1.81000000e+00   2.39759442e+00  -2.18891328e-01   0.00000000e+00
  1.81500000e+00   2.40436116e+00  -2.11890441e-01   0.00000000e+00
  1.82000000e+00   2.41090777e+00  -2.04877819e-01   0.00000000e+00
  1.82500000e+00   2.41723397e+00  -1.97860384e-01   0.00000000e+00
  1.83000000e+00   2.42333972e+00  -1.90845060e-01   0.00000000e+00
  1.83500000e+00   2.42922521e+00  -1.83838771e-01   0.00000000e+00
  1.84000000e+00   2.43489082e+00  -1.76848431e-01   0.00000000e+00
  1.84500000e+00   2.44033716e+00  -1.69880938e-01   0.00000000e+00
  1.85000000e+00   2.44556507e+00  -1.62943170e-01   0.00000000e+00
  1.85500000e+00   2.45057557e+00  -1.56041972e-01   0.00000000e+00
  1.86000000e+00   2.45536993e+00  -1.49184156e-01   0.00000000e+00
  1.86500000e+00   2.45994961e+00  -1.42376489e-01   0.00000000e+00
  1.87000000e+00   2.46431630e+00  -1.35625689e-01   0.00000000e+00
  1.87500000e+00   2.46847189e+00  -1.28938419e-01   0.00000000e+00
  1.88000000e+00   2.47241847e+00  -1.22321278e-01   0.00000000e+00
  1.88500000e+00   2.47615836e+00  -1.15780796e-01   0.00000000e+00
  1.89000000e+00   2.47969407e+00  -1.09323429e-01   0.00000000e+00
  1.89500000e+00   2.48302829e+00  -1.02955548e-01   0.00000000e+00
  1.90000000e+00   2.48616396e+00  -9.66834392e-02   0.00000000e+00
  1.90500000e+00   2.48910416e+00  -9.05132908e-02   0.00000000e+00
  1.91000000e+00   2.49185221e+00  -8.44511927e-02   0.00000000e+00
  1.91500000e+00   2.49441158e+00  -7.85031272e-02   0.00000000e+00
  1.92000000e+00   2.49678596e+00  -7.26749645e-02   0.00000000e+00
  1.92500000e+00   2.49897920e+00  -6.69724562e-02   0.00000000e+00
  1.93000000e+00   2.50099534e+00  -6.14012301e-02   0.00000000e+00
  1.93500000e+00   2.50283859e+00  -5.59667842e-02   0.00000000e+00
  1.94000000e+00   2.50451332e+00  -5.06744817e-02   0.00000000e+00
  1.94500000e+00   2.50602410e+00  -4.55295455e-02   0.00000000e+00
  1.95000000e+00   2.50737563e+00  -4.05370529e-02   0.00000000e+00
  1.95500000e+00   2.50857277e+00  -3.57019310e-02   0.00000000e+00
  1.96000000e+00   2.50962054e+00  -3.10289515e-02   0.00000000e+00
  1.96500000e+00   2.51052412e+00  -2.65227260e-02   0.00000000e+00
  1.97000000e+00   2.51128881e+00  -2.21877016e-02   0.00000000e+00
  1.97500000e+00   2.51192005e+00  -1.80281565e-02   0.00000000e+00
  1.98000000e+00   2.51242343e+00  -1.40481956e-02   0.00000000e+00
  1.98500000e+00   2.51280465e+00  -1.02517467e-02   0.00000000e+00
  1.99000000e+00   2.51306953e+00  -6.64255639e-03   0.00000000e+00
  1.99500000e+00   2.51322401e+00  -3.22418655e-03   0.00000000e+00
  2.00000000e+00   2.51327414e+00  -1.06804950e-08   0.00000000e+00
  2.00500000e+00   2.51322608e+00   3.02678935e-03   0.00000000e+00
  2.01000000e+00   2.51308606e+00   5.85322646e-03   0.00000000e+00
  2.01500000e+00   2.51286044e+00   8.47651128e-03   0.00000000e+00
  2.02000000e+00   2.51255562e+00   1.08940550e-02   0.00000000e+00
  2.02500000e+00   2.51217812e+00   1.31034717e-02   0.00000000e+00
  2.03000000e+00   2.51173451e+00   1.51025810e-02   0.00000000e+00
  2.03500000e+00   2.51123142e+00   1.68894100e-02   0.00000000e+00
  2.04000000e+00   2.51067556e+00   1.84621954e-02   0.00000000e+00
  2.04500000e+00   2.51007367e+00   1.98193850e-02   0.00000000e+00
  2.05000000e+00   2.50943254e+00   2.09596394e-02   0.00000000e+00
  2.05500000e+00   2.50875902e+00   2.18818333e-02   0.00000000e+00
  2.06000000e+00   2.50805996e+00   2.25850566e-02   0.00000000e+00
  2.06500000e+00   2.50734226e+00   2.30686154e-02   0.00000000e+00
  2.07000000e+00   2.50661282e+00   2.33320324e-02   0.00000000e+00
  2.07500000e+00   2.50587857e+00   2.33750476e-02   0.00000000e+00
  2.08000000e+00   2.50514643e+00   2.31976186e-02   0.00000000e+00
  2.08500000e+00   2.50442333e+00   2.27999205e-02   0.00000000e+00
  2.09000000e+00   2.50371617e+00   2.21823458e-02   0.00000000e+00
  2.09500000e+00   2.50303187e+00   2.13455039e-02   0.00000000e+00
  2.10000000e+00   2.50237728e+00   2.02902208e-02   0.00000000e+00
  2.10500000e+00   2.50175927e+00   1.90175378e-02   0.00000000e+00
  2.11000000e+00   2.50118464e+00   1.75287110e-02   0.00000000e+00
  2.11500000e+00   2.50066016e+00   1.58252096e-02   0.00000000e+00
  2.12000000e+00   2.50019254e+00   1.39087147e-02   0.00000000e+00
  2.12500000e+00   2.49978846e+00   1.17811178e-02   0.00000000e+00
  2.13000000e+00   2.49945450e+00   9.44451850e-03   0.00000000e+00
  2.13500000e+00   2.49919721e+00   6.90122275e-03   0.00000000e+00
  2.14000000e+00   2.49902302e+00   4.15374047e-03   0.00000000e+00
  2.14500000e+00   2.49893833e+00   1.20478310e-03   0.00000000e+00
  2.15000000e+00   2.49894940e+00  -1.94273909e-03   0.00000000e+00
  2.15500000e+00   2.49906244e+00  -5.28571989e-03   0.00000000e+00
  2.16000000e+00   2.49928353e+00  -8.82086017e-03   0.00000000e+00
  2.16500000e+00   2.49961865e+00  -1.25446712e-02   0.00000000e+00
  2.17000000e+00   2.50007367e+00  -1.64534780e-02   0.00000000e+00
  2.17500000e+00   2.50065435e+00  -2.05434230e-02   0.00000000e+00
  2.18000000e+00   2.50136631e+00  -2.48104700e-02   0.00000000e+00
  2.18500000e+00   2.50221505e+00  -2.92504079e-02   0.00000000e+00
  2.19000000e+00   2.50320593e+00  -3.38588551e-02   0.00000000e+00
  2.19500000e+00   2.50434418e+00  -3.86312635e-02   0.00000000e+00
  2.20000000e+00   2.50563487e+00  -4.35629233e-02   0.00000000e+00
  2.20500000e+00   2.50708293e+00  -4.86489677e-02   0.00000000e+00
  2.21000000e+00   2.50869314e+00  -5.38843772e-02   0.00000000e+00
  2.21500000e+00   2.51047010e+00  -5.92639853e-02   0.00000000e+00
  2.22000000e+00   2.51241826e+00  -6.47824828e-02   0.00000000e+00
  2.22500000e+00   2.51454190e+00  -7.04344236e-02   0.00000000e+00
  2.23000000e+00   2.51684513e+00  -7.62142300e-02   0.00000000e+00
  2.23500000e+00   2.51933186e+00  -8.21161981e-02   0.00000000e+00
  2.24000000e+00   2.52200586e+00  -8.81345032e-02   0.00000000e+00
  2.24500000e+00   2.52487067e+00  -9.42632060e-02   0.00000000e+00
  2.25000000e+00   2.52792968e+00  -1.00496258e-01   0.00000000e+00
  2.25500000e+00   2.53118607e+00  -1.06827509e-01   0.00000000e+00
  2.26000000e+00   2.53464281e+00  -1.13250709e-01   0.00000000e+00
  2.26500000e+00   2.53830271e+00  -1.19759521e-01   0.00000000e+00
  2.27000000e+00   2.54216836e+00  -1.26347520e-01   0.00000000e+00
  2.27500000e+00   2.54624212e+00  -1.33008205e-01   0.00000000e+00
  2.28000000e+00   2.55052620e+00  -1.39735004e-01   0.00000000e+00
  2.28500000e+00   2.55502256e+00  -1.46521276e-01   0.00000000e+00
  2.29000000e+00   2.55973296e+00  -1.53360325e-01   0.00000000e+00
  2.29500000e+00   2.56465895e+00  -1.60245403e-01   0.00000000e+00
  2.30000000e+00   2.56980188e+00  -1.67169713e-01   0.00000000e+00
  2.30500000e+00   2.57516287e+00  -1.74126422e-01   0.00000000e+00
  2.31000000e+00   2.58074284e+00  -1.81108666e-01   0.00000000e+00
  2.31500000e+00   2.58654246e+00  -1.88109553e-01   0.00000000e+00
  2.32000000e+00   2.59256223e+00  -1.95122175e-01   0.00000000e+00
  2.32500000e+00   2.59880240e+00  -2.02139611e-01   0.00000000e+00
  2.33000000e+00   2.60526302e+00  -2.09154935e-01   0.00000000e+00
  2.33500000e+00   2.61194390e+00  -2.16161224e-01   0.00000000e+00
  2.34000000e+00   2.61884466e+00  -2.23151564e-01   0.00000000e+00
  2.34500000e+00   2.62596469e+00  -2.30119056e-01   0.00000000e+00
  2.35000000e+00   2.63330315e+00  -2.37056824e-01   0.00000000e+00
  2.35500000e+00   2.64085902e+00  -2.43958022e-01   0.00000000e+00
  2.36000000e+00   2.64863103e+00  -2.50815838e-01   0.00000000e+00
  2.36500000e+00   2.65661772e+00  -2.57623506e-01   0.00000000e+00
  2.37000000e+00   2.66481740e+00  -2.64374306e-01   0.00000000e+00
  2.37500000e+00   2.67322818e+00  -2.71061576e-01   0.00000000e+00
  2.38000000e+00   2.68184797e+00  -2.77678717e-01   0.00000000e+00
  2.38500000e+00   2.69067445e+00  -2.84219198e-01   0.00000000e+00
  2.39000000e+00   2.69970512e+00  -2.90676566e-01   0.00000000e+00
  2.39500000e+00   2.70893726e+00  -2.97044446e-01   0.00000000e+00
  2.40000000e+00   2.71836797e+00  -3.03316556e-01   0.00000000e+00
  2.40500000e+00   2.72799413e+00  -3.09486704e-01   0.00000000e+00
  2.41000000e+00   2.73781246e+00  -3.15548802e-01   0.00000000e+00
  2.41500000e+00   2.74781945e+00  -3.21496868e-01   0.00000000e+00
  2.42000000e+00   2.75801145e+00  -3.27325031e-01   0.00000000e+00
  2.42500000e+00   2.76838458e+00  -3.33027539e-01   0.00000000e+00
  2.43000000e+00   2.77893481e+00  -3.38598765e-01   0.00000000e+00
  2.43500000e+00   2.78965793e+00  -3.44033211e-01   0.00000000e+00
  2.44000000e+00   2.80054956e+00  -3.49325514e-01   0.00000000e+00
  2.44500000e+00   2.81160516e+00  -3.54470450e-01   0.00000000e+00
  2.45000000e+00   2.82282000e+00  -3.59462943e-01   0.00000000e+00
  2.45500000e+00   2.83418923e+00  -3.64298065e-01   0.00000000e+00
  2.46000000e+00   2.84570783e+00  -3.68971045e-01   0.00000000e+00
  2.46500000e+00   2.85737062e+00  -3.73477270e-01   0.00000000e+00
  2.47000000e+00   2.86917230e+00  -3.77812295e-01   0.00000000e+00
  2.47500000e+00   2.88110743e+00  -3.81971840e-01   0.00000000e+00
  2.48000000e+00   2.89317042e+00  -3.85951801e-01   0.00000000e+00
  2.48500000e+00   2.90535557e+00  -3.89748250e-01   0.00000000e+00
  2.49000000e+00   2.91765706e+00  -3.93357441e-01   0.00000000e+00
  2.49500000e+00   2.93006895e+00  -3.96775811e-01   0.00000000e+00
  2.50000000e+00   2.94258519e+00  -3.99999987e-01   0.00000000e+00
  2.50500000e+00   2.95519963e+00  -4.03026787e-01   0.00000000e+00
  2.51000000e+00   2.96790601e+00  -4.05853224e-01   0.00000000e+00
  2.51500000e+00   2.98069801e+00  -4.08476509e-01   0.00000000e+00
  2.52000000e+00   2.99356919e+00  -4.10894053e-01   0.00000000e+00
  2.52500000e+00   3.00651306e+00  -4.13103470e-01   0.00000000e+00
  2.53000000e+00   3.01952305e+00  -4.15102579e-01   0.00000000e+00
  2.53500000e+00   3.03259250e+00  -4.16889409e-01   0.00000000e+00
  2.54000000e+00   3.04571474e+00  -4.18462194e-01   0.00000000e+00
  2.54500000e+00   3.05888300e+00  -4.19819384e-01   0.00000000e+00
  2.55000000e+00   3.07209050e+00  -4.20959638e-01   0.00000000e+00
  2.55500000e+00   3.08533039e+00  -4.21881833e-01   0.00000000e+00
  2.56000000e+00   3.09859582e+00  -4.22585056e-01   0.00000000e+00
  2.56500000e+00   3.11187989e+00  -4.23068615e-01   0.00000000e+00
  2.57000000e+00   3.12517570e+00  -4.23332032e-01   0.00000000e+00
  2.57500000e+00   3.13847632e+00  -4.23375047e-01   0.00000000e+00
  2.58000000e+00   3.15177483e+00  -4.23197619e-01   0.00000000e+00
  2.58500000e+00   3.16506431e+00  -4.22799921e-01   0.00000000e+00
  2.59000000e+00   3.17833783e+00  -4.22182346e-01   0.00000000e+00
  2.59500000e+00   3.19158851e+00  -4.21345505e-01   0.00000000e+00
  2.60000000e+00   3.20480946e+00  -4.20290222e-01   0.00000000e+00
  2.60500000e+00   3.21799385e+00  -4.19017539e-01   0.00000000e+00
  2.61000000e+00   3.23113485e+00  -4.17528712e-01   0.00000000e+00
  2.61500000e+00   3.24422570e+00  -4.15825211e-01   0.00000000e+00
  2.62000000e+00   3.25725968e+00  -4.13908716e-01   0.00000000e+00
  2.62500000e+00   3.27023014e+00  -4.11781119e-01   0.00000000e+00
  2.63000000e+00   3.28313047e+00  -4.09444520e-01   0.00000000e+00
  2.63500000e+00   3.29595413e+00  -4.06901225e-01   0.00000000e+00
  2.64000000e+00   3.30869469e+00  -4.04153743e-01   0.00000000e+00
  2.64500000e+00   3.32134575e+00  -4.01204785e-01   0.00000000e+00
  2.65000000e+00   3.33390105e+00  -3.98057263e-01   0.00000000e+00
  2.65500000e+00   3.34635438e+00  -3.94714283e-01   0.00000000e+00
  2.66000000e+00   3.35869966e+00  -3.91179143e-01   0.00000000e+00
  2.66500000e+00   3.37093092e+00  -3.87455332e-01   0.00000000e+00
  2.67000000e+00   3.38304226e+00  -3.83546525e-01   0.00000000e+00
  2.67500000e+00   3.39502796e+00  -3.79456580e-01   0.00000000e+00
  2.68000000e+00   3.40688237e+00  -3.75189533e-01   0.00000000e+00
  2.68500000e+00   3.41860000e+00  -3.70749596e-01   0.00000000e+00
  2.69000000e+00   3.43017549e+00  -3.66141149e-01   0.00000000e+00
  2.69500000e+00   3.44160361e+00  -3.61368740e-01   0.00000000e+00
  2.70000000e+00   3.45287929e+00  -3.56437081e-01   0.00000000e+00
  2.70500000e+00   3.46399760e+00  -3.51351036e-01   0.00000000e+00
  2.71000000e+00   3.47495376e+00  -3.46115627e-01   0.00000000e+00
  2.71500000e+00   3.48574317e+00  -3.40736019e-01   0.00000000e+00
  2.72000000e+00   3.49636138e+00  -3.35217522e-01   0.00000000e+00
  2.72500000e+00   3.50680411e+00  -3.29565581e-01   0.00000000e+00
  2.73000000e+00   3.51706726e+00  -3.23785775e-01   0.00000000e+00
  2.73500000e+00   3.52714689e+00  -3.17883807e-01   0.00000000e+00
  2.74000000e+00   3.53703927e+00  -3.11865502e-01   0.00000000e+00
  2.74500000e+00   3.54674082e+00  -3.05736799e-01   0.00000000e+00
  2.75000000e+00   3.55624819e+00  -2.99503747e-01   0.00000000e+00
  2.75500000e+00   3.56555817e+00  -2.93172496e-01   0.00000000e+00
  2.76000000e+00   3.57466779e+00  -2.86749296e-01   0.00000000e+00
  2.76500000e+00   3.58357426e+00  -2.80240484e-01   0.00000000e+00
  2.77000000e+00   3.59227499e+00  -2.73652485e-01   0.00000000e+00
  2.77500000e+00   3.60076760e+00  -2.66991800e-01   0.00000000e+00
  2.78000000e+00   3.60904989e+00  -2.60265002e-01   0.00000000e+00
  2.78500000e+00   3.61711990e+00  -2.53478730e-01   0.00000000e+00
  2.79000000e+00   3.62497588e+00  -2.46639680e-01   0.00000000e+00
  2.79500000e+00   3.63261625e+00  -2.39754603e-01   0.00000000e+00
  2.80000000e+00   3.64003969e+00  -2.32830293e-01   0.00000000e+00
  2.80500000e+00   3.64724507e+00  -2.25873583e-01   0.00000000e+00
  2.81000000e+00   3.65423148e+00  -2.18891339e-01   0.00000000e+00
  2.81500000e+00   3.66099822e+00  -2.11890452e-01   0.00000000e+00
  2.82000000e+00   3.66754483e+00  -2.04877831e-01   0.00000000e+00
  2.82500000e+00   3.67387103e+00  -1.97860395e-01   0.00000000e+00
  2.83000000e+00   3.67997678e+00  -1.90845071e-01   0.00000000e+00
  2.83500000e+00   3.68586227e+00  -1.83838782e-01   0.00000000e+00
  2.84000000e+00   3.69152788e+00  -1.76848442e-01   0.00000000e+00
  2.84500000e+00   3.69697423e+00  -1.69880950e-01   0.00000000e+00
  2.85000000e+00   3.70220213e+00  -1.62943181e-01   0.00000000e+00
  2.85500000e+00   3.70721263e+00  -1.56041984e-01   0.00000000e+00
  2.86000000e+00   3.71200699e+00  -1.49184167e-01   0.00000000e+00
  2.86500000e+00   3.71658667e+00  -1.42376500e-01   0.00000000e+00
  2.87000000e+00   3.72095336e+00  -1.35625700e-01   0.00000000e+00
  2.87500000e+00   3.72510895e+00  -1.28938430e-01   0.00000000e+00
  2.88000000e+00   3.72905554e+00  -1.22321288e-01   0.00000000e+00
  2.88500000e+00   3.73279543e+00  -1.15780807e-01   0.00000000e+00
  2.89000000e+00   3.73633113e+00  -1.09323439e-01   0.00000000e+00
  2.89500000e+00   3.73966536e+00  -1.02955559e-01   0.00000000e+00
  2.90000000e+00   3.74280102e+00  -9.66834494e-02   0.00000000e+00
  2.90500000e+00   3.74574123e+00  -9.05133009e-02   0.00000000e+00
  2.91000000e+00   3.74848927e+00  -8.44512026e-02   0.00000000e+00
  2.91500000e+00   3.75104865e+00  -7.85031369e-02   0.00000000e+00
  2.92000000e+00   3.75342303e+00  -7.26749740e-02   0.00000000e+00
  2.92500000e+00   3.75561627e+00  -6.69724656e-02   0.00000000e+00
  2.93000000e+00   3.75763241e+00  -6.14012392e-02   0.00000000e+00
  2.93500000e+00   3.75947565e+00  -5.59667931e-02   0.00000000e+00
  2.94000000e+00   3.76115039e+00  -5.06744904e-02   0.00000000e+00
  2.94500000e+00   3.76266117e+00  -4.55295539e-02   0.00000000e+00
  2.95000000e+00   3.76401269e+00  -4.05370611e-02   0.00000000e+00
  2.95500000e+00   3.76520984e+00  -3.57019389e-02   0.00000000e+00
  2.96000000e+00   3.76625761e+00  -3.10289591e-02   0.00000000e+00
  2.96500000e+00   3.76716119e+00  -2.65227334e-02   0.00000000e+00
  2.97000000e+00   3.76792588e+00  -2.21877087e-02   0.00000000e+00
  2.97500000e+00   3.76855712e+00  -1.80281633e-02   0.00000000e+00
  2.98000000e+00   3.76906050e+00  -1.40482021e-02   0.00000000e+00
  2.98500000e+00   3.76944172e+00  -1.02517529e-02   0.00000000e+00
  2.99000000e+00   3.76970660e+00  -6.64256235e-03   0.00000000e+00
  2.99500000e+00   3.76986108e+00  -3.22419221e-03   0.00000000e+00
  3.00000000e+00   3.76991121e+00  -1.60207431e-08   0.00000000e+00
  3.00500000e+00   3.76986315e+00   3.02678433e-03   0.00000000e+00
  3.01000000e+00   3.76972313e+00   5.85322176e-03   0.00000000e+00
  3.01500000e+00   3.76949751e+00   8.47650691e-03   0.00000000e+00
  3.02000000e+00   3.76919269e+00   1.08940509e-02   0.00000000e+00
  3.02500000e+00   3.76881519e+00   1.31034680e-02   0.00000000e+00
  3.03000000e+00   3.76837158e+00   1.51025776e-02   0.00000000e+00
  3.03500000e+00   3.76786849e+00   1.68894070e-02   0.00000000e+00
  3.04000000e+00   3.76731263e+00   1.84621928e-02   0.00000000e+00
  3.04500000e+00   3.76671074e+00   1.98193827e-02   0.00000000e+00
  3.05000000e+00   3.76606961e+00   2.09596374e-02   0.00000000e+00
  3.05500000e+00   3.76539609e+00   2.18818317e-02   0.00000000e+00
  3.06000000e+00   3.76469703e+00   2.25850554e-02   0.00000000e+00
  3.06500000e+00   3.76397933e+00   2.30686145e-02   0.00000000e+00
  3.07000000e+00   3.76324989e+00   2.33320318e-02   0.00000000e+00
  3.07500000e+00   3.76251564e+00   2.33750474e-02   0.00000000e+00
  3.08000000e+00   3.76178350e+00   2.31976188e-02   0.00000000e+00
  3.08500000e+00   3.76106040e+00   2.27999210e-02   0.00000000e+00
  3.09000000e+00   3.76035325e+00   2.21823467e-02   0.00000000e+00
  3.09500000e+00   3.75966894e+00   2.13455052e-02   0.00000000e+00
  3.10000000e+00   3.75901436e+00   2.02902224e-02   0.00000000e+00
  3.10500000e+00   3.75839634e+00   1.90175398e-02   0.00000000e+00
  3.11000000e+00   3.75782171e+00   1.75287133e-02   0.00000000e+00
  3.11500000e+00   3.75729723e+00   1.58252122e-02   0.00000000e+00
  3.12000000e+00   3.75682962e+00   1.39087177e-02   0.00000000e+00
  3.12500000e+00   3.75642553e+00   1.17811211e-02   0.00000000e+00
  3.13000000e+00   3.75609157e+00   9.44452218e-03   0.00000000e+00
  3.13500000e+00   3.75583428e+00   6.90122677e-03   0.00000000e+00
  3.14000000e+00   3.75566010e+00   4.15374482e-03   0.00000000e+00
  3.14500000e+00   3.75557540e+00   1.20478778e-03   0.00000000e+00
  3.15000000e+00   3.75558648e+00  -1.94273409e-03   0.00000000e+00
  3.15500000e+00   3.75569951e+00  -5.28571457e-03   0.00000000e+00
  3.16000000e+00   3.75592060e+00  -8.82085453e-03   0.00000000e+00
  3.16500000e+00   3.75625572e+00  -1.25446652e-02   0.00000000e+00
  3.17000000e+00   3.75671074e+00  -1.64534717e-02   0.00000000e+00
  3.17500000e+00   3.75729142e+00  -2.05434164e-02   0.00000000e+00
  3.18000000e+00   3.75800338e+00  -2.48104632e-02   0.00000000e+00
  3.18500000e+00   3.75885212e+00  -2.92504008e-02   0.00000000e+00
  3.19000000e+00   3.75984300e+00  -3.38588477e-02   0.00000000e+00
  3.19500000e+00   3.76098125e+00  -3.86312558e-02   0.00000000e+00
  3.20000000e+00   3.76227194e+00  -4.35629154e-02   0.00000000e+00
  3.20500000e+00   3.76372000e+00  -4.86489595e-02   0.00000000e+00
  3.21000000e+00   3.76533021e+00  -5.38843688e-02   0.00000000e+00
  3.21500000e+00   3.76710717e+00  -5.92639766e-02   0.00000000e+00
  3.22000000e+00   3.76905533e+00  -6.47824739e-02   0.00000000e+00
  3.22500000e+00   3.77117897e+00  -7.04344145e-02   0.00000000e+00
  3.23000000e+00   3.77348219e+00  -7.62142207e-02   0.00000000e+00
  3.23500000e+00   3.77596893e+00  -8.21161886e-02   0.00000000e+00
  3.24000000e+00   3.77864292e+00  -8.81344935e-02   0.00000000e+00
  3.24500000e+00   3.78150774e+00  -9.42631961e-02   0.00000000e+00
  3.25000000e+00   3.78456675e+00  -1.00496248e-01   0.00000000e+00
  3.25500000e+00   3.78782313e+00  -1.06827499e-01   0.00000000e+00
  3.26000000e+00   3.79127988e+00  -1.13250699e-01   0.00000000e+00
  3.26500000e+00   3.79493978e+00  -1.19759510e-01   0.00000000e+00
  3.27000000e+00   3.79880542e+00  -1.26347509e-01   0.00000000e+00
  3.27500000e+00   3.80287919e+00  -1.33008195e-01   0.00000000e+00
  3.28000000e+00   3.80716327e+00  -1.39734993e-01   0.00000000e+00
  3.28500000e+00   3.81165962e+00  -1.46521265e-01   0.00000000e+00
  3.29000000e+00   3.81637002e+00  -1.53360314e-01   0.00000000e+00
  3.29500000e+00   3.82129602e+00  -1.60245391e-01   0.00000000e+00
  3.30000000e+00   3.82643895e+00  -1.67169701e-01   0.00000000e+00
  3.30500000e+00   3.83179994e+00  -1.74126411e-01   0.00000000e+00
  3.31000000e+00   3.83737990e+00  -1.81108655e-01   0.00000000e+00
  3.31500000e+00   3.84317953e+00  -1.88109542e-01   0.00000000e+00
  3.32000000e+00   3.84919929e+00  -1.95122164e-01   0.00000000e+00
  3.32500000e+00   3.85543946e+00  -2.02139599e-01   0.00000000e+00
  3.33000000e+00   3.86190008e+00  -2.09154923e-01   0.00000000e+00
  3.33500000e+00   3.86858096e+00  -2.16161212e-01   0.00000000e+00
  3.34000000e+00   3.87548172e+00  -2.23151552e-01   0.00000000e+00
  3.34500000e+00   3.88260175e+00  -2.30119045e-01   0.00000000e+00
  3.35000000e+00   3.88994021e+00  -2.37056813e-01   0.00000000e+00
  3.35500000e+00   3.89749608e+00  -2.43958011e-01   0.00000000e+00
  3.36000000e+00   3.90526809e+00  -2.50815827e-01   0.00000000e+00
  3.36500000e+00   3.91325478e+00  -2.57623495e-01   0.00000000e+00
  3.37000000e+00   3.92145446e+00  -2.64374295e-01   0.00000000e+00
  3.37500000e+00   3.92986524e+00  -2.71061565e-01   0.00000000e+00
  3.38000000e+00   3.93848503e+00  -2.77678706e-01   0.00000000e+00
  3.38500000e+00   3.94731151e+00  -2.84219188e-01   0.00000000e+00
  3.39000000e+00   3.95634217e+00  -2.90676555e-01   0.00000000e+00
  3.39500000e+00   3.96557432e+00  -2.97044436e-01   0.00000000e+00
  3.40000000e+00   3.97500502e+00  -3.03316545e-01   0.00000000e+00
  3.40500000e+00   3.98463119e+00  -3.09486694e-01   0.00000000e+00
  3.41000000e+00   3.99444951e+00  -3.15548792e-01   0.00000000e+00
  3.41500000e+00   4.00445651e+00  -3.21496858e-01   0.00000000e+00
  3.42000000e+00   4.01464850e+00  -3.27325021e-01   0.00000000e+00
  3.42500000e+00   4.02502163e+00  -3.33027530e-01   0.00000000e+00
  3.43000000e+00   4.03557186e+00  -3.38598756e-01   0.00000000e+00
  3.43500000e+00   4.04629499e+00  -3.44033202e-01   0.00000000e+00
  3.44000000e+00   4.05718662e+00  -3.49325505e-01   0.00000000e+00
  3.44500000e+00   4.06824221e+00  -3.54470442e-01   0.00000000e+00
  3.45000000e+00   4.07945706e+00  -3.59462935e-01   0.00000000e+00
  3.45500000e+00   4.09082629e+00  -3.64298057e-01   0.00000000e+00
  3.46000000e+00   4.10234488e+00  -3.68971037e-01   0.00000000e+00
  3.46500000e+00   4.11400767e+00  -3.73477263e-01   0.00000000e+00
  3.47000000e+00   4.12580936e+00  -3.77812288e-01   0.00000000e+00
  3.47500000e+00   4.13774448e+00  -3.81971833e-01   0.00000000e+00
  3.48000000e+00   4.14980747e+00  -3.85951795e-01   0.00000000e+00
  3.48500000e+00   4.16199263e+00  -3.89748244e-01   0.00000000e+00
  3.49000000e+00   4.17429412e+00  -3.93357435e-01   0.00000000e+00
  3.49500000e+00   4.18670600e+00  -3.96775805e-01   0.00000000e+00
  3.50000000e+00   4.19922224e+00  -3.99999981e-01   0.00000000e+00
  3.50500000e+00   4.21183668e+00  -4.03026782e-01   0.00000000e+00
  3.51000000e+00   4.22454306e+00  -4.05853219e-01   0.00000000e+00
  3.51500000e+00   4.23733506e+00  -4.08476505e-01   0.00000000e+00
  3.52000000e+00   4.25020624e+00  -4.10894049e-01   0.00000000e+00
  3.52500000e+00   4.26315011e+00  -4.13103466e-01   0.00000000e+00
  3.53000000e+00   4.27616010e+00  -4.15102576e-01   0.00000000e+00
  3.53500000e+00   4.28922956e+00  -4.16889406e-01   0.00000000e+00
  3.54000000e+00   4.30235179e+00  -4.18462191e-01   0.00000000e+00
  3.54500000e+00   4.31552005e+00  -4.19819382e-01   0.00000000e+00
  3.55000000e+00   4.32872755e+00  -4.20959636e-01   0.00000000e+00
  3.55500000e+00   4.34196744e+00  -4.21881831e-01   0.00000000e+00
  3.56000000e+00   4.35523287e+00  -4.22585055e-01   0.00000000e+00
  3.56500000e+00   4.36851694e+00  -4.23068614e-01   0.00000000e+00
  3.57000000e+00   4.38181275e+00  -4.23332032e-01   0.00000000e+00
  3.57500000e+00   4.39511337e+00  -4.23375047e-01   0.00000000e+00
  3.58000000e+00   4.40841188e+00  -4.23197619e-01   0.00000000e+00
  3.58500000e+00   4.42170136e+00  -4.22799921e-01   0.00000000e+00
  3.59000000e+00   4.43497488e+00  -4.22182347e-01   0.00000000e+00
  3.59500000e+00   4.44822556e+00  -4.21345506e-01   0.00000000e+00
  3.60000000e+00   4.46144651e+00  -4.20290223e-01   0.00000000e+00
  3.60500000e+00   4.47463090e+00  -4.19017541e-01   0.00000000e+00
  3.61000000e+00   4.48777190e+00  -4.17528714e-01   0.00000000e+00
  3.61500000e+00   4.50086275e+00  -4.15825214e-01   0.00000000e+00
  3.62000000e+00   4.51389674e+00  -4.13908719e-01   0.00000000e+00
  3.62500000e+00   4.52686719e+00  -4.11781123e-01   0.00000000e+00
  3.63000000e+00   4.53976752e+00  -4.09444524e-01   0.00000000e+00
  3.63500000e+00   4.55259118e+00  -4.06901229e-01   0.00000000e+00
  3.64000000e+00   4.56533174e+00  -4.04153747e-01   0.00000000e+00
  3.64500000e+00   4.57798280e+00  -4.01204790e-01   0.00000000e+00
  3.65000000e+00   4.59053810e+00  -3.98057268e-01   0.00000000e+00
  3.65500000e+00   4.60299143e+00  -3.94714288e-01   0.00000000e+00
  3.66000000e+00   4.61533672e+00  -3.91179148e-01   0.00000000e+00
  3.66500000e+00   4.62756797e+00  -3.87455338e-01   0.00000000e+00
  3.67000000e+00   4.63967932e+00  -3.83546531e-01   0.00000000e+00
  3.67500000e+00   4.65166501e+00  -3.79456587e-01   0.00000000e+00
  3.68000000e+00   4.66351942e+00  -3.75189540e-01   0.00000000e+00
  3.68500000e+00   4.67523705e+00  -3.70749603e-01   0.00000000e+00
  3.69000000e+00   4.68681254e+00  -3.66141156e-01   0.00000000e+00
  3.69500000e+00   4.69824066e+00  -3.61368748e-01   0.00000000e+00
  3.70000000e+00   4.70951634e+00  -3.56437089e-01   0.00000000e+00
  3.70500000e+00   4.72063465e+00  -3.51351045e-01   0.00000000e+00
  3.71000000e+00   4.73159081e+00  -3.46115635e-01   0.00000000e+00
  3.71500000e+00   4.74238023e+00  -3.40736028e-01   0.00000000e+00
  3.72000000e+00   4.75299844e+00  -3.35217531e-01   0.00000000e+00
  3.72500000e+00   4.76344117e+00  -3.29565590e-01   0.00000000e+00
  3.73000000e+00   4.77370431e+00  -3.23785784e-01   0.00000000e+00
  3.73500000e+00   4.78378395e+00  -3.17883816e-01   0.00000000e+00
  3.74000000e+00   4.79367632e+00  -3.11865511e-01   0.00000000e+00
  3.74500000e+00   4.80337788e+00  -3.05736809e-01   0.00000000e+00
  3.75000000e+00   4.81288524e+00  -2.99503757e-01   0.00000000e+00
  3.75500000e+00   4.82219523e+00  -2.93172507e-01   0.00000000e+00
  3.76000000e+00   4.83130485e+00  -2.86749306e-01   0.00000000e+00
  3.76500000e+00   4.84021132e+00  -2.80240495e-01   0.00000000e+00
  3.77000000e+00   4.84891205e+00  -2.73652496e-01   0.00000000e+00
  3.77500000e+00   4.85740465e+00  -2.66991811e-01   0.00000000e+00
  3.78000000e+00   4.86568695e+00  -2.60265013e-01   0.00000000e+00
  3.78500000e+00   4.87375696e+00  -2.53478741e-01   0.00000000e+00
  3.79000000e+00   4.88161293e+00  -2.46639691e-01   0.00000000e+00
  3.79500000e+00   4.88925331e+00  -2.39754614e-01   0.00000000e+00
  3.80000000e+00   4.89667675e+00  -2.32830304e-01   0.00000000e+00
  3.80500000e+00   4.90388213e+00  -2.25873595e-01   0.00000000e+00
  3.81000000e+00   4.91086854e+00  -2.18891351e-01   0.00000000e+00
  3.81500000e+00   4.91763528e+00  -2.11890464e-01   0.00000000e+00
  3.82000000e+00   4.92418189e+00  -2.04877842e-01   0.00000000e+00
  3.82500000e+00   4.93050809e+00  -1.97860406e-01   0.00000000e+00
  3.83000000e+00   4.93661385e+00  -1.90845082e-01   0.00000000e+00
  3.83500000e+00   4.94249933e+00  -1.83838793e-01   0.00000000e+00
  3.84000000e+00   4.94816494e+00  -1.76848453e-01   0.00000000e+00
  3.84500000e+00   4.95361129e+00  -1.69880961e-01   0.00000000e+00
  3.85000000e+00   4.95883919e+00  -1.62943193e-01   0.00000000e+00
  3.85500000e+00   4.96384969e+00  -1.56041995e-01   0.00000000e+00
  3.86000000e+00   4.96864405e+00  -1.49184178e-01   0.00000000e+00
  3.86500000e+00   4.97322374e+00  -1.42376511e-01   0.00000000e+00
  3.87000000e+00   4.97759043e+00  -1.35625711e-01   0.00000000e+00
  3.87500000e+00   4.98174602e+00  -1.28938440e-01   0.00000000e+00
  3.88000000e+00   4.98569260e+00  -1.22321299e-01   0.00000000e+00
  3.88500000e+00   4.98943249e+00  -1.15780818e-01   0.00000000e+00
  3.89000000e+00   4.99296820e+00  -1.09323450e-01   0.00000000e+00
  3.89500000e+00   4.99630243e+00  -1.02955569e-01   0.00000000e+00
  3.90000000e+00   4.99943809e+00  -9.66834596e-02   0.00000000e+00
  3.90500000e+00   5.00237830e+00  -9.05133110e-02   0.00000000e+00
  3.91000000e+00   5.00512634e+00  -8.44512125e-02   0.00000000e+00
  3.91500000e+00   5.00768572e+00  -7.85031467e-02   0.00000000e+00
  3.92000000e+00   5.01006009e+00  -7.26749836e-02   0.00000000e+00
  3.92500000e+00   5.01225334e+00  -6.69724749e-02   0.00000000e+00
  3.93000000e+00   5.01426947e+00  -6.14012483e-02   0.00000000e+00
  3.93500000e+00   5.01611272e+00  -5.59668020e-02   0.00000000e+00
  3.94000000e+00   5.01778746e+00  -5.06744990e-02   0.00000000e+00
  3.94500000e+00   5.01929824e+00  -4.55295623e-02   0.00000000e+00
  3.95000000e+00   5.02064976e+00  -4.05370693e-02   0.00000000e+00
  3.95500000e+00   5.02184691e+00  -3.57019469e-02   0.00000000e+00
  3.96000000e+00   5.02289468e+00  -3.10289668e-02   0.00000000e+00
  3.96500000e+00   5.02379826e+00  -2.65227408e-02   0.00000000e+00
  3.97000000e+00   5.02456295e+00  -2.21877158e-02   0.00000000e+00
  3.97500000e+00   5.02519419e+00  -1.80281702e-02   0.00000000e+00
  3.98000000e+00   5.02569757e+00  -1.40482087e-02   0.00000000e+00
  3.98500000e+00   5.02607879e+00  -1.02517592e-02   0.00000000e+00
  3.99000000e+00   5.02634367e+00  -6.64256831e-03   0.00000000e+00
  3.99500000e+00   5.02649815e+00  -3.22419786e-03   0.00000000e+00
  4.00000000e+00   5.02654829e+00  -2.13609916e-08   0.00000000e+00
  4.00500000e+00   5.02650022e+00   3.02677931e-03   0.00000000e+00
  4.01000000e+00   5.02636021e+00   5.85321706e-03   0.00000000e+00
  4.01500000e+00   5.02613458e+00   8.47650254e-03   0.00000000e+00
  4.02000000e+00   5.02582977e+00   1.08940469e-02   0.00000000e+00
  4.02500000e+00   5.02545227e+00   1.31034643e-02   0.00000000e+00
  4.03000000e+00   5.02500865e+00   1.51025743e-02   0.00000000e+00
  4.03500000e+00   5.02450557e+00   1.68894040e-02   0.00000000e+00
  4.04000000e+00   5.02394970e+00   1.84621901e-02   0.00000000e+00
  4.04500000e+00   5.02334781e+00   1.98193804e-02   0.00000000e+00
  4.05000000e+00   5.02270669e+00   2.09596355e-02   0.00000000e+00
  4.05500000e+00   5.02203316e+00   2.18818301e-02   0.00000000e+00
  4.06000000e+00   5.02133410e+00   2.25850541e-02   0.00000000e+00
  4.06500000e+00   5.02061640e+00   2.30686136e-02   0.00000000e+00
  4.07000000e+00   5.01988697e+00   2.33320313e-02   0.00000000e+00
  4.07500000e+00   5.01915272e+00   2.33750472e-02   0.00000000e+00
  4.08000000e+00   5.01842058e+00   2.31976189e-02   0.00000000e+00
  4.08500000e+00   5.01769747e+00   2.27999216e-02   0.00000000e+00
  4.09000000e+00   5.01699032e+00   2.21823476e-02   0.00000000e+00
  4.09500000e+00   5.01630601e+00   2.13455064e-02   0.00000000e+00
  4.10000000e+00   5.01565143e+00   2.02902240e-02   0.00000000e+00
  4.10500000e+00   5.01503342e+00   1.90175417e-02   0.00000000e+00
  4.11000000e+00   5.01445878e+00   1.75287156e-02   0.00000000e+00
  4.11500000e+00   5.01393430e+00   1.58252149e-02   0.00000000e+00
  4.12000000e+00   5.01346669e+00   1.39087207e-02   0.00000000e+00
  4.12500000e+00   5.01306260e+00   1.17811245e-02   0.00000000e+00
  4.13000000e+00   5.01272865e+00   9.44452587e-03   0.00000000e+00
  4.13500000e+00   5.01247135e+00   6.90123079e-03   0.00000000e+00
  4.14000000e+00   5.01229717e+00   4.15374917e-03   0.00000000e+00
  4.14500000e+00   5.01221247e+00   1.20479246e-03   0.00000000e+00
  4.15000000e+00   5.01222355e+00  -1.94272909e-03   0.00000000e+00
  4.15500000e+00   5.01233658e+00  -5.28570925e-03   0.00000000e+00
  4.16000000e+00   5.01255767e+00  -8.82084890e-03   0.00000000e+00
  4.16500000e+00   5.01289279e+00  -1.25446593e-02   0.00000000e+00
  4.17000000e+00   5.01334781e+00  -1.64534655e-02   0.00000000e+00
  4.17500000e+00   5.01392849e+00  -2.05434099e-02   0.00000000e+00
  4.18000000e+00   5.01464045e+00  -2.48104563e-02   0.00000000e+00
  4.18500000e+00   5.01548919e+00  -2.92503937e-02   0.00000000e+00
  4.19000000e+00   5.01648007e+00  -3.38588403e-02   0.00000000e+00
  4.19500000e+00   5.01761832e+00  -3.86312481e-02   0.00000000e+00
  4.20000000e+00   5.01890901e+00  -4.35629075e-02   0.00000000e+00
  4.20500000e+00   5.02035707e+00  -4.86489513e-02   0.00000000e+00
  4.21000000e+00   5.02196728e+00  -5.38843604e-02   0.00000000e+00
  4.21500000e+00   5.02374424e+00  -5.92639680e-02   0.00000000e+00
  4.22000000e+00   5.02569240e+00  -6.47824650e-02   0.00000000e+00
  4.22500000e+00   5.02781604e+00  -7.04344054e-02   0.00000000e+00
  4.23000000e+00   5.03011926e+00  -7.62142114e-02   0.00000000e+00
  4.23500000e+00   5.03260600e+00  -8.21161790e-02   0.00000000e+00
  4.24000000e+00   5.03527999e+00  -8.81344838e-02   0.00000000e+00
  4.24500000e+00   5.03814481e+00  -9.42631863e-02   0.00000000e+00
  4.25000000e+00   5.04120381e+00  -1.00496238e-01   0.00000000e+00
  4.25500000e+00   5.04446020e+00  -1.06827488e-01   0.00000000e+00
  4.26000000e+00   5.04791695e+00  -1.13250689e-01   0.00000000e+00
  4.26500000e+00   5.05157685e+00  -1.19759500e-01   0.00000000e+00
  4.27000000e+00   5.05544249e+00  -1.26347499e-01   0.00000000e+00
  4.27500000e+00   5.05951626e+00  -1.33008184e-01   0.00000000e+00
  4.28000000e+00   5.06380033e+00  -1.39734982e-01   0.00000000e+00
  4.28500000e+00   5.06829669e+00  -1.46521254e-01   0.00000000e+00
  4.29000000e+00   5.07300709e+00  -1.53360303e-01   0.00000000e+00
  4.29500000e+00   5.07793308e+00  -1.60245380e-01   0.00000000e+00
  4.30000000e+00   5.08307601e+00  -1.67169690e-01   0.00000000e+00
  4.30500000e+00   5.08843700e+00  -1.74126400e-01   0.00000000e+00
  4.31000000e+00   5.09401696e+00  -1.81108644e-01   0.00000000e+00
  4.31500000e+00   5.09981659e+00  -1.88109531e-01   0.00000000e+00
  4.32000000e+00   5.10583636e+00  -1.95122152e-01   0.00000000e+00
  4.32500000e+00   5.11207652e+00  -2.02139588e-01   0.00000000e+00
  4.33000000e+00   5.11853714e+00  -2.09154912e-01   0.00000000e+00
  4.33500000e+00   5.12521802e+00  -2.16161201e-01   0.00000000e+00
  4.34000000e+00   5.13211878e+00  -2.23151541e-01   0.00000000e+00
  4.34500000e+00   5.13923881e+00  -2.30119033e-01   0.00000000e+00
  4.35000000e+00   5.14657727e+00  -2.37056802e-01   0.00000000e+00
  4.35500000e+00   5.15413314e+00  -2.43958000e-01   0.00000000e+00
  4.36000000e+00   5.16190515e+00  -2.50815816e-01   0.00000000e+00
  4.36500000e+00   5.16989184e+00  -2.57623484e-01   0.00000000e+00
  4.37000000e+00   5.17809152e+00  -2.64374284e-01   0.00000000e+00
  4.37500000e+00   5.18650230e+00  -2.71061554e-01   0.00000000e+00
  4.38000000e+00   5.19512208e+00  -2.77678695e-01   0.00000000e+00
  4.38500000e+00   5.20394856e+00  -2.84219177e-01   0.00000000e+00
  4.39000000e+00   5.21297923e+00  -2.90676545e-01   0.00000000e+00
  4.39500000e+00   5.22221137e+00  -2.97044426e-01   0.00000000e+00
  4.40000000e+00   5.23164208e+00  -3.03316535e-01   0.00000000e+00
  4.40500000e+00   5.24126824e+00  -3.09486684e-01   0.00000000e+00
  4.41000000e+00   5.25108657e+00  -3.15548783e-01   0.00000000e+00
  4.41500000e+00   5.26109357e+00  -3.21496848e-01   0.00000000e+00
  4.42000000e+00   5.27128556e+00  -3.27325012e-01   0.00000000e+00
  4.42500000e+00   5.28165869e+00  -3.33027520e-01   0.00000000e+00
  4.43000000e+00   5.29220892e+00  -3.38598747e-01   0.00000000e+00
  4.43500000e+00   5.30293204e+00  -3.44033194e-01   0.00000000e+00
  4.44000000e+00   5.31382367e+00  -3.49325497e-01   0.00000000e+00
  4.44500000e+00   5.32487927e+00  -3.54470433e-01   0.00000000e+00
  4.45000000e+00   5.33609411e+00  -3.59462927e-01   0.00000000e+00
  4.45500000e+00   5.34746334e+00  -3.64298049e-01   0.00000000e+00
  4.46000000e+00   5.35898193e+00  -3.68971029e-01   0.00000000e+00
  4.46500000e+00   5.37064473e+00  -3.73477256e-01   0.00000000e+00
  4.47000000e+00   5.38244641e+00  -3.77812281e-01   0.00000000e+00
  4.47500000e+00   5.39438153e+00  -3.81971826e-01   0.00000000e+00
  4.48000000e+00   5.40644453e+00  -3.85951788e-01   0.00000000e+00
  4.48500000e+00   5.41862968e+00  -3.89748238e-01   0.00000000e+00
  4.49000000e+00   5.43093117e+00  -3.93357429e-01   0.00000000e+00
  4.49500000e+00   5.44334306e+00  -3.96775799e-01   0.00000000e+00
  4.50000000e+00   5.45585929e+00  -3.99999976e-01   0.00000000e+00
  4.50500000e+00   5.46847373e+00  -4.03026777e-01   0.00000000e+00
  4.51000000e+00   5.48118011e+00  -4.05853215e-01   0.00000000e+00
  4.51500000e+00   5.49397211e+00  -4.08476500e-01   0.00000000e+00
  4.52000000e+00   5.50684329e+00  -4.10894045e-01   0.00000000e+00
  4.52500000e+00   5.51978717e+00  -4.13103462e-01   0.00000000e+00
  4.53000000e+00   5.53279715e+00  -4.15102573e-01   0.00000000e+00
  4.53500000e+00   5.54586661e+00  -4.16889403e-01   0.00000000e+00
  4.54000000e+00   5.55898884e+00  -4.18462189e-01   0.00000000e+00
  4.54500000e+00   5.57215710e+00  -4.19819379e-01   0.00000000e+00
  4.55000000e+00   5.58536460e+00  -4.20959634e-01   0.00000000e+00
  4.55500000e+00   5.59860449e+00  -4.21881829e-01   0.00000000e+00
  4.56000000e+00   5.61186992e+00  -4.22585053e-01   0.00000000e+00
  4.56500000e+00   5.62515399e+00  -4.23068613e-01   0.00000000e+00
  4.57000000e+00   5.63844980e+00  -4.23332031e-01   0.00000000e+00
  4.57500000e+00   5.65175042e+00  -4.23375047e-01   0.00000000e+00
  4.58000000e+00   5.66504893e+00  -4.23197619e-01   0.00000000e+00
  4.58500000e+00   5.67833841e+00  -4.22799922e-01   0.00000000e+00
  4.59000000e+00   5.69161193e+00  -4.22182348e-01   0.00000000e+00
  4.59500000e+00   5.70486261e+00  -4.21345507e-01   0.00000000e+00
  4.60000000e+00   5.71808356e+00  -4.20290225e-01   0.00000000e+00
  4.60500000e+00   5.73126795e+00  -4.19017543e-01   0.00000000e+00
  4.61000000e+00   5.74440895e+00  -4.17528717e-01   0.00000000e+00
  4.61500000e+00   5.75749980e+00  -4.15825216e-01   0.00000000e+00
  4.62000000e+00   5.77053379e+00  -4.13908722e-01   0.00000000e+00
  4.62500000e+00   5.78350424e+00  -4.11781126e-01   0.00000000e+00
  4.63000000e+00   5.79640457e+00  -4.09444528e-01   0.00000000e+00
  4.63500000e+00   5.80922824e+00  -4.06901233e-01   0.00000000e+00
  4.64000000e+00   5.82196879e+00  -4.04153751e-01   0.00000000e+00
  4.64500000e+00   5.83461985e+00  -4.01204795e-01   0.00000000e+00
  4.65000000e+00   5.84717515e+00  -3.98057273e-01   0.00000000e+00
  4.65500000e+00   5.85962848e+00  -3.94714293e-01   0.00000000e+00
  4.66000000e+00   5.87197377e+00  -3.91179154e-01   0.00000000e+00
  4.66500000e+00   5.88420502e+00  -3.87455344e-01   0.00000000e+00
  4.67000000e+00   5.89631637e+00  -3.83546538e-01   0.00000000e+00
  4.67500000e+00   5.90830206e+00  -3.79456593e-01   0.00000000e+00
  4.68000000e+00   5.92015647e+00  -3.75189547e-01   0.00000000e+00
  4.68500000e+00   5.93187411e+00  -3.70749610e-01   0.00000000e+00
  4.69000000e+00   5.94344959e+00  -3.66141163e-01   0.00000000e+00
  4.69500000e+00   5.95487772e+00  -3.61368756e-01   0.00000000e+00
  4.70000000e+00   5.96615339e+00  -3.56437096e-01   0.00000000e+00
  4.70500000e+00   5.97727170e+00  -3.51351053e-01   0.00000000e+00
  4.71000000e+00   5.98822787e+00  -3.46115644e-01   0.00000000e+00
  4.71500000e+00   5.99901728e+00  -3.40736036e-01   0.00000000e+00
  4.72000000e+00   6.00963549e+00  -3.35217539e-01   0.00000000e+00
  4.72500000e+00   6.02007822e+00  -3.29565599e-01   0.00000000e+00
  4.73000000e+00   6.03034137e+00  -3.23785793e-01   0.00000000e+00
  4.73500000e+00   6.04042100e+00  -3.17883826e-01   0.00000000e+00
  4.74000000e+00   6.05031338e+00  -3.11865521e-01   0.00000000e+00
  4.74500000e+00   6.06001494e+00  -3.05736819e-01   0.00000000e+00
  4.75000000e+00   6.06952230e+00  -2.99503767e-01   0.00000000e+00
  4.75500000e+00   6.07883228e+00  -2.93172517e-01   0.00000000e+00
  4.76000000e+00   6.08794191e+00  -2.86749317e-01   0.00000000e+00
  4.76500000e+00   6.09684838e+00  -2.80240505e-01   0.00000000e+00
  4.77000000e+00   6.10554911e+00  -2.73652507e-01   0.00000000e+00
  4.77500000e+00   6.11404171e+00  -2.66991822e-01   0.00000000e+00
  4.78000000e+00   6.12232401e+00  -2.60265024e-01   0.00000000e+00
  4.78500000e+00   6.13039402e+00  -2.53478752e-01   0.00000000e+00
  4.79000000e+00   6.13824999e+00  -2.46639702e-01   0.00000000e+00
  4.79500000e+00   6.14589037e+00  -2.39754625e-01   0.00000000e+00
  4.80000000e+00   6.15331381e+00  -2.32830315e-01   0.00000000e+00
  4.80500000e+00   6.16051919e+00  -2.25873606e-01   0.00000000e+00
  4.81000000e+00   6.16750560e+00  -2.18891362e-01   0.00000000e+00
  4.81500000e+00   6.17427234e+00  -2.11890475e-01   0.00000000e+00
  4.82000000e+00   6.18081895e+00  -2.04877853e-01   0.00000000e+00
  4.82500000e+00   6.18714515e+00  -1.97860418e-01   0.00000000e+00
  4.83000000e+00   6.19325091e+00  -1.90845094e-01   0.00000000e+00
  4.83500000e+00   6.19913639e+00  -1.83838805e-01   0.00000000e+00
  4.84000000e+00   6.20480201e+00  -1.76848465e-01   0.00000000e+00
  4.84500000e+00   6.21024835e+00  -1.69880972e-01   0.00000000e+00
  4.85000000e+00   6.21547625e+00  -1.62943204e-01   0.00000000e+00
  4.85500000e+00   6.22048676e+00  -1.56042006e-01   0.00000000e+00
  4.86000000e+00   6.22528112e+00  -1.49184189e-01   0.00000000e+00
  4.86500000e+00   6.22986080e+00  -1.42376522e-01   0.00000000e+00
  4.87000000e+00   6.23422749e+00  -1.35625722e-01   0.00000000e+00
  4.87500000e+00   6.23838308e+00  -1.28938451e-01   0.00000000e+00
  4.88000000e+00   6.24232967e+00  -1.22321310e-01   0.00000000e+00
  4.88500000e+00   6.24606956e+00  -1.15780828e-01   0.00000000e+00
  4.89000000e+00   6.24960526e+00  -1.09323461e-01   0.00000000e+00
  4.89500000e+00   6.25293949e+00  -1.02955580e-01   0.00000000e+00
  4.90000000e+00   6.25607516e+00  -9.66834699e-02   0.00000000e+00
  4.90500000e+00   6.25901536e+00  -9.05133211e-02   0.00000000e+00
  4.91000000e+00   6.26176341e+00  -8.44512224e-02   0.00000000e+00
  4.91500000e+00   6.26432278e+00  -7.85031564e-02   0.00000000e+00
  4.92000000e+00   6.26669716e+00  -7.26749931e-02   0.00000000e+00
  4.92500000e+00   6.26889040e+00  -6.69724842e-02   0.00000000e+00
  4.93000000e+00   6.27090654e+00  -6.14012574e-02   0.00000000e+00
  4.93500000e+00   6.27274979e+00  -5.59668109e-02   0.00000000e+00
  4.94000000e+00   6.27442453e+00  -5.06745077e-02   0.00000000e+00
  4.94500000e+00   6.27593531e+00  -4.55295708e-02   0.00000000e+00
  4.95000000e+00   6.27728683e+00  -4.05370775e-02   0.00000000e+00
  4.95500000e+00   6.27848398e+00  -3.57019548e-02   0.00000000e+00
  4.96000000e+00   6.27953175e+00  -3.10289745e-02   0.00000000e+00
  4.96500000e+00   6.28043533e+00  -2.65227482e-02   0.00000000e+00
  4.97000000e+00   6.28120002e+00  -2.21877230e-02   0.00000000e+00
  4.97500000e+00   6.28183126e+00  -1.80281770e-02   0.00000000e+00
  4.98000000e+00   6.28233464e+00  -1.40482153e-02   0.00000000e+00
  4.98500000e+00   6.28271586e+00  -1.02517655e-02   0.00000000e+00
  4.99000000e+00   6.28298074e+00  -6.64257428e-03   0.00000000e+00
