  0.00000000e+00   0.00000000e+00   0.00000000e+00   0.00000000e+00
  5.00000000e-03  -4.85823073e-05   3.07614336e-03   0.00000000e+00
  1.00000000e-02  -1.92214453e-04   6.05056301e-03   0.00000000e+00
  1.50000000e-02  -4.27654317e-04   8.92032356e-03   0.00000000e+00
  2.00000000e-02  -7.51569175e-04   1.16825929e-02   0.00000000e+00
  2.50000000e-02  -1.16053899e-03   1.43346450e-02   0.00000000e+00
  3.00000000e-02  -1.65105979e-03   1.68738626e-02   0.00000000e+00
  3.50000000e-02  -2.21954711e-03   1.92977399e-02   0.00000000e+00
  4.00000000e-02  -2.86233955e-03   2.16038846e-02   0.00000000e+00
  4.50000000e-02  -3.57570239e-03   2.37900210e-02   0.00000000e+00
  5.00000000e-02  -4.35583124e-03   2.58539916e-02   0.00000000e+00
  5.50000000e-02  -5.19885584e-03   2.77937596e-02   0.00000000e+00
  6.00000000e-02  -6.10084385e-03   2.96074105e-02   0.00000000e+00
  6.50000000e-02  -7.05780475e-03   3.12931545e-02   0.00000000e+00
  7.00000000e-02  -8.06569377e-03   3.28493281e-02   0.00000000e+00
  7.50000000e-02  -9.12041585e-03   3.42743954e-02   0.00000000e+00
  8.00000000e-02  -1.02178298e-02   3.55669501e-02   0.00000000e+00
  8.50000000e-02  -1.13537521e-02   3.67257165e-02   0.00000000e+00
  9.00000000e-02  -1.25239615e-02   3.77495512e-02   0.00000000e+00
  9.50000000e-02  -1.37242026e-02   3.86374438e-02   0.00000000e+00
  1.00000000e-01  -1.49501908e-02   3.93885179e-02   0.00000000e+00
  1.05000000e-01  -1.61976156e-02   4.00020324e-02   0.00000000e+00
  1.10000000e-01  -1.74621456e-02   4.04773818e-02   0.00000000e+00
  1.15000000e-01  -1.87394326e-02   4.08140969e-02   0.00000000e+00
  1.20000000e-01  -2.00251156e-02   4.10118456e-02   0.00000000e+00
  1.25000000e-01  -2.13148254e-02   4.10704326e-02   0.00000000e+00
  1.30000000e-01  -2.26041889e-02   4.09898001e-02   0.00000000e+00
  1.35000000e-01  -2.38888333e-02   4.07700277e-02   0.00000000e+00
  1.40000000e-01  -2.51643904e-02   4.04113323e-02   0.00000000e+00
  1.45000000e-01  -2.64265010e-02   3.99140678e-02   0.00000000e+00
  1.50000000e-01  -2.76708192e-02   3.92787251e-02   0.00000000e+00
  1.55000000e-01  -2.88930166e-02   3.85059310e-02   0.00000000e+00
  1.60000000e-01  -3.00887867e-02   3.75964484e-02   0.00000000e+00
  1.65000000e-01  -3.12538490e-02   3.65511746e-02   0.00000000e+00
  1.70000000e-01  -3.23839534e-02   3.53711414e-02   0.00000000e+00
  1.75000000e-01  -3.34748842e-02   3.40575132e-02   0.00000000e+00
  1.80000000e-01  -3.45224645e-02   3.26115864e-02   0.00000000e+00
  1.85000000e-01  -3.55225600e-02   3.10347879e-02   0.00000000e+00
  1.90000000e-01  -3.64710835e-02   2.93286740e-02   0.00000000e+00
  1.95000000e-01  -3.73639983e-02   2.74949283e-02   0.00000000e+00
  2.00000000e-01  -3.81973230e-02   2.55353604e-02   0.00000000e+00
  2.05000000e-01  -3.89671349e-02   2.34519044e-02   0.00000000e+00
  2.10000000e-01  -3.96695737e-02   2.12466162e-02   0.00000000e+00
  2.15000000e-01  -4.03008460e-02   1.89216722e-02   0.00000000e+00
  2.20000000e-01  -4.08572283e-02   1.64793669e-02   0.00000000e+00
  2.25000000e-01  -4.13350713e-02   1.39221105e-02   0.00000000e+00
  2.30000000e-01  -4.17308029e-02   1.12524268e-02   0.00000000e+00
  2.35000000e-01  -4.20409323e-02   8.47295037e-03   0.00000000e+00
  2.40000000e-01  -4.22620530e-02   5.58642422e-03   0.00000000e+00
  2.45000000e-01  -4.23908464e-02   2.59569703e-03   0.00000000e+00
  2.50000000e-01  -4.24240850e-02  -4.96279738e-04   0.00000000e+00
  2.55000000e-01  -4.23586358e-02  -3.68645466e-03   0.00000000e+00
  2.60000000e-01  -4.21914628e-02  -6.97167942e-03   0.00000000e+00
  2.65000000e-01  -4.19196308e-02  -1.03487119e-02   0.00000000e+00
  2.70000000e-01  -4.15403075e-02  -1.38142194e-02   0.00000000e+00
  2.75000000e-01  -4.10507670e-02  -1.73647818e-02   0.00000000e+00
  2.80000000e-01  -4.04483920e-02  -2.09968952e-02   0.00000000e+00
  2.85000000e-01  -3.97306766e-02  -2.47069752e-02   0.00000000e+00
  2.90000000e-01  -3.88952288e-02  -2.84913602e-02   0.00000000e+00
  2.95000000e-01  -3.79397726e-02  -3.23463157e-02   0.00000000e+00
  3.00000000e-01  -3.68621506e-02  -3.62680372e-02   0.00000000e+00
  3.05000000e-01  -3.56603259e-02  -4.02526544e-02   0.00000000e+00
  3.10000000e-01  -3.43323842e-02  -4.42962350e-02   0.00000000e+00
  3.15000000e-01  -3.28765356e-02  -4.83947886e-02   0.00000000e+00
  3.20000000e-01  -3.12911166e-02  -5.25442702e-02   0.00000000e+00
  3.25000000e-01  -2.95745913e-02  -5.67405849e-02   0.00000000e+00
  3.30000000e-01  -2.77255534e-02  -6.09795915e-02   0.00000000e+00
  3.35000000e-01  -2.57427273e-02  -6.52571065e-02   0.00000000e+00
  3.40000000e-01  -2.36249694e-02  -6.95689085e-02   0.00000000e+00
  3.45000000e-01  -2.13712693e-02  -7.39107423e-02   0.00000000e+00
  3.50000000e-01  -1.89807508e-02  -7.82783231e-02   0.00000000e+00
  3.55000000e-01  -1.64526727e-02  -8.26673405e-02   0.00000000e+00
  3.60000000e-01  -1.37864295e-02  -8.70734632e-02   0.00000000e+00
  3.65000000e-01  -1.09815521e-02  -9.14923428e-02   0.00000000e+00
  3.70000000e-01  -8.03770814e-03  -9.59196185e-02   0.00000000e+00
  3.75000000e-01  -4.95470253e-03  -1.00350921e-01   0.00000000e+00
  3.80000000e-01  -1.73247744e-03  -1.04781877e-01   0.00000000e+00
  3.85000000e-01   1.62888756e-03  -1.09208114e-01   0.00000000e+00
  3.90000000e-01   5.12917558e-03  -1.13625264e-01   0.00000000e+00
  3.95000000e-01   8.76803262e-03  -1.18028967e-01   0.00000000e+00
  4.00000000e-01   1.25449680e-02  -1.22414878e-01   0.00000000e+00
  4.05000000e-01   1.64593546e-02  -1.26778668e-01   0.00000000e+00
  4.10000000e-01   2.05104298e-02  -1.31116031e-01   0.00000000e+00
  4.15000000e-01   2.46972962e-02  -1.35422686e-01   0.00000000e+00
  4.20000000e-01   2.90189220e-02  -1.39694383e-01   0.00000000e+00
  4.25000000e-01   3.34741429e-02  -1.43926906e-01   0.00000000e+00
  4.30000000e-01   3.80616623e-02  -1.48116079e-01   0.00000000e+00
  4.35000000e-01   4.27800533e-02  -1.52257768e-01   0.00000000e+00
  4.40000000e-01   4.76277598e-02  -1.56347884e-01   0.00000000e+00
  4.45000000e-01   5.26030982e-02  -1.60382391e-01   0.00000000e+00
  4.50000000e-01   5.77042586e-02  -1.64357309e-01   0.00000000e+00
  4.55000000e-01   6.29293073e-02  -1.68268713e-01   0.00000000e+00
  4.60000000e-01   6.82761881e-02  -1.72112745e-01   0.00000000e+00
  4.65000000e-01   7.37427246e-02  -1.75885610e-01   0.00000000e+00
  4.70000000e-01   7.93266225e-02  -1.79583585e-01   0.00000000e+00
  4.75000000e-01   8.50254715e-02  -1.83203020e-01   0.00000000e+00
  4.80000000e-01   9.08367478e-02  -1.86740344e-01   0.00000000e+00
  4.85000000e-01   9.67578169e-02  -1.90192067e-01   0.00000000e+00
  4.90000000e-01   1.02785936e-01  -1.93554780e-01   0.00000000e+00
  4.95000000e-01   1.08918255e-01  -1.96825166e-01   0.00000000e+00
  5.00000000e-01   1.15151825e-01  -1.99999997e-01   0.00000000e+00
  5.05000000e-01   1.21483592e-01  -2.03076141e-01   0.00000000e+00
  5.10000000e-01   1.27910410e-01  -2.06050561e-01   0.00000000e+00
  5.15000000e-01   1.34429035e-01  -2.08920321e-01   0.00000000e+00
  5.20000000e-01   1.41036135e-01  -2.11682591e-01   0.00000000e+00
  5.25000000e-01   1.47728290e-01  -2.14334643e-01   0.00000000e+00
  5.30000000e-01   1.54501996e-01  -2.16873861e-01   0.00000000e+00
  5.35000000e-01   1.61353669e-01  -2.19297738e-01   0.00000000e+00
  5.40000000e-01   1.68279646e-01  -2.21603883e-01   0.00000000e+00
  5.45000000e-01   1.75276194e-01  -2.23790019e-01   0.00000000e+00
  5.50000000e-01   1.82339508e-01  -2.25853990e-01   0.00000000e+00
  5.55000000e-01   1.89465718e-01  -2.27793758e-01   0.00000000e+00
  5.60000000e-01   1.96650892e-01  -2.29607409e-01   0.00000000e+00
  5.65000000e-01   2.03891038e-01  -2.31293153e-01   0.00000000e+00
  5.70000000e-01   2.11182112e-01  -2.32849327e-01   0.00000000e+00
  5.75000000e-01   2.18520019e-01  -2.34274394e-01   0.00000000e+00
  5.80000000e-01   2.25900619e-01  -2.35566949e-01   0.00000000e+00
  5.85000000e-01   2.33319726e-01  -2.36725716e-01   0.00000000e+00
  5.90000000e-01   2.40773121e-01  -2.37749550e-01   0.00000000e+00
  5.95000000e-01   2.48256547e-01  -2.38637443e-01   0.00000000e+00
  6.00000000e-01   2.55765721e-01  -2.39388517e-01   0.00000000e+00
  6.05000000e-01   2.63296331e-01  -2.40002032e-01   0.00000000e+00
  6.10000000e-01   2.70844046e-01  -2.40477381e-01   0.00000000e+00
  6.15000000e-01   2.78404518e-01  -2.40814097e-01   0.00000000e+00
  6.20000000e-01   2.85973387e-01  -2.41011845e-01   0.00000000e+00
  6.25000000e-01   2.93546282e-01  -2.41070432e-01   0.00000000e+00
  6.30000000e-01   3.01118831e-01  -2.40989800e-01   0.00000000e+00
  6.35000000e-01   3.08686660e-01  -2.40770028e-01   0.00000000e+00
  6.40000000e-01   3.16245403e-01  -2.40411333e-01   0.00000000e+00
  6.45000000e-01   3.23790699e-01  -2.39914068e-01   0.00000000e+00
  6.50000000e-01   3.31318202e-01  -2.39278726e-01   0.00000000e+00
  6.55000000e-01   3.38823585e-01  -2.38505932e-01   0.00000000e+00
  6.60000000e-01   3.46302540e-01  -2.37596449e-01   0.00000000e+00
  6.65000000e-01   3.53750788e-01  -2.36551175e-01   0.00000000e+00
  6.70000000e-01   3.61164078e-01  -2.35371142e-01   0.00000000e+00
  6.75000000e-01   3.68538194e-01  -2.34057514e-01   0.00000000e+00
  6.80000000e-01   3.75868959e-01  -2.32611587e-01   0.00000000e+00
  6.85000000e-01   3.83152240e-01  -2.31034789e-01   0.00000000e+00
  6.90000000e-01   3.90383949e-01  -2.29328675e-01   0.00000000e+00
  6.95000000e-01   3.97560049e-01  -2.27494930e-01   0.00000000e+00
  7.00000000e-01   4.04676559e-01  -2.25535362e-01   0.00000000e+00
  7.05000000e-01   4.11729557e-01  -2.23451906e-01   0.00000000e+00
  7.10000000e-01   4.18715181e-01  -2.21246618e-01   0.00000000e+00
  7.15000000e-01   4.25629638e-01  -2.18921674e-01   0.00000000e+00
  7.20000000e-01   4.32469206e-01  -2.16479369e-01   0.00000000e+00
  7.25000000e-01   4.39230234e-01  -2.13922113e-01   0.00000000e+00
  7.30000000e-01   4.45909151e-01  -2.11252429e-01   0.00000000e+00
  7.35000000e-01   4.52502466e-01  -2.08472953e-01   0.00000000e+00
  7.40000000e-01   4.59006772e-01  -2.05586427e-01   0.00000000e+00
  7.45000000e-01   4.65418751e-01  -2.02595699e-01   0.00000000e+00
  7.50000000e-01   4.71735175e-01  -1.99503723e-01   0.00000000e+00
  7.55000000e-01   4.77952911e-01  -1.96313548e-01   0.00000000e+00
  7.60000000e-01   4.84068924e-01  -1.93028323e-01   0.00000000e+00
  7.65000000e-01   4.90080277e-01  -1.89651291e-01   0.00000000e+00
  7.70000000e-01   4.95984139e-01  -1.86185783e-01   0.00000000e+00
  7.75000000e-01   5.01777784e-01  -1.82635221e-01   0.00000000e+00
  7.80000000e-01   5.07458594e-01  -1.79003108e-01   0.00000000e+00
  7.85000000e-01   5.13024064e-01  -1.75293028e-01   0.00000000e+00
  7.90000000e-01   5.18471802e-01  -1.71508643e-01   0.00000000e+00
  7.95000000e-01   5.23799531e-01  -1.67653687e-01   0.00000000e+00
  8.00000000e-01   5.29005095e-01  -1.63731966e-01   0.00000000e+00
  8.05000000e-01   5.34086455e-01  -1.59747349e-01   0.00000000e+00
  8.10000000e-01   5.39041699e-01  -1.55703768e-01   0.00000000e+00
  8.15000000e-01   5.43869036e-01  -1.51605215e-01   0.00000000e+00
  8.20000000e-01   5.48566802e-01  -1.47455733e-01   0.00000000e+00
  8.25000000e-01   5.53133462e-01  -1.43259418e-01   0.00000000e+00
  8.30000000e-01   5.57567610e-01  -1.39020412e-01   0.00000000e+00
  8.35000000e-01   5.61867969e-01  -1.34742897e-01   0.00000000e+00
  8.40000000e-01   5.66033397e-01  -1.30431095e-01   0.00000000e+00
  8.45000000e-01   5.70062882e-01  -1.26089261e-01   0.00000000e+00
  8.50000000e-01   5.73955549e-01  -1.21721680e-01   0.00000000e+00
  8.55000000e-01   5.77710656e-01  -1.17332663e-01   0.00000000e+00
  8.60000000e-01   5.81327599e-01  -1.12926540e-01   0.00000000e+00
  8.65000000e-01   5.84805907e-01  -1.08507661e-01   0.00000000e+00
  8.70000000e-01   5.88145248e-01  -1.04080385e-01   0.00000000e+00
  8.75000000e-01   5.91345428e-01  -9.96490826e-02   0.00000000e+00
  8.80000000e-01   5.94406388e-01  -9.52181265e-02   0.00000000e+00
  8.85000000e-01   5.97328209e-01  -9.07918894e-02   0.00000000e+00
  8.90000000e-01   6.00111106e-01  -8.63747397e-02   0.00000000e+00
  8.95000000e-01   6.02755434e-01  -8.19710364e-02   0.00000000e+00
  9.00000000e-01   6.05261684e-01  -7.75851256e-02   0.00000000e+00
  9.05000000e-01   6.07630483e-01  -7.32213355e-02   0.00000000e+00
  9.10000000e-01   6.09862593e-01  -6.88839727e-02   0.00000000e+00
  9.15000000e-01   6.11958912e-01  -6.45773177e-02   0.00000000e+00
  9.20000000e-01   6.13920472e-01  -6.03056206e-02   0.00000000e+00
  9.25000000e-01   6.15748437e-01  -5.60730971e-02   0.00000000e+00
  9.30000000e-01   6.17444103e-01  -5.18839241e-02   0.00000000e+00
  9.35000000e-01   6.19008897e-01  -4.77422359e-02   0.00000000e+00
  9.40000000e-01   6.20444376e-01  -4.36521197e-02   0.00000000e+00
  9.45000000e-01   6.21752223e-01  -3.96176122e-02   0.00000000e+00
  9.50000000e-01   6.22934248e-01  -3.56426947e-02   0.00000000e+00
  9.55000000e-01   6.23992385e-01  -3.17312902e-02   0.00000000e+00
  9.60000000e-01   6.24928689e-01  -2.78872586e-02   0.00000000e+00
  9.65000000e-01   6.25745338e-01  -2.41143936e-02   0.00000000e+00
  9.70000000e-01   6.26444626e-01  -2.04164185e-02   0.00000000e+00
  9.75000000e-01   6.27028962e-01  -1.67969828e-02   0.00000000e+00
  9.80000000e-01   6.27500871e-01  -1.32596584e-02   0.00000000e+00
  9.85000000e-01   6.27862987e-01  -9.80793627e-03   0.00000000e+00
  9.90000000e-01   6.28118054e-01  -6.44522282e-03   0.00000000e+00
  9.95000000e-01   6.28268920e-01  -3.17483664e-03   0.00000000e+00
  1.00000000e+00   6.28318536e-01  -5.20673716e-09   0.00000000e+00
  1.00500000e+00   6.28269954e-01   3.07613831e-03   0.00000000e+00
  1.01000000e+00   6.28126322e-01   6.05055812e-03   0.00000000e+00
  1.01500000e+00   6.27890882e-01   8.92031884e-03   0.00000000e+00
  1.02000000e+00   6.27566967e-01   1.16825884e-02   0.00000000e+00
  1.02500000e+00   6.27157997e-01   1.43346406e-02   0.00000000e+00
  1.03000000e+00   6.26667477e-01   1.68738584e-02   0.00000000e+00
  1.03500000e+00   6.26098990e-01   1.92977359e-02   0.00000000e+00
  1.04000000e+00   6.25456197e-01   2.16038808e-02   0.00000000e+00
  1.04500000e+00   6.24742835e-01   2.37900174e-02   0.00000000e+00
  1.05000000e+00   6.23962706e-01   2.58539882e-02   0.00000000e+00
  1.05500000e+00   6.23119681e-01   2.77937563e-02   0.00000000e+00
  1.06000000e+00   6.22217693e-01   2.96074074e-02   0.00000000e+00
  1.06500000e+00   6.21260733e-01   3.12931517e-02   0.00000000e+00
  1.07000000e+00   6.20252844e-01   3.28493255e-02   0.00000000e+00
  1.07500000e+00   6.19198122e-01   3.42743930e-02   0.00000000e+00
  1.08000000e+00   6.18100708e-01   3.55669479e-02   0.00000000e+00
  1.08500000e+00   6.16964786e-01   3.67257146e-02   0.00000000e+00
  1.09000000e+00   6.15794576e-01   3.77495495e-02   0.00000000e+00
  1.09500000e+00   6.14594335e-01   3.86374423e-02   0.00000000e+00
  1.10000000e+00   6.13368347e-01   3.93885166e-02   0.00000000e+00
  1.10500000e+00   6.12120922e-01   4.00020313e-02   0.00000000e+00
  1.11000000e+00   6.10856392e-01   4.04773809e-02   0.00000000e+00
  1.11500000e+00   6.09579105e-01   4.08140963e-02   0.00000000e+00
  1.12000000e+00   6.08293422e-01   4.10118452e-02   0.00000000e+00
  1.12500000e+00   6.07003712e-01   4.10704324e-02   0.00000000e+00
  1.13000000e+00   6.05714349e-01   4.09898001e-02   0.00000000e+00
  1.13500000e+00   6.04429705e-01   4.07700280e-02   0.00000000e+00
  1.14000000e+00   6.03154147e-01   4.04113328e-02   0.00000000e+00
  1.14500000e+00   6.01892037e-01   3.99140685e-02   0.00000000e+00
  1.15000000e+00   6.00647719e-01   3.92787260e-02   0.00000000e+00
  1.15500000e+00   5.99425521e-01   3.85059322e-02   0.00000000e+00
  1.16000000e+00   5.98229751e-01   3.75964498e-02   0.00000000e+00
  1.16500000e+00   5.97064689e-01   3.65511763e-02   0.00000000e+00
  1.17000000e+00   5.95934584e-01   3.53711432e-02   0.00000000e+00
  1.17500000e+00   5.94843653e-01   3.40575152e-02   0.00000000e+00
  1.18000000e+00   5.93796073e-01   3.26115886e-02   0.00000000e+00
  1.18500000e+00   5.92795977e-01   3.10347904e-02   0.00000000e+00
  1.19000000e+00   5.91847454e-01   2.93286767e-02   0.00000000e+00
  1.19500000e+00   5.90954539e-01   2.74949312e-02   0.00000000e+00
  1.20000000e+00   5.90121214e-01   2.55353635e-02   0.00000000e+00
  1.20500000e+00   5.89351402e-01   2.34519077e-02   0.00000000e+00
  1.21000000e+00   5.88648963e-01   2.12466197e-02   0.00000000e+00
  1.21500000e+00   5.88017691e-01   1.89216759e-02   0.00000000e+00
  1.22000000e+00   5.87461308e-01   1.64793708e-02   0.00000000e+00
  1.22500000e+00   5.86983465e-01   1.39221146e-02   0.00000000e+00
  1.23000000e+00   5.86587734e-01   1.12524311e-02   0.00000000e+00
  1.23500000e+00   5.86277604e-01   8.47295483e-03   0.00000000e+00
  1.24000000e+00   5.86056483e-01   5.58642885e-03   0.00000000e+00
  1.24500000e+00   5.85927690e-01   2.59570183e-03   0.00000000e+00
  1.25000000e+00   5.85894451e-01  -4.96274772e-04   0.00000000e+00
  1.25500000e+00   5.85959900e-01  -3.68644953e-03   0.00000000e+00
  1.26000000e+00   5.86127073e-01  -6.97167414e-03   0.00000000e+00
  1.26500000e+00   5.86398905e-01  -1.03487065e-02   0.00000000e+00
  1.27000000e+00   5.86778228e-01  -1.38142138e-02   0.00000000e+00
  1.27500000e+00   5.87267768e-01  -1.73647761e-02   0.00000000e+00
  1.28000000e+00   5.87870143e-01  -2.09968894e-02   0.00000000e+00
  1.28500000e+00   5.88587858e-01  -2.47069692e-02   0.00000000e+00
  1.29000000e+00   5.89423306e-01  -2.84913541e-02   0.00000000e+00
  1.29500000e+00   5.90378762e-01  -3.23463095e-02   0.00000000e+00
  1.30000000e+00   5.91456384e-01  -3.62680308e-02   0.00000000e+00
  1.30500000e+00   5.92658208e-01  -4.02526480e-02   0.00000000e+00
  1.31000000e+00   5.93986150e-01  -4.42962285e-02   0.00000000e+00
  1.31500000e+00   5.95441998e-01  -4.83947819e-02   0.00000000e+00
  1.32000000e+00   5.97027417e-01  -5.25442635e-02   0.00000000e+00
  1.32500000e+00   5.98743942e-01  -5.67405782e-02   0.00000000e+00
  1.33000000e+00   6.00592979e-01  -6.09795846e-02   0.00000000e+00
  1.33500000e+00   6.02575805e-01  -6.52570995e-02   0.00000000e+00
  1.34000000e+00   6.04693563e-01  -6.95689015e-02   0.00000000e+00
  1.34500000e+00   6.06947263e-01  -7.39107353e-02   0.00000000e+00
  1.35000000e+00   6.09337781e-01  -7.82783160e-02   0.00000000e+00
  1.35500000e+00   6.11865859e-01  -8.26673334e-02   0.00000000e+00
  1.36000000e+00   6.14532102e-01  -8.70734560e-02   0.00000000e+00
  1.36500000e+00   6.17336979e-01  -9.14923356e-02   0.00000000e+00
  1.37000000e+00   6.20280823e-01  -9.59196113e-02   0.00000000e+00
  1.37500000e+00   6.23363828e-01  -1.00350914e-01   0.00000000e+00
  1.38000000e+00   6.26586053e-01  -1.04781870e-01   0.00000000e+00
  1.38500000e+00   6.29947418e-01  -1.09208107e-01   0.00000000e+00
  1.39000000e+00   6.33447706e-01  -1.13625257e-01   0.00000000e+00
  1.39500000e+00   6.37086563e-01  -1.18028960e-01   0.00000000e+00
  1.40000000e+00   6.40863498e-01  -1.22414871e-01   0.00000000e+00
  1.40500000e+00   6.44777884e-01  -1.26778661e-01   0.00000000e+00
  1.41000000e+00   6.48828959e-01  -1.31116024e-01   0.00000000e+00
  1.41500000e+00   6.53015825e-01  -1.35422679e-01   0.00000000e+00
  1.42000000e+00   6.57337451e-01  -1.39694376e-01   0.00000000e+00
  1.42500000e+00   6.61792672e-01  -1.43926899e-01   0.00000000e+00
  1.43000000e+00   6.66380191e-01  -1.48116072e-01   0.00000000e+00
  1.43500000e+00   6.71098582e-01  -1.52257761e-01   0.00000000e+00
  1.44000000e+00   6.75946288e-01  -1.56347877e-01   0.00000000e+00
  1.44500000e+00   6.80921626e-01  -1.60382385e-01   0.00000000e+00
  1.45000000e+00   6.86022786e-01  -1.64357302e-01   0.00000000e+00
  1.45500000e+00   6.91247835e-01  -1.68268707e-01   0.00000000e+00
  1.46000000e+00   6.96594715e-01  -1.72112738e-01   0.00000000e+00
  1.46500000e+00   7.02061252e-01  -1.75885603e-01   0.00000000e+00
  1.47000000e+00   7.07645149e-01  -1.79583579e-01   0.00000000e+00
  1.47500000e+00   7.13343998e-01  -1.83203014e-01   0.00000000e+00
  1.48000000e+00   7.19155274e-01  -1.86740339e-01   0.00000000e+00
  1.48500000e+00   7.25076343e-01  -1.90192061e-01   0.00000000e+00
  1.49000000e+00   7.31104462e-01  -1.93554774e-01   0.00000000e+00
  1.49500000e+00   7.37236781e-01  -1.96825161e-01   0.00000000e+00
  1.50000000e+00   7.43470351e-01  -1.99999992e-01   0.00000000e+00
  1.50500000e+00   7.49802118e-01  -2.03076136e-01   0.00000000e+00
  1.51000000e+00   7.56228935e-01  -2.06050556e-01   0.00000000e+00
  1.51500000e+00   7.62747560e-01  -2.08920316e-01   0.00000000e+00
  1.52000000e+00   7.69354660e-01  -2.11682586e-01   0.00000000e+00
  1.52500000e+00   7.76046815e-01  -2.14334638e-01   0.00000000e+00
  1.53000000e+00   7.82820521e-01  -2.16873856e-01   0.00000000e+00
  1.53500000e+00   7.89672193e-01  -2.19297734e-01   0.00000000e+00
  1.54000000e+00   7.96598171e-01  -2.21603879e-01   0.00000000e+00
  1.54500000e+00   8.03594719e-01  -2.23790016e-01   0.00000000e+00
  1.55000000e+00   8.10658033e-01  -2.25853987e-01   0.00000000e+00
  1.55500000e+00   8.17784243e-01  -2.27793755e-01   0.00000000e+00
  1.56000000e+00   8.24969416e-01  -2.29607406e-01   0.00000000e+00
  1.56500000e+00   8.32209562e-01  -2.31293150e-01   0.00000000e+00
  1.57000000e+00   8.39500636e-01  -2.32849324e-01   0.00000000e+00
  1.57500000e+00   8.46838543e-01  -2.34274392e-01   0.00000000e+00
  1.58000000e+00   8.54219142e-01  -2.35566947e-01   0.00000000e+00
  1.58500000e+00   8.61638250e-01  -2.36725714e-01   0.00000000e+00
  1.59000000e+00   8.69091645e-01  -2.37749549e-01   0.00000000e+00
  1.59500000e+00   8.76575071e-01  -2.38637442e-01   0.00000000e+00
  1.60000000e+00   8.84084244e-01  -2.39388516e-01   0.00000000e+00
  1.60500000e+00   8.91614854e-01  -2.40002031e-01   0.00000000e+00
  1.61000000e+00   8.99162570e-01  -2.40477380e-01   0.00000000e+00
  1.61500000e+00   9.06723042e-01  -2.40814096e-01   0.00000000e+00
  1.62000000e+00   9.14291910e-01  -2.41011845e-01   0.00000000e+00
  1.62500000e+00   9.21864805e-01  -2.41070432e-01   0.00000000e+00
  1.63000000e+00   9.29437354e-01  -2.40989800e-01   0.00000000e+00
  1.63500000e+00   9.37005184e-01  -2.40770028e-01   0.00000000e+00
  1.64000000e+00   9.44563926e-01  -2.40411333e-01   0.00000000e+00
  1.64500000e+00   9.52109222e-01  -2.39914069e-01   0.00000000e+00
  1.65000000e+00   9.59636726e-01  -2.39278726e-01   0.00000000e+00
  1.65500000e+00   9.67142109e-01  -2.38505933e-01   0.00000000e+00
  1.66000000e+00   9.74621064e-01  -2.37596450e-01   0.00000000e+00
  1.66500000e+00   9.82069312e-01  -2.36551177e-01   0.00000000e+00
  1.67000000e+00   9.89482601e-01  -2.35371144e-01   0.00000000e+00
  1.67500000e+00   9.96856718e-01  -2.34057516e-01   0.00000000e+00
  1.68000000e+00   1.00418748e+00  -2.32611590e-01   0.00000000e+00
  1.68500000e+00   1.01147076e+00  -2.31034792e-01   0.00000000e+00
  1.69000000e+00   1.01870247e+00  -2.29328678e-01   0.00000000e+00
  1.69500000e+00   1.02587857e+00  -2.27494933e-01   0.00000000e+00
  1.70000000e+00   1.03299508e+00  -2.25535365e-01   0.00000000e+00
  1.70500000e+00   1.04004808e+00  -2.23451909e-01   0.00000000e+00
  1.71000000e+00   1.04703371e+00  -2.21246621e-01   0.00000000e+00
  1.71500000e+00   1.05394816e+00  -2.18921678e-01   0.00000000e+00
  1.72000000e+00   1.06078773e+00  -2.16479373e-01   0.00000000e+00
  1.72500000e+00   1.06754876e+00  -2.13922117e-01   0.00000000e+00
  1.73000000e+00   1.07422768e+00  -2.11252433e-01   0.00000000e+00
  1.73500000e+00   1.08082099e+00  -2.08472957e-01   0.00000000e+00
  1.74000000e+00   1.08732530e+00  -2.05586431e-01   0.00000000e+00
  1.74500000e+00   1.09373728e+00  -2.02595704e-01   0.00000000e+00
  1.75000000e+00   1.10005370e+00  -1.99503728e-01   0.00000000e+00
  1.75500000e+00   1.10627144e+00  -1.96313553e-01   0.00000000e+00
  1.76000000e+00   1.11238745e+00  -1.93028329e-01   0.00000000e+00
  1.76500000e+00   1.11839880e+00  -1.89651296e-01   0.00000000e+00
  1.77000000e+00   1.12430267e+00  -1.86185789e-01   0.00000000e+00
  1.77500000e+00   1.13009631e+00  -1.82635227e-01   0.00000000e+00
  1.78000000e+00   1.13577712e+00  -1.79003114e-01   0.00000000e+00
  1.78500000e+00   1.14134259e+00  -1.75293034e-01   0.00000000e+00
  1.79000000e+00   1.14679033e+00  -1.71508649e-01   0.00000000e+00
  1.79500000e+00   1.15211806e+00  -1.67653694e-01   0.00000000e+00
  1.80000000e+00   1.15732362e+00  -1.63731972e-01   0.00000000e+00
  1.80500000e+00   1.16240498e+00  -1.59747355e-01   0.00000000e+00
  1.81000000e+00   1.16736023e+00  -1.55703775e-01   0.00000000e+00
  1.81500000e+00   1.17218756e+00  -1.51605221e-01   0.00000000e+00
  1.82000000e+00   1.17688533e+00  -1.47455740e-01   0.00000000e+00
  1.82500000e+00   1.18145199e+00  -1.43259425e-01   0.00000000e+00
  1.83000000e+00   1.18588614e+00  -1.39020419e-01   0.00000000e+00
  1.83500000e+00   1.19018650e+00  -1.34742904e-01   0.00000000e+00
  1.84000000e+00   1.19435193e+00  -1.30431102e-01   0.00000000e+00
  1.84500000e+00   1.19838141e+00  -1.26089268e-01   0.00000000e+00
  1.85000000e+00   1.20227408e+00  -1.21721688e-01   0.00000000e+00
  1.85500000e+00   1.20602919e+00  -1.17332670e-01   0.00000000e+00
  1.86000000e+00   1.20964613e+00  -1.12926548e-01   0.00000000e+00
  1.86500000e+00   1.21312444e+00  -1.08507668e-01   0.00000000e+00
  1.87000000e+00   1.21646378e+00  -1.04080392e-01   0.00000000e+00
  1.87500000e+00   1.21966396e+00  -9.96490898e-02   0.00000000e+00
  1.88000000e+00   1.22272492e+00  -9.52181337e-02   0.00000000e+00
  1.88500000e+00   1.22564674e+00  -9.07918966e-02   0.00000000e+00
  1.89000000e+00   1.22842964e+00  -8.63747469e-02   0.00000000e+00
  1.89500000e+00   1.23107397e+00  -8.19710436e-02   0.00000000e+00
  1.90000000e+00   1.23358022e+00  -7.75851327e-02   0.00000000e+00
  1.90500000e+00   1.23594902e+00  -7.32213426e-02   0.00000000e+00
  1.91000000e+00   1.23818113e+00  -6.88839798e-02   0.00000000e+00
  1.91500000e+00   1.24027744e+00  -6.45773247e-02   0.00000000e+00
  1.92000000e+00   1.24223900e+00  -6.03056276e-02   0.00000000e+00
  1.92500000e+00   1.24406697e+00  -5.60731040e-02   0.00000000e+00
  1.93000000e+00   1.24576264e+00  -5.18839309e-02   0.00000000e+00
  1.93500000e+00   1.24732743e+00  -4.77422426e-02   0.00000000e+00
  1.94000000e+00   1.24876291e+00  -4.36521264e-02   0.00000000e+00
  1.94500000e+00   1.25007076e+00  -3.96176187e-02   0.00000000e+00
  1.95000000e+00   1.25125278e+00  -3.56427012e-02   0.00000000e+00
  1.95500000e+00   1.25231092e+00  -3.17312965e-02   0.00000000e+00
  1.96000000e+00   1.25324722e+00  -2.78872648e-02   0.00000000e+00
  1.96500000e+00   1.25406387e+00  -2.41143997e-02   0.00000000e+00
  1.97000000e+00   1.25476316e+00  -2.04164245e-02   0.00000000e+00
  1.97500000e+00   1.25534750e+00  -1.67969887e-02   0.00000000e+00
  1.98000000e+00   1.25581941e+00  -1.32596642e-02   0.00000000e+00
  1.98500000e+00   1.25618152e+00  -9.80794192e-03   0.00000000e+00
  1.99000000e+00   1.25643659e+00  -6.44522833e-03   0.00000000e+00
  1.99500000e+00   1.25658746e+00  -3.17484200e-03   0.00000000e+00
  2.00000000e+00   1.25663707e+00  -1.04134746e-08   0.00000000e+00
  2.00500000e+00   1.25658849e+00   3.07613326e-03   0.00000000e+00
  2.01000000e+00   1.25644486e+00   6.05055324e-03   0.00000000e+00
  2.01500000e+00   1.25620942e+00   8.92031412e-03   0.00000000e+00
  2.02000000e+00   1.25588550e+00   1.16825838e-02   0.00000000e+00
  2.02500000e+00   1.25547653e+00   1.43346363e-02   0.00000000e+00
  2.03000000e+00   1.25498601e+00   1.68738543e-02   0.00000000e+00
  2.03500000e+00   1.25441753e+00   1.92977319e-02   0.00000000e+00
  2.04000000e+00   1.25377473e+00   2.16038770e-02   0.00000000e+00
  2.04500000e+00   1.25306137e+00   2.37900138e-02   0.00000000e+00
  2.05000000e+00   1.25228124e+00   2.58539848e-02   0.00000000e+00
  2.05500000e+00   1.25143822e+00   2.77937531e-02   0.00000000e+00
  2.06000000e+00   1.25053623e+00   2.96074044e-02   0.00000000e+00
  2.06500000e+00   1.24957927e+00   3.12931489e-02   0.00000000e+00
  2.07000000e+00   1.24857138e+00   3.28493229e-02   0.00000000e+00
  2.07500000e+00   1.24751666e+00   3.42743906e-02   0.00000000e+00
  2.08000000e+00   1.24641925e+00   3.55669457e-02   0.00000000e+00
  2.08500000e+00   1.24528332e+00   3.67257126e-02   0.00000000e+00
  2.09000000e+00   1.24411311e+00   3.77495478e-02   0.00000000e+00
  2.09500000e+00   1.24291287e+00   3.86374407e-02   0.00000000e+00
  2.10000000e+00   1.24168688e+00   3.93885153e-02   0.00000000e+00
  2.10500000e+00   1.24043946e+00   4.00020302e-02   0.00000000e+00
  2.11000000e+00   1.23917493e+00   4.04773801e-02   0.00000000e+00
  2.11500000e+00   1.23789764e+00   4.08140957e-02   0.00000000e+00
  2.12000000e+00   1.23661196e+00   4.10118448e-02   0.00000000e+00
  2.12500000e+00   1.23532225e+00   4.10704322e-02   0.00000000e+00
  2.13000000e+00   1.23403289e+00   4.09898002e-02   0.00000000e+00
  2.13500000e+00   1.23274824e+00   4.07700282e-02   0.00000000e+00
  2.14000000e+00   1.23147269e+00   4.04113333e-02   0.00000000e+00
  2.14500000e+00   1.23021057e+00   3.99140693e-02   0.00000000e+00
  2.15000000e+00   1.22896626e+00   3.92787270e-02   0.00000000e+00
  2.15500000e+00   1.22774406e+00   3.85059334e-02   0.00000000e+00
  2.16000000e+00   1.22654829e+00   3.75964512e-02   0.00000000e+00
  2.16500000e+00   1.22538323e+00   3.65511779e-02   0.00000000e+00
  2.17000000e+00   1.22425312e+00   3.53711451e-02   0.00000000e+00
  2.17500000e+00   1.22316219e+00   3.40575173e-02   0.00000000e+00
  2.18000000e+00   1.22211461e+00   3.26115909e-02   0.00000000e+00
  2.18500000e+00   1.22111451e+00   3.10347929e-02   0.00000000e+00
  2.19000000e+00   1.22016599e+00   2.93286794e-02   0.00000000e+00
  2.19500000e+00   1.21927308e+00   2.74949341e-02   0.00000000e+00
  2.20000000e+00   1.21843975e+00   2.55353667e-02   0.00000000e+00
  2.20500000e+00   1.21766994e+00   2.34519110e-02   0.00000000e+00
  2.21000000e+00   1.21696750e+00   2.12466232e-02   0.00000000e+00
  2.21500000e+00   1.21633623e+00   1.89216796e-02   0.00000000e+00
  2.22000000e+00   1.21577985e+00   1.64793747e-02   0.00000000e+00
  2.22500000e+00   1.21530200e+00   1.39221187e-02   0.00000000e+00
  2.23000000e+00   1.21490627e+00   1.12524354e-02   0.00000000e+00
  2.23500000e+00   1.21459614e+00   8.47295928e-03   0.00000000e+00
  2.24000000e+00   1.21437502e+00   5.58643348e-03   0.00000000e+00
  2.24500000e+00   1.21424623e+00   2.59570663e-03   0.00000000e+00
  2.25000000e+00   1.21421299e+00  -4.96269806e-04   0.00000000e+00
  2.25500000e+00   1.21427844e+00  -3.68644440e-03   0.00000000e+00
  2.26000000e+00   1.21444561e+00  -6.97166885e-03   0.00000000e+00
  2.26500000e+00   1.21471744e+00  -1.03487010e-02   0.00000000e+00
  2.27000000e+00   1.21509676e+00  -1.38142082e-02   0.00000000e+00
  2.27500000e+00   1.21558630e+00  -1.73647704e-02   0.00000000e+00
  2.28000000e+00   1.21618868e+00  -2.09968835e-02   0.00000000e+00
  2.28500000e+00   1.21690639e+00  -2.47069632e-02   0.00000000e+00
  2.29000000e+00   1.21774184e+00  -2.84913480e-02   0.00000000e+00
  2.29500000e+00   1.21869730e+00  -3.23463032e-02   0.00000000e+00
  2.30000000e+00   1.21977492e+00  -3.62680245e-02   0.00000000e+00
  2.30500000e+00   1.22097674e+00  -4.02526415e-02   0.00000000e+00
  2.31000000e+00   1.22230468e+00  -4.42962220e-02   0.00000000e+00
  2.31500000e+00   1.22376053e+00  -4.83947753e-02   0.00000000e+00
  2.32000000e+00   1.22534595e+00  -5.25442568e-02   0.00000000e+00
  2.32500000e+00   1.22706247e+00  -5.67405714e-02   0.00000000e+00
  2.33000000e+00   1.22891151e+00  -6.09795778e-02   0.00000000e+00
  2.33500000e+00   1.23089434e+00  -6.52570926e-02   0.00000000e+00
  2.34000000e+00   1.23301210e+00  -6.95688945e-02   0.00000000e+00
  2.34500000e+00   1.23526580e+00  -7.39107282e-02   0.00000000e+00
  2.35000000e+00   1.23765631e+00  -7.82783089e-02   0.00000000e+00
  2.35500000e+00   1.24018439e+00  -8.26673263e-02   0.00000000e+00
  2.36000000e+00   1.24285063e+00  -8.70734489e-02   0.00000000e+00
  2.36500000e+00   1.24565551e+00  -9.14923285e-02   0.00000000e+00
  2.37000000e+00   1.24859935e+00  -9.59196041e-02   0.00000000e+00
  2.37500000e+00   1.25168236e+00  -1.00350907e-01   0.00000000e+00
  2.38000000e+00   1.25490458e+00  -1.04781863e-01   0.00000000e+00
  2.38500000e+00   1.25826595e+00  -1.09208100e-01   0.00000000e+00
  2.39000000e+00   1.26176624e+00  -1.13625250e-01   0.00000000e+00
  2.39500000e+00   1.26540509e+00  -1.18028953e-01   0.00000000e+00
  2.40000000e+00   1.26918203e+00  -1.22414864e-01   0.00000000e+00
  2.40500000e+00   1.27309641e+00  -1.26778654e-01   0.00000000e+00
  2.41000000e+00   1.27714749e+00  -1.31116017e-01   0.00000000e+00
  2.41500000e+00   1.28133435e+00  -1.35422672e-01   0.00000000e+00
  2.42000000e+00   1.28565598e+00  -1.39694369e-01   0.00000000e+00
  2.42500000e+00   1.29011120e+00  -1.43926893e-01   0.00000000e+00
  2.43000000e+00   1.29469872e+00  -1.48116066e-01   0.00000000e+00
  2.43500000e+00   1.29941711e+00  -1.52257754e-01   0.00000000e+00
  2.44000000e+00   1.30426482e+00  -1.56347870e-01   0.00000000e+00
  2.44500000e+00   1.30924015e+00  -1.60382378e-01   0.00000000e+00
  2.45000000e+00   1.31434131e+00  -1.64357296e-01   0.00000000e+00
  2.45500000e+00   1.31956636e+00  -1.68268700e-01   0.00000000e+00
  2.46000000e+00   1.32491324e+00  -1.72112732e-01   0.00000000e+00
  2.46500000e+00   1.33037978e+00  -1.75885597e-01   0.00000000e+00
  2.47000000e+00   1.33596368e+00  -1.79583572e-01   0.00000000e+00
  2.47500000e+00   1.34166252e+00  -1.83203008e-01   0.00000000e+00
  2.48000000e+00   1.34747380e+00  -1.86740333e-01   0.00000000e+00
  2.48500000e+00   1.35339487e+00  -1.90192055e-01   0.00000000e+00
  2.49000000e+00   1.35942299e+00  -1.93554769e-01   0.00000000e+00
  2.49500000e+00   1.36555531e+00  -1.96825155e-01   0.00000000e+00
  2.50000000e+00   1.37178888e+00  -1.99999987e-01   0.00000000e+00
  2.50500000e+00   1.37812064e+00  -2.03076131e-01   0.00000000e+00
  2.51000000e+00   1.38454746e+00  -2.06050551e-01   0.00000000e+00
  2.51500000e+00   1.39106609e+00  -2.08920312e-01   0.00000000e+00
  2.52000000e+00   1.39767319e+00  -2.11682582e-01   0.00000000e+00
  2.52500000e+00   1.40436534e+00  -2.14334634e-01   0.00000000e+00
  2.53000000e+00   1.41113905e+00  -2.16873852e-01   0.00000000e+00
  2.53500000e+00   1.41799072e+00  -2.19297730e-01   0.00000000e+00
  2.54000000e+00   1.42491670e+00  -2.21603875e-01   0.00000000e+00
  2.54500000e+00   1.43191324e+00  -2.23790012e-01   0.00000000e+00
  2.55000000e+00   1.43897656e+00  -2.25853983e-01   0.00000000e+00
  2.55500000e+00   1.44610277e+00  -2.27793752e-01   0.00000000e+00
  2.56000000e+00   1.45328794e+00  -2.29607403e-01   0.00000000e+00
  2.56500000e+00   1.46052809e+00  -2.31293147e-01   0.00000000e+00
  2.57000000e+00   1.46781916e+00  -2.32849322e-01   0.00000000e+00
  2.57500000e+00   1.47515707e+00  -2.34274389e-01   0.00000000e+00
  2.58000000e+00   1.48253767e+00  -2.35566945e-01   0.00000000e+00
  2.58500000e+00   1.48995677e+00  -2.36725712e-01   0.00000000e+00
  2.59000000e+00   1.49741017e+00  -2.37749547e-01   0.00000000e+00
  2.59500000e+00   1.50489359e+00  -2.38637440e-01   0.00000000e+00
  2.60000000e+00   1.51240277e+00  -2.39388515e-01   0.00000000e+00
  2.60500000e+00   1.51993338e+00  -2.40002030e-01   0.00000000e+00
  2.61000000e+00   1.52748109e+00  -2.40477380e-01   0.00000000e+00
  2.61500000e+00   1.53504157e+00  -2.40814095e-01   0.00000000e+00
  2.62000000e+00   1.54261043e+00  -2.41011845e-01   0.00000000e+00
  2.62500000e+00   1.55018333e+00  -2.41070432e-01   0.00000000e+00
  2.63000000e+00   1.55775588e+00  -2.40989800e-01   0.00000000e+00
  2.63500000e+00   1.56532371e+00  -2.40770028e-01   0.00000000e+00
  2.64000000e+00   1.57288245e+00  -2.40411334e-01   0.00000000e+00
  2.64500000e+00   1.58042775e+00  -2.39914070e-01   0.00000000e+00
  2.65000000e+00   1.58795525e+00  -2.39278727e-01   0.00000000e+00
  2.65500000e+00   1.59546063e+00  -2.38505934e-01   0.00000000e+00
  2.66000000e+00   1.60293959e+00  -2.37596452e-01   0.00000000e+00
  2.66500000e+00   1.61038784e+00  -2.36551179e-01   0.00000000e+00
  2.67000000e+00   1.61780113e+00  -2.35371146e-01   0.00000000e+00
  2.67500000e+00   1.62517524e+00  -2.34057518e-01   0.00000000e+00
  2.68000000e+00   1.63250601e+00  -2.32611592e-01   0.00000000e+00
  2.68500000e+00   1.63978929e+00  -2.31034794e-01   0.00000000e+00
  2.69000000e+00   1.64702100e+00  -2.29328681e-01   0.00000000e+00
  2.69500000e+00   1.65419710e+00  -2.27494936e-01   0.00000000e+00
  2.70000000e+00   1.66131361e+00  -2.25535368e-01   0.00000000e+00
  2.70500000e+00   1.66836661e+00  -2.23451913e-01   0.00000000e+00
  2.71000000e+00   1.67535223e+00  -2.21246625e-01   0.00000000e+00
  2.71500000e+00   1.68226669e+00  -2.18921681e-01   0.00000000e+00
  2.72000000e+00   1.68910626e+00  -2.16479377e-01   0.00000000e+00
  2.72500000e+00   1.69586728e+00  -2.13922121e-01   0.00000000e+00
  2.73000000e+00   1.70254620e+00  -2.11252438e-01   0.00000000e+00
  2.73500000e+00   1.70913952e+00  -2.08472962e-01   0.00000000e+00
  2.74000000e+00   1.71564382e+00  -2.05586436e-01   0.00000000e+00
  2.74500000e+00   1.72205580e+00  -2.02595709e-01   0.00000000e+00
  2.75000000e+00   1.72837223e+00  -1.99503733e-01   0.00000000e+00
  2.75500000e+00   1.73458996e+00  -1.96313558e-01   0.00000000e+00
  2.76000000e+00   1.74070598e+00  -1.93028334e-01   0.00000000e+00
  2.76500000e+00   1.74671733e+00  -1.89651302e-01   0.00000000e+00
  2.77000000e+00   1.75262119e+00  -1.86185795e-01   0.00000000e+00
  2.77500000e+00   1.75841484e+00  -1.82635232e-01   0.00000000e+00
  2.78000000e+00   1.76409565e+00  -1.79003119e-01   0.00000000e+00
  2.78500000e+00   1.76966112e+00  -1.75293040e-01   0.00000000e+00
  2.79000000e+00   1.77510886e+00  -1.71508655e-01   0.00000000e+00
  2.79500000e+00   1.78043659e+00  -1.67653700e-01   0.00000000e+00
  2.80000000e+00   1.78564215e+00  -1.63731979e-01   0.00000000e+00
  2.80500000e+00   1.79072351e+00  -1.59747362e-01   0.00000000e+00
  2.81000000e+00   1.79567875e+00  -1.55703781e-01   0.00000000e+00
  2.81500000e+00   1.80050609e+00  -1.51605228e-01   0.00000000e+00
  2.82000000e+00   1.80520386e+00  -1.47455747e-01   0.00000000e+00
  2.82500000e+00   1.80977052e+00  -1.43259432e-01   0.00000000e+00
  2.83000000e+00   1.81420467e+00  -1.39020426e-01   0.00000000e+00
  2.83500000e+00   1.81850503e+00  -1.34742911e-01   0.00000000e+00
  2.84000000e+00   1.82267045e+00  -1.30431109e-01   0.00000000e+00
  2.84500000e+00   1.82669994e+00  -1.26089275e-01   0.00000000e+00
  2.85000000e+00   1.83059261e+00  -1.21721695e-01   0.00000000e+00
  2.85500000e+00   1.83434772e+00  -1.17332677e-01   0.00000000e+00
  2.86000000e+00   1.83796466e+00  -1.12926555e-01   0.00000000e+00
  2.86500000e+00   1.84144297e+00  -1.08507675e-01   0.00000000e+00
  2.87000000e+00   1.84478231e+00  -1.04080400e-01   0.00000000e+00
  2.87500000e+00   1.84798249e+00  -9.96490970e-02   0.00000000e+00
  2.88000000e+00   1.85104345e+00  -9.52181409e-02   0.00000000e+00
  2.88500000e+00   1.85396527e+00  -9.07919038e-02   0.00000000e+00
  2.89000000e+00   1.85674817e+00  -8.63747540e-02   0.00000000e+00
  2.89500000e+00   1.85939250e+00  -8.19710507e-02   0.00000000e+00
  2.90000000e+00   1.86189875e+00  -7.75851398e-02   0.00000000e+00
  2.90500000e+00   1.86426755e+00  -7.32213497e-02   0.00000000e+00
  2.91000000e+00   1.86649966e+00  -6.88839868e-02   0.00000000e+00
  2.91500000e+00   1.86859598e+00  -6.45773317e-02   0.00000000e+00
  2.92000000e+00   1.87055754e+00  -6.03056345e-02   0.00000000e+00
  2.92500000e+00   1.87238550e+00  -5.60731109e-02   0.00000000e+00
  2.93000000e+00   1.87408117e+00  -5.18839377e-02   0.00000000e+00
  2.93500000e+00   1.87564596e+00  -4.77422494e-02   0.00000000e+00
  2.94000000e+00   1.87708144e+00  -4.36521331e-02   0.00000000e+00
  2.94500000e+00   1.87838929e+00  -3.96176253e-02   0.00000000e+00
  2.95000000e+00   1.87957132e+00  -3.56427077e-02   0.00000000e+00
  2.95500000e+00   1.88062945e+00  -3.17313029e-02   0.00000000e+00
  2.96000000e+00   1.88156576e+00  -2.78872711e-02   0.00000000e+00
  2.96500000e+00   1.88238241e+00  -2.41144059e-02   0.00000000e+00
  2.97000000e+00   1.88308169e+00  -2.04164306e-02   0.00000000e+00
  2.97500000e+00   1.88366603e+00  -1.67969946e-02   0.00000000e+00
  2.98000000e+00   1.88413794e+00  -1.32596700e-02   0.00000000e+00
  2.98500000e+00   1.88450006e+00  -9.80794757e-03   0.00000000e+00
  2.99000000e+00   1.88475512e+00  -6.44523384e-03   0.00000000e+00
  2.99500000e+00   1.88490599e+00  -3.17484736e-03   0.00000000e+00
  3.00000000e+00   1.88495561e+00  -1.56202125e-08   0.00000000e+00
  3.00500000e+00   1.88490703e+00   3.07612821e-03   0.00000000e+00
  3.01000000e+00   1.88476339e+00   6.05054835e-03   0.00000000e+00
  3.01500000e+00   1.88452795e+00   8.92030941e-03   0.00000000e+00
  3.02000000e+00   1.88420404e+00   1.16825793e-02   0.00000000e+00
  3.02500000e+00   1.88379507e+00   1.43346319e-02   0.00000000e+00
  3.03000000e+00   1.88330455e+00   1.68738501e-02   0.00000000e+00
  3.03500000e+00   1.88273606e+00   1.92977279e-02   0.00000000e+00
  3.04000000e+00   1.88209327e+00   2.16038732e-02   0.00000000e+00
  3.04500000e+00   1.88137991e+00   2.37900102e-02   0.00000000e+00
  3.05000000e+00   1.88059978e+00   2.58539814e-02   0.00000000e+00
  3.05500000e+00   1.87975676e+00   2.77937499e-02   0.00000000e+00
  3.06000000e+00   1.87885477e+00   2.96074014e-02   0.00000000e+00
  3.06500000e+00   1.87789781e+00   3.12931461e-02   0.00000000e+00
  3.07000000e+00   1.87688992e+00   3.28493203e-02   0.00000000e+00
  3.07500000e+00   1.87583520e+00   3.42743882e-02   0.00000000e+00
  3.08000000e+00   1.87473778e+00   3.55669435e-02   0.00000000e+00
  3.08500000e+00   1.87360186e+00   3.67257107e-02   0.00000000e+00
  3.09000000e+00   1.87243165e+00   3.77495460e-02   0.00000000e+00
  3.09500000e+00   1.87123141e+00   3.86374392e-02   0.00000000e+00
  3.10000000e+00   1.87000542e+00   3.93885140e-02   0.00000000e+00
  3.10500000e+00   1.86875800e+00   4.00020292e-02   0.00000000e+00
  3.11000000e+00   1.86749347e+00   4.04773792e-02   0.00000000e+00
  3.11500000e+00   1.86621618e+00   4.08140951e-02   0.00000000e+00
  3.12000000e+00   1.86493050e+00   4.10118444e-02   0.00000000e+00
  3.12500000e+00   1.86364079e+00   4.10704321e-02   0.00000000e+00
  3.13000000e+00   1.86235142e+00   4.09898002e-02   0.00000000e+00
  3.13500000e+00   1.86106678e+00   4.07700285e-02   0.00000000e+00
  3.14000000e+00   1.85979122e+00   4.04113338e-02   0.00000000e+00
  3.14500000e+00   1.85852911e+00   3.99140700e-02   0.00000000e+00
  3.15000000e+00   1.85728479e+00   3.92787279e-02   0.00000000e+00
  3.15500000e+00   1.85606260e+00   3.85059346e-02   0.00000000e+00
  3.16000000e+00   1.85486683e+00   3.75964526e-02   0.00000000e+00
  3.16500000e+00   1.85370176e+00   3.65511795e-02   0.00000000e+00
  3.17000000e+00   1.85257166e+00   3.53711469e-02   0.00000000e+00
  3.17500000e+00   1.85148073e+00   3.40575193e-02   0.00000000e+00
  3.18000000e+00   1.85043315e+00   3.26115932e-02   0.00000000e+00
  3.18500000e+00   1.84943305e+00   3.10347954e-02   0.00000000e+00
  3.19000000e+00   1.84848453e+00   2.93286821e-02   0.00000000e+00
  3.19500000e+00   1.84759161e+00   2.74949370e-02   0.00000000e+00
  3.20000000e+00   1.84675829e+00   2.55353698e-02   0.00000000e+00
  3.20500000e+00   1.84598848e+00   2.34519143e-02   0.00000000e+00
  3.21000000e+00   1.84528604e+00   2.12466267e-02   0.00000000e+00
  3.21500000e+00   1.84465476e+00   1.89216833e-02   0.00000000e+00
  3.22000000e+00   1.84409838e+00   1.64793786e-02   0.00000000e+00
  3.22500000e+00   1.84362054e+00   1.39221228e-02   0.00000000e+00
  3.23000000e+00   1.84322481e+00   1.12524396e-02   0.00000000e+00
  3.23500000e+00   1.84291468e+00   8.47296373e-03   0.00000000e+00
  3.24000000e+00   1.84269356e+00   5.58643811e-03   0.00000000e+00
  3.24500000e+00   1.84256476e+00   2.59571143e-03   0.00000000e+00
  3.25000000e+00   1.84253152e+00  -4.96264841e-04   0.00000000e+00
  3.25500000e+00   1.84259697e+00  -3.68643928e-03   0.00000000e+00
  3.26000000e+00   1.84276414e+00  -6.97166357e-03   0.00000000e+00
  3.26500000e+00   1.84303598e+00  -1.03486956e-02   0.00000000e+00
  3.27000000e+00   1.84341530e+00  -1.38142026e-02   0.00000000e+00
  3.27500000e+00   1.84390484e+00  -1.73647647e-02   0.00000000e+00
  3.28000000e+00   1.84450721e+00  -2.09968777e-02   0.00000000e+00
  3.28500000e+00   1.84522493e+00  -2.47069572e-02   0.00000000e+00
  3.29000000e+00   1.84606037e+00  -2.84913419e-02   0.00000000e+00
  3.29500000e+00   1.84701583e+00  -3.23462970e-02   0.00000000e+00
  3.30000000e+00   1.84809345e+00  -3.62680182e-02   0.00000000e+00
  3.30500000e+00   1.84929528e+00  -4.02526351e-02   0.00000000e+00
  3.31000000e+00   1.85062322e+00  -4.42962154e-02   0.00000000e+00
  3.31500000e+00   1.85207906e+00  -4.83947687e-02   0.00000000e+00
  3.32000000e+00   1.85366448e+00  -5.25442501e-02   0.00000000e+00
  3.32500000e+00   1.85538101e+00  -5.67405646e-02   0.00000000e+00
  3.33000000e+00   1.85723005e+00  -6.09795709e-02   0.00000000e+00
  3.33500000e+00   1.85921287e+00  -6.52570857e-02   0.00000000e+00
  3.34000000e+00   1.86133063e+00  -6.95688875e-02   0.00000000e+00
  3.34500000e+00   1.86358433e+00  -7.39107212e-02   0.00000000e+00
  3.35000000e+00   1.86597485e+00  -7.82783018e-02   0.00000000e+00
  3.35500000e+00   1.86850292e+00  -8.26673192e-02   0.00000000e+00
  3.36000000e+00   1.87116917e+00  -8.70734418e-02   0.00000000e+00
  3.36500000e+00   1.87397404e+00  -9.14923213e-02   0.00000000e+00
  3.37000000e+00   1.87691789e+00  -9.59195969e-02   0.00000000e+00
  3.37500000e+00   1.88000089e+00  -1.00350899e-01   0.00000000e+00
  3.38000000e+00   1.88322311e+00  -1.04781856e-01   0.00000000e+00
  3.38500000e+00   1.88658448e+00  -1.09208093e-01   0.00000000e+00
  3.39000000e+00   1.89008477e+00  -1.13625242e-01   0.00000000e+00
  3.39500000e+00   1.89372362e+00  -1.18028946e-01   0.00000000e+00
  3.40000000e+00   1.89750056e+00  -1.22414857e-01   0.00000000e+00
  3.40500000e+00   1.90141494e+00  -1.26778647e-01   0.00000000e+00
  3.41000000e+00   1.90546602e+00  -1.31116010e-01   0.00000000e+00
  3.41500000e+00   1.90965288e+00  -1.35422665e-01   0.00000000e+00
  3.42000000e+00   1.91397451e+00  -1.39694362e-01   0.00000000e+00
  3.42500000e+00   1.91842973e+00  -1.43926886e-01   0.00000000e+00
  3.43000000e+00   1.92301725e+00  -1.48116059e-01   0.00000000e+00
  3.43500000e+00   1.92773564e+00  -1.52257747e-01   0.00000000e+00
  3.44000000e+00   1.93258334e+00  -1.56347864e-01   0.00000000e+00
  3.44500000e+00   1.93755868e+00  -1.60382371e-01   0.00000000e+00
  3.45000000e+00   1.94265984e+00  -1.64357289e-01   0.00000000e+00
  3.45500000e+00   1.94788489e+00  -1.68268694e-01   0.00000000e+00
  3.46000000e+00   1.95323177e+00  -1.72112726e-01   0.00000000e+00
  3.46500000e+00   1.95869831e+00  -1.75885591e-01   0.00000000e+00
  3.47000000e+00   1.96428220e+00  -1.79583566e-01   0.00000000e+00
  3.47500000e+00   1.96998105e+00  -1.83203002e-01   0.00000000e+00
  3.48000000e+00   1.97579233e+00  -1.86740327e-01   0.00000000e+00
  3.48500000e+00   1.98171340e+00  -1.90192050e-01   0.00000000e+00
  3.49000000e+00   1.98774151e+00  -1.93554763e-01   0.00000000e+00
  3.49500000e+00   1.99387383e+00  -1.96825150e-01   0.00000000e+00
  3.50000000e+00   2.00010740e+00  -1.99999982e-01   0.00000000e+00
  3.50500000e+00   2.00643917e+00  -2.03076126e-01   0.00000000e+00
  3.51000000e+00   2.01286599e+00  -2.06050546e-01   0.00000000e+00
  3.51500000e+00   2.01938461e+00  -2.08920307e-01   0.00000000e+00
  3.52000000e+00   2.02599171e+00  -2.11682577e-01   0.00000000e+00
  3.52500000e+00   2.03268386e+00  -2.14334630e-01   0.00000000e+00
  3.53000000e+00   2.03945757e+00  -2.16873848e-01   0.00000000e+00
  3.53500000e+00   2.04630924e+00  -2.19297726e-01   0.00000000e+00
  3.54000000e+00   2.05323522e+00  -2.21603871e-01   0.00000000e+00
  3.54500000e+00   2.06023177e+00  -2.23790008e-01   0.00000000e+00
  3.55000000e+00   2.06729508e+00  -2.25853980e-01   0.00000000e+00
  3.55500000e+00   2.07442129e+00  -2.27793748e-01   0.00000000e+00
  3.56000000e+00   2.08160646e+00  -2.29607400e-01   0.00000000e+00
  3.56500000e+00   2.08884661e+00  -2.31293145e-01   0.00000000e+00
  3.57000000e+00   2.09613768e+00  -2.32849319e-01   0.00000000e+00
  3.57500000e+00   2.10347559e+00  -2.34274387e-01   0.00000000e+00
  3.58000000e+00   2.11085619e+00  -2.35566942e-01   0.00000000e+00
  3.58500000e+00   2.11827530e+00  -2.36725710e-01   0.00000000e+00
  3.59000000e+00   2.12572869e+00  -2.37749545e-01   0.00000000e+00
  3.59500000e+00   2.13321212e+00  -2.38637438e-01   0.00000000e+00
  3.60000000e+00   2.14072129e+00  -2.39388513e-01   0.00000000e+00
  3.60500000e+00   2.14825190e+00  -2.40002029e-01   0.00000000e+00
  3.61000000e+00   2.15579962e+00  -2.40477379e-01   0.00000000e+00
  3.61500000e+00   2.16336009e+00  -2.40814095e-01   0.00000000e+00
  3.62000000e+00   2.17092896e+00  -2.41011844e-01   0.00000000e+00
  3.62500000e+00   2.17850185e+00  -2.41070432e-01   0.00000000e+00
  3.63000000e+00   2.18607440e+00  -2.40989800e-01   0.00000000e+00
  3.63500000e+00   2.19364223e+00  -2.40770029e-01   0.00000000e+00
  3.64000000e+00   2.20120097e+00  -2.40411334e-01   0.00000000e+00
  3.64500000e+00   2.20874627e+00  -2.39914070e-01   0.00000000e+00
  3.65000000e+00   2.21627377e+00  -2.39278728e-01   0.00000000e+00
  3.65500000e+00   2.22377916e+00  -2.38505935e-01   0.00000000e+00
  3.66000000e+00   2.23125811e+00  -2.37596453e-01   0.00000000e+00
  3.66500000e+00   2.23870636e+00  -2.36551180e-01   0.00000000e+00
  3.67000000e+00   2.24611965e+00  -2.35371148e-01   0.00000000e+00
  3.67500000e+00   2.25349377e+00  -2.34057520e-01   0.00000000e+00
  3.68000000e+00   2.26082453e+00  -2.32611594e-01   0.00000000e+00
  3.68500000e+00   2.26810781e+00  -2.31034797e-01   0.00000000e+00
  3.69000000e+00   2.27533952e+00  -2.29328683e-01   0.00000000e+00
  3.69500000e+00   2.28251562e+00  -2.27494938e-01   0.00000000e+00
  3.70000000e+00   2.28963213e+00  -2.25535371e-01   0.00000000e+00
  3.70500000e+00   2.29668513e+00  -2.23451916e-01   0.00000000e+00
  3.71000000e+00   2.30367075e+00  -2.21246628e-01   0.00000000e+00
  3.71500000e+00   2.31058521e+00  -2.18921685e-01   0.00000000e+00
  3.72000000e+00   2.31742478e+00  -2.16479381e-01   0.00000000e+00
  3.72500000e+00   2.32418581e+00  -2.13922125e-01   0.00000000e+00
  3.73000000e+00   2.33086473e+00  -2.11252442e-01   0.00000000e+00
  3.73500000e+00   2.33745804e+00  -2.08472966e-01   0.00000000e+00
  3.74000000e+00   2.34396235e+00  -2.05586440e-01   0.00000000e+00
  3.74500000e+00   2.35037433e+00  -2.02595714e-01   0.00000000e+00
  3.75000000e+00   2.35669075e+00  -1.99503738e-01   0.00000000e+00
  3.75500000e+00   2.36290849e+00  -1.96313563e-01   0.00000000e+00
  3.76000000e+00   2.36902450e+00  -1.93028339e-01   0.00000000e+00
  3.76500000e+00   2.37503586e+00  -1.89651307e-01   0.00000000e+00
  3.77000000e+00   2.38093972e+00  -1.86185800e-01   0.00000000e+00
  3.77500000e+00   2.38673336e+00  -1.82635238e-01   0.00000000e+00
  3.78000000e+00   2.39241417e+00  -1.79003125e-01   0.00000000e+00
  3.78500000e+00   2.39797964e+00  -1.75293046e-01   0.00000000e+00
  3.79000000e+00   2.40342738e+00  -1.71508661e-01   0.00000000e+00
  3.79500000e+00   2.40875511e+00  -1.67653706e-01   0.00000000e+00
  3.80000000e+00   2.41396068e+00  -1.63731985e-01   0.00000000e+00
  3.80500000e+00   2.41904204e+00  -1.59747368e-01   0.00000000e+00
  3.81000000e+00   2.42399728e+00  -1.55703788e-01   0.00000000e+00
  3.81500000e+00   2.42882462e+00  -1.51605235e-01   0.00000000e+00
  3.82000000e+00   2.43352239e+00  -1.47455753e-01   0.00000000e+00
  3.82500000e+00   2.43808905e+00  -1.43259439e-01   0.00000000e+00
  3.83000000e+00   2.44252320e+00  -1.39020433e-01   0.00000000e+00
  3.83500000e+00   2.44682356e+00  -1.34742918e-01   0.00000000e+00
  3.84000000e+00   2.45098898e+00  -1.30431116e-01   0.00000000e+00
  3.84500000e+00   2.45501847e+00  -1.26089282e-01   0.00000000e+00
  3.85000000e+00   2.45891114e+00  -1.21721702e-01   0.00000000e+00
  3.85500000e+00   2.46266625e+00  -1.17332684e-01   0.00000000e+00
  3.86000000e+00   2.46628319e+00  -1.12926562e-01   0.00000000e+00
  3.86500000e+00   2.46976150e+00  -1.08507682e-01   0.00000000e+00
  3.87000000e+00   2.47310084e+00  -1.04080407e-01   0.00000000e+00
  3.87500000e+00   2.47630102e+00  -9.96491042e-02   0.00000000e+00
  3.88000000e+00   2.47936198e+00  -9.52181481e-02   0.00000000e+00
  3.88500000e+00   2.48228380e+00  -9.07919110e-02   0.00000000e+00
  3.89000000e+00   2.48506670e+00  -8.63747612e-02   0.00000000e+00
  3.89500000e+00   2.48771103e+00  -8.19710579e-02   0.00000000e+00
  3.90000000e+00   2.49021728e+00  -7.75851470e-02   0.00000000e+00
  3.90500000e+00   2.49258608e+00  -7.32213568e-02   0.00000000e+00
  3.91000000e+00   2.49481819e+00  -6.88839939e-02   0.00000000e+00
  3.91500000e+00   2.49691451e+00  -6.45773387e-02   0.00000000e+00
  3.92000000e+00   2.49887607e+00  -6.03056415e-02   0.00000000e+00
  3.92500000e+00   2.50070403e+00  -5.60731178e-02   0.00000000e+00
  3.93000000e+00   2.50239970e+00  -5.18839446e-02   0.00000000e+00
  3.93500000e+00   2.50396450e+00  -4.77422561e-02   0.00000000e+00
  3.94000000e+00   2.50539998e+00  -4.36521397e-02   0.00000000e+00
  3.94500000e+00   2.50670782e+00  -3.96176319e-02   0.00000000e+00
  3.95000000e+00   2.50788985e+00  -3.56427142e-02   0.00000000e+00
  3.95500000e+00   2.50894799e+00  -3.17313093e-02   0.00000000e+00
  3.96000000e+00   2.50988429e+00  -2.78872774e-02   0.00000000e+00
  3.96500000e+00   2.51070094e+00  -2.41144120e-02   0.00000000e+00
  3.97000000e+00   2.51140023e+00  -2.04164366e-02   0.00000000e+00
  3.97500000e+00   2.51198457e+00  -1.67970005e-02   0.00000000e+00
  3.98000000e+00   2.51245648e+00  -1.32596758e-02   0.00000000e+00
  3.98500000e+00   2.51281859e+00  -9.80795322e-03   0.00000000e+00
  3.99000000e+00   2.51307366e+00  -6.44523935e-03   0.00000000e+00
  3.99500000e+00   2.51322453e+00  -3.17485272e-03   0.00000000e+00
  4.00000000e+00   2.51327414e+00  -2.08269504e-08   0.00000000e+00
  4.00500000e+00   2.51322556e+00   3.07612316e-03   0.00000000e+00
  4.01000000e+00   2.51308193e+00   6.05054347e-03   0.00000000e+00
  4.01500000e+00   2.51284649e+00   8.92030469e-03   0.00000000e+00
  4.02000000e+00   2.51252258e+00   1.16825747e-02   0.00000000e+00
  4.02500000e+00   2.51211361e+00   1.43346275e-02   0.00000000e+00
  4.03000000e+00   2.51162309e+00   1.68738459e-02   0.00000000e+00
  4.03500000e+00   2.51105460e+00   1.92977239e-02   0.00000000e+00
  4.04000000e+00   2.51041181e+00   2.16038694e-02   0.00000000e+00
  4.04500000e+00   2.50969845e+00   2.37900066e-02   0.00000000e+00
  4.05000000e+00   2.50891832e+00   2.58539780e-02   0.00000000e+00
  4.05500000e+00   2.50807529e+00   2.77937467e-02   0.00000000e+00
  4.06000000e+00   2.50717331e+00   2.96073984e-02   0.00000000e+00
  4.06500000e+00   2.50621634e+00   3.12931433e-02   0.00000000e+00
  4.07000000e+00   2.50520846e+00   3.28493177e-02   0.00000000e+00
  4.07500000e+00   2.50415373e+00   3.42743858e-02   0.00000000e+00
  4.08000000e+00   2.50305632e+00   3.55669414e-02   0.00000000e+00
  4.08500000e+00   2.50192040e+00   3.67257087e-02   0.00000000e+00
  4.09000000e+00   2.50075019e+00   3.77495443e-02   0.00000000e+00
  4.09500000e+00   2.49954995e+00   3.86374377e-02   0.00000000e+00
  4.10000000e+00   2.49832396e+00   3.93885127e-02   0.00000000e+00
  4.10500000e+00   2.49707654e+00   4.00020281e-02   0.00000000e+00
  4.11000000e+00   2.49581201e+00   4.04773784e-02   0.00000000e+00
  4.11500000e+00   2.49453472e+00   4.08140944e-02   0.00000000e+00
  4.12000000e+00   2.49324904e+00   4.10118440e-02   0.00000000e+00
  4.12500000e+00   2.49195933e+00   4.10704319e-02   0.00000000e+00
  4.13000000e+00   2.49066996e+00   4.09898003e-02   0.00000000e+00
  4.13500000e+00   2.48938532e+00   4.07700288e-02   0.00000000e+00
  4.14000000e+00   2.48810976e+00   4.04113343e-02   0.00000000e+00
  4.14500000e+00   2.48684765e+00   3.99140707e-02   0.00000000e+00
  4.15000000e+00   2.48560333e+00   3.92787289e-02   0.00000000e+00
  4.15500000e+00   2.48438113e+00   3.85059358e-02   0.00000000e+00
  4.16000000e+00   2.48318536e+00   3.75964540e-02   0.00000000e+00
  4.16500000e+00   2.48202030e+00   3.65511811e-02   0.00000000e+00
  4.17000000e+00   2.48089020e+00   3.53711488e-02   0.00000000e+00
  4.17500000e+00   2.47979927e+00   3.40575214e-02   0.00000000e+00
  4.18000000e+00   2.47875169e+00   3.26115955e-02   0.00000000e+00
  4.18500000e+00   2.47775159e+00   3.10347979e-02   0.00000000e+00
  4.19000000e+00   2.47680307e+00   2.93286848e-02   0.00000000e+00
  4.19500000e+00   2.47591015e+00   2.74949399e-02   0.00000000e+00
  4.20000000e+00   2.47507683e+00   2.55353729e-02   0.00000000e+00
  4.20500000e+00   2.47430701e+00   2.34519176e-02   0.00000000e+00
  4.21000000e+00   2.47360457e+00   2.12466302e-02   0.00000000e+00
  4.21500000e+00   2.47297330e+00   1.89216870e-02   0.00000000e+00
  4.22000000e+00   2.47241692e+00   1.64793825e-02   0.00000000e+00
  4.22500000e+00   2.47193908e+00   1.39221269e-02   0.00000000e+00
  4.23000000e+00   2.47154334e+00   1.12524439e-02   0.00000000e+00
  4.23500000e+00   2.47123321e+00   8.47296819e-03   0.00000000e+00
  4.24000000e+00   2.47101209e+00   5.58644274e-03   0.00000000e+00
  4.24500000e+00   2.47088330e+00   2.59571622e-03   0.00000000e+00
  4.25000000e+00   2.47085006e+00  -4.96259875e-04   0.00000000e+00
  4.25500000e+00   2.47091551e+00  -3.68643415e-03   0.00000000e+00
  4.26000000e+00   2.47108268e+00  -6.97165829e-03   0.00000000e+00
  4.26500000e+00   2.47135451e+00  -1.03486902e-02   0.00000000e+00
  4.27000000e+00   2.47173383e+00  -1.38141971e-02   0.00000000e+00
  4.27500000e+00   2.47222337e+00  -1.73647589e-02   0.00000000e+00
  4.28000000e+00   2.47282575e+00  -2.09968718e-02   0.00000000e+00
  4.28500000e+00   2.47354346e+00  -2.47069512e-02   0.00000000e+00
  4.29000000e+00   2.47437891e+00  -2.84913358e-02   0.00000000e+00
  4.29500000e+00   2.47533436e+00  -3.23462908e-02   0.00000000e+00
  4.30000000e+00   2.47641199e+00  -3.62680118e-02   0.00000000e+00
  4.30500000e+00   2.47761381e+00  -4.02526287e-02   0.00000000e+00
  4.31000000e+00   2.47894175e+00  -4.42962089e-02   0.00000000e+00
  4.31500000e+00   2.48039760e+00  -4.83947621e-02   0.00000000e+00
  4.32000000e+00   2.48198302e+00  -5.25442434e-02   0.00000000e+00
  4.32500000e+00   2.48369954e+00  -5.67405578e-02   0.00000000e+00
  4.33000000e+00   2.48554858e+00  -6.09795640e-02   0.00000000e+00
  4.33500000e+00   2.48753140e+00  -6.52570788e-02   0.00000000e+00
  4.34000000e+00   2.48964916e+00  -6.95688805e-02   0.00000000e+00
  4.34500000e+00   2.49190286e+00  -7.39107142e-02   0.00000000e+00
  4.35000000e+00   2.49429338e+00  -7.82782947e-02   0.00000000e+00
  4.35500000e+00   2.49682145e+00  -8.26673120e-02   0.00000000e+00
  4.36000000e+00   2.49948770e+00  -8.70734346e-02   0.00000000e+00
  4.36500000e+00   2.50229257e+00  -9.14923141e-02   0.00000000e+00
  4.37000000e+00   2.50523642e+00  -9.59195897e-02   0.00000000e+00
  4.37500000e+00   2.50831942e+00  -1.00350892e-01   0.00000000e+00
  4.38000000e+00   2.51154165e+00  -1.04781848e-01   0.00000000e+00
  4.38500000e+00   2.51490301e+00  -1.09208085e-01   0.00000000e+00
  4.39000000e+00   2.51840330e+00  -1.13625235e-01   0.00000000e+00
  4.39500000e+00   2.52204215e+00  -1.18028939e-01   0.00000000e+00
  4.40000000e+00   2.52581909e+00  -1.22414849e-01   0.00000000e+00
  4.40500000e+00   2.52973347e+00  -1.26778640e-01   0.00000000e+00
  4.41000000e+00   2.53378455e+00  -1.31116003e-01   0.00000000e+00
  4.41500000e+00   2.53797141e+00  -1.35422658e-01   0.00000000e+00
  4.42000000e+00   2.54229304e+00  -1.39694355e-01   0.00000000e+00
  4.42500000e+00   2.54674826e+00  -1.43926879e-01   0.00000000e+00
  4.43000000e+00   2.55133578e+00  -1.48116052e-01   0.00000000e+00
  4.43500000e+00   2.55605417e+00  -1.52257741e-01   0.00000000e+00
  4.44000000e+00   2.56090187e+00  -1.56347857e-01   0.00000000e+00
  4.44500000e+00   2.56587721e+00  -1.60382365e-01   0.00000000e+00
  4.45000000e+00   2.57097837e+00  -1.64357283e-01   0.00000000e+00
  4.45500000e+00   2.57620342e+00  -1.68268687e-01   0.00000000e+00
  4.46000000e+00   2.58155030e+00  -1.72112719e-01   0.00000000e+00
  4.46500000e+00   2.58701683e+00  -1.75885585e-01   0.00000000e+00
  4.47000000e+00   2.59260073e+00  -1.79583560e-01   0.00000000e+00
  4.47500000e+00   2.59829958e+00  -1.83202997e-01   0.00000000e+00
  4.48000000e+00   2.60411085e+00  -1.86740321e-01   0.00000000e+00
  4.48500000e+00   2.61003192e+00  -1.90192044e-01   0.00000000e+00
  4.49000000e+00   2.61606004e+00  -1.93554758e-01   0.00000000e+00
  4.49500000e+00   2.62219236e+00  -1.96825145e-01   0.00000000e+00
  4.50000000e+00   2.62842593e+00  -1.99999977e-01   0.00000000e+00
  4.50500000e+00   2.63475769e+00  -2.03076121e-01   0.00000000e+00
  4.51000000e+00   2.64118451e+00  -2.06050541e-01   0.00000000e+00
  4.51500000e+00   2.64770314e+00  -2.08920302e-01   0.00000000e+00
  4.52000000e+00   2.65431024e+00  -2.11682572e-01   0.00000000e+00
  4.52500000e+00   2.66100239e+00  -2.14334625e-01   0.00000000e+00
  4.53000000e+00   2.66777610e+00  -2.16873844e-01   0.00000000e+00
  4.53500000e+00   2.67462777e+00  -2.19297722e-01   0.00000000e+00
  4.54000000e+00   2.68155374e+00  -2.21603867e-01   0.00000000e+00
  4.54500000e+00   2.68855029e+00  -2.23790005e-01   0.00000000e+00
  4.55000000e+00   2.69561361e+00  -2.25853976e-01   0.00000000e+00
  4.55500000e+00   2.70273982e+00  -2.27793745e-01   0.00000000e+00
  4.56000000e+00   2.70992499e+00  -2.29607397e-01   0.00000000e+00
  4.56500000e+00   2.71716513e+00  -2.31293142e-01   0.00000000e+00
  4.57000000e+00   2.72445621e+00  -2.32849316e-01   0.00000000e+00
  4.57500000e+00   2.73179412e+00  -2.34274385e-01   0.00000000e+00
  4.58000000e+00   2.73917471e+00  -2.35566940e-01   0.00000000e+00
  4.58500000e+00   2.74659382e+00  -2.36725708e-01   0.00000000e+00
  4.59000000e+00   2.75404722e+00  -2.37749543e-01   0.00000000e+00
  4.59500000e+00   2.76153064e+00  -2.38637437e-01   0.00000000e+00
  4.60000000e+00   2.76903982e+00  -2.39388512e-01   0.00000000e+00
  4.60500000e+00   2.77657043e+00  -2.40002028e-01   0.00000000e+00
  4.61000000e+00   2.78411814e+00  -2.40477378e-01   0.00000000e+00
  4.61500000e+00   2.79167861e+00  -2.40814094e-01   0.00000000e+00
  4.62000000e+00   2.79924748e+00  -2.41011844e-01   0.00000000e+00
  4.62500000e+00   2.80682038e+00  -2.41070432e-01   0.00000000e+00
  4.63000000e+00   2.81439292e+00  -2.40989800e-01   0.00000000e+00
  4.63500000e+00   2.82196075e+00  -2.40770029e-01   0.00000000e+00
  4.64000000e+00   2.82951950e+00  -2.40411335e-01   0.00000000e+00
  4.64500000e+00   2.83706479e+00  -2.39914071e-01   0.00000000e+00
  4.65000000e+00   2.84459230e+00  -2.39278729e-01   0.00000000e+00
  4.65500000e+00   2.85209768e+00  -2.38505936e-01   0.00000000e+00
  4.66000000e+00   2.85957663e+00  -2.37596455e-01   0.00000000e+00
  4.66500000e+00   2.86702488e+00  -2.36551182e-01   0.00000000e+00
  4.67000000e+00   2.87443817e+00  -2.35371150e-01   0.00000000e+00
  4.67500000e+00   2.88181229e+00  -2.34057522e-01   0.00000000e+00
  4.68000000e+00   2.88914306e+00  -2.32611597e-01   0.00000000e+00
  4.68500000e+00   2.89642634e+00  -2.31034799e-01   0.00000000e+00
  4.69000000e+00   2.90365805e+00  -2.29328686e-01   0.00000000e+00
  4.69500000e+00   2.91083415e+00  -2.27494941e-01   0.00000000e+00
  4.70000000e+00   2.91795066e+00  -2.25535374e-01   0.00000000e+00
  4.70500000e+00   2.92500365e+00  -2.23451919e-01   0.00000000e+00
  4.71000000e+00   2.93198928e+00  -2.21246632e-01   0.00000000e+00
  4.71500000e+00   2.93890374e+00  -2.18921689e-01   0.00000000e+00
  4.72000000e+00   2.94574330e+00  -2.16479384e-01   0.00000000e+00
  4.72500000e+00   2.95250433e+00  -2.13922129e-01   0.00000000e+00
  4.73000000e+00   2.95918325e+00  -2.11252446e-01   0.00000000e+00
  4.73500000e+00   2.96577657e+00  -2.08472970e-01   0.00000000e+00
  4.74000000e+00   2.97228087e+00  -2.05586445e-01   0.00000000e+00
  4.74500000e+00   2.97869285e+00  -2.02595719e-01   0.00000000e+00
  4.75000000e+00   2.98500928e+00  -1.99503743e-01   0.00000000e+00
  4.75500000e+00   2.99122701e+00  -1.96313568e-01   0.00000000e+00
  4.76000000e+00   2.99734303e+00  -1.93028344e-01   0.00000000e+00
  4.76500000e+00   3.00335438e+00  -1.89651313e-01   0.00000000e+00
  4.77000000e+00   3.00925824e+00  -1.86185806e-01   0.00000000e+00
  4.77500000e+00   3.01505189e+00  -1.82635244e-01   0.00000000e+00
  4.78000000e+00   3.02073270e+00  -1.79003131e-01   0.00000000e+00
  4.78500000e+00   3.02629817e+00  -1.75293052e-01   0.00000000e+00
  4.79000000e+00   3.03174591e+00  -1.71508667e-01   0.00000000e+00
  4.79500000e+00   3.03707364e+00  -1.67653712e-01   0.00000000e+00
  4.80000000e+00   3.04227920e+00  -1.63731991e-01   0.00000000e+00
  4.80500000e+00   3.04736057e+00  -1.59747375e-01   0.00000000e+00
  4.81000000e+00   3.05231581e+00  -1.55703794e-01   0.00000000e+00
  4.81500000e+00   3.05714315e+00  -1.51605241e-01   0.00000000e+00
  4.82000000e+00   3.06184091e+00  -1.47455760e-01   0.00000000e+00
  4.82500000e+00   3.06640758e+00  -1.43259446e-01   0.00000000e+00
  4.83000000e+00   3.07084172e+00  -1.39020439e-01   0.00000000e+00
  4.83500000e+00   3.07514208e+00  -1.34742925e-01   0.00000000e+00
  4.84000000e+00   3.07930751e+00  -1.30431123e-01   0.00000000e+00
  4.84500000e+00   3.08333700e+00  -1.26089289e-01   0.00000000e+00
  4.85000000e+00   3.08722967e+00  -1.21721709e-01   0.00000000e+00
  4.85500000e+00   3.09098477e+00  -1.17332692e-01   0.00000000e+00
  4.86000000e+00   3.09460172e+00  -1.12926569e-01   0.00000000e+00
  4.86500000e+00   3.09808003e+00  -1.08507689e-01   0.00000000e+00
  4.87000000e+00   3.10141937e+00  -1.04080414e-01   0.00000000e+00
  4.87500000e+00   3.10461955e+00  -9.96491114e-02   0.00000000e+00
  4.88000000e+00   3.10768051e+00  -9.52181553e-02   0.00000000e+00
  4.88500000e+00   3.11060233e+00  -9.07919182e-02   0.00000000e+00
  4.89000000e+00   3.11338523e+00  -8.63747684e-02   0.00000000e+00
  4.89500000e+00   3.11602956e+00  -8.19710651e-02   0.00000000e+00
  4.90000000e+00   3.11853581e+00  -7.75851541e-02   0.00000000e+00
  4.90500000e+00   3.12090461e+00  -7.32213639e-02   0.00000000e+00
  4.91000000e+00   3.12313672e+00  -6.88840010e-02   0.00000000e+00
  4.91500000e+00   3.12523304e+00  -6.45773458e-02   0.00000000e+00
  4.92000000e+00   3.12719460e+00  -6.03056484e-02   0.00000000e+00
  4.92500000e+00   3.12902257e+00  -5.60731247e-02   0.00000000e+00
  4.93000000e+00   3.13071823e+00  -5.18839514e-02   0.00000000e+00
  4.93500000e+00   3.13228303e+00  -4.77422629e-02   0.00000000e+00
  4.94000000e+00   3.13371851e+00  -4.36521464e-02   0.00000000e+00
  4.94500000e+00   3.13502636e+00  -3.96176385e-02   0.00000000e+00
  4.95000000e+00   3.13620838e+00  -3.56427207e-02   0.00000000e+00
  4.95500000e+00   3.13726652e+00  -3.17313157e-02   0.00000000e+00
  4.96000000e+00   3.13820283e+00  -2.78872837e-02   0.00000000e+00
  4.96500000e+00   3.13901948e+00  -2.41144182e-02   0.00000000e+00
  4.97000000e+00   3.13971876e+00  -2.04164426e-02   0.00000000e+00
  4.97500000e+00   3.14030310e+00  -1.67970064e-02   0.00000000e+00
  4.98000000e+00   3.14077501e+00  -1.32596815e-02   0.00000000e+00
  4.98500000e+00   3.14113713e+00  -9.80795888e-03   0.00000000e+00
  4.99000000e+00   3.14139220e+00  -6.44524486e-03   0.00000000e+00
