  0.00000000e+00   1.00000000e-01   0.00000000e+00   0.00000000e+00
  0.00000000e+00   9.99511408e-02   3.12599397e-03   0.00000000e+00
  0.00000000e+00   9.98045639e-02   6.25044548e-03   0.00000000e+00
  0.00000000e+00   9.95603186e-02   9.37029992e-03   0.00000000e+00
  0.00000000e+00   9.92185493e-02   1.24825042e-02   0.00000000e+00
  0.00000000e+00   9.87794963e-02   1.55840100e-02   0.00000000e+00
  0.00000000e+00   9.82434949e-02   1.86717762e-02   0.00000000e+00
  0.00000000e+00   9.76109755e-02   2.17427726e-02   0.00000000e+00
  0.00000000e+00   9.68824633e-02   2.47939822e-02   0.00000000e+00
  0.00000000e+00   9.60585778e-02   2.78224045e-02   0.00000000e+00
  0.00000000e+00   9.51400321e-02   3.08250586e-02   0.00000000e+00
  0.00000000e+00   9.41276326e-02   3.37989857e-02   0.00000000e+00
  0.00000000e+00   9.30222783e-02   3.67412525e-02   0.00000000e+00
  0.00000000e+00   9.18249597e-02   3.96489535e-02   0.00000000e+00
  0.00000000e+00   9.05367581e-02   4.25192147e-02   0.00000000e+00
  0.00000000e+00   8.91588447e-02   4.53491953e-02   0.00000000e+00
  0.00000000e+00   8.76924796e-02   4.81360918e-02   0.00000000e+00
  0.00000000e+00   8.61390103e-02   5.08771397e-02   0.00000000e+00
  0.00000000e+00   8.44998706e-02   5.35696168e-02   0.00000000e+00
  0.00000000e+00   8.27765798e-02   5.62108457e-02   0.00000000e+00
  0.00000000e+00   8.09707405e-02   5.87981967e-02   0.00000000e+00
  0.00000000e+00   7.90840375e-02   6.13290900e-02   0.00000000e+00
  0.00000000e+00   7.71182363e-02   6.38009986e-02   0.00000000e+00
  0.00000000e+00   7.50751815e-02   6.62114508e-02   0.00000000e+00
  0.00000000e+00   7.29567947e-02   6.85580325e-02   0.00000000e+00
  0.00000000e+00   7.07650729e-02   7.08383898e-02   0.00000000e+00
  0.00000000e+00   6.85020869e-02   7.30502310e-02   0.00000000e+00
  0.00000000e+00   6.61699789e-02   7.51913295e-02   0.00000000e+00
  0.00000000e+00   6.37709607e-02   7.72595255e-02   0.00000000e+00
  0.00000000e+00   6.13073116e-02   7.92527283e-02   0.00000000e+00
  0.00000000e+00   5.87813762e-02   8.11689187e-02   0.00000000e+00
  0.00000000e+00   5.61955622e-02   8.30061505e-02   0.00000000e+00
  0.00000000e+00   5.35523381e-02   8.47625532e-02   0.00000000e+00
  0.00000000e+00   5.08542307e-02   8.64363330e-02   0.00000000e+00
  0.00000000e+00   4.81038230e-02   8.80257755e-02   0.00000000e+00
  0.00000000e+00   4.53037515e-02   8.95292468e-02   0.00000000e+00
  0.00000000e+00   4.24567036e-02   9.09451956e-02   0.00000000e+00
  0.00000000e+00   3.95654154e-02   9.22721546e-02   0.00000000e+00
  0.00000000e+00   3.66326685e-02   9.35087419e-02   0.00000000e+00
  0.00000000e+00   3.36612880e-02   9.46536627e-02   0.00000000e+00
  0.00000000e+00   3.06541390e-02   9.57057104e-02   0.00000000e+00
  0.00000000e+00   2.76141247e-02   9.66637680e-02   0.00000000e+00
  0.00000000e+00   2.45441830e-02   9.75268094e-02   0.00000000e+00
  0.00000000e+00   2.14472836e-02   9.82939002e-02   0.00000000e+00
  0.00000000e+00   1.83264257e-02   9.89641987e-02   0.00000000e+00
  0.00000000e+00   1.51846347e-02   9.95369573e-02   0.00000000e+00
  0.00000000e+00   1.20249590e-02   1.00011523e-01   0.00000000e+00
  0.00000000e+00   8.85046784e-03   1.00387337e-01   0.00000000e+00
  0.00000000e+00   5.66424751e-03   1.00663938e-01   0.00000000e+00
  0.00000000e+00   2.46939884e-03   1.00840960e-01   0.00000000e+00
  0.00000000e+00  -7.30966008e-04   1.00918134e-01   0.00000000e+00
  0.00000000e+00  -3.93372650e-03   1.00895290e-01   0.00000000e+00
  0.00000000e+00  -7.13575681e-03   1.00772353e-01   0.00000000e+00
  0.00000000e+00  -1.03339288e-02   1.00549348e-01   0.00000000e+00
  0.00000000e+00  -1.35251153e-02   1.00226395e-01   0.00000000e+00
  0.00000000e+00  -1.67061927e-02   9.98037139e-02   0.00000000e+00
  0.00000000e+00  -1.98740446e-02   9.92816221e-02   0.00000000e+00
  0.00000000e+00  -2.30255643e-02   9.86605337e-02   0.00000000e+00
  0.00000000e+00  -2.61576582e-02   9.79409600e-02   0.00000000e+00
  0.00000000e+00  -2.92672488e-02   9.71235092e-02   0.00000000e+00
  0.00000000e+00  -3.23512775e-02   9.62088855e-02   0.00000000e+00
  0.00000000e+00  -3.54067078e-02   9.51978887e-02   0.00000000e+00
  0.00000000e+00  -3.84305284e-02   9.40914135e-02   0.00000000e+00
  0.00000000e+00  -4.14197559e-02   9.28904488e-02   0.00000000e+00
  0.00000000e+00  -4.43714377e-02   9.15960765e-02   0.00000000e+00
  0.00000000e+00  -4.72826552e-02   9.02094710e-02   0.00000000e+00
  0.00000000e+00  -5.01505267e-02   8.87318976e-02   0.00000000e+00
  0.00000000e+00  -5.29722097e-02   8.71647118e-02   0.00000000e+00
  0.00000000e+00  -5.57449045e-02   8.55093581e-02   0.00000000e+00
  0.00000000e+00  -5.84658562e-02   8.37673680e-02   0.00000000e+00
  0.00000000e+00  -6.11323582e-02   8.19403595e-02   0.00000000e+00
  0.00000000e+00  -6.37417543e-02   8.00300349e-02   0.00000000e+00
  0.00000000e+00  -6.62914414e-02   7.80381797e-02   0.00000000e+00
  0.00000000e+00  -6.87788725e-02   7.59666604e-02   0.00000000e+00
  0.00000000e+00  -7.12015588e-02   7.38174234e-02   0.00000000e+00
  0.00000000e+00  -7.35570725e-02   7.15924925e-02   0.00000000e+00
  0.00000000e+00  -7.58430489e-02   6.92939677e-02   0.00000000e+00
  0.00000000e+00  -7.80571890e-02   6.69240226e-02   0.00000000e+00
  0.00000000e+00  -8.01972619e-02   6.44849027e-02   0.00000000e+00
  0.00000000e+00  -8.22611068e-02   6.19789232e-02   0.00000000e+00
  0.00000000e+00  -8.42466352e-02   5.94084667e-02   0.00000000e+00
  0.00000000e+00  -8.61518333e-02   5.67759810e-02   0.00000000e+00
  0.00000000e+00  -8.79747636e-02   5.40839770e-02   0.00000000e+00
  0.00000000e+00  -8.97135672e-02   5.13350258e-02   0.00000000e+00
  0.00000000e+00  -9.13664656e-02   4.85317569e-02   0.00000000e+00
  0.00000000e+00  -9.29317623e-02   4.56768550e-02   0.00000000e+00
  0.00000000e+00  -9.44078451e-02   4.27730579e-02   0.00000000e+00
  0.00000000e+00  -9.57931869e-02   3.98231539e-02   0.00000000e+00
  0.00000000e+00  -9.70863480e-02   3.68299786e-02   0.00000000e+00
  0.00000000e+00  -9.82859774e-02   3.37964129e-02   0.00000000e+00
  0.00000000e+00  -9.93908141e-02   3.07253796e-02   0.00000000e+00
  0.00000000e+00  -1.00399688e-01   2.76198411e-02   0.00000000e+00
  0.00000000e+00  -1.01311523e-01   2.44827962e-02   0.00000000e+00
  0.00000000e+00  -1.02125334e-01   2.13172771e-02   0.00000000e+00
  0.00000000e+00  -1.02840234e-01   1.81263471e-02   0.00000000e+00
  0.00000000e+00  -1.03455429e-01   1.49130968e-02   0.00000000e+00
  0.00000000e+00  -1.03970223e-01   1.16806419e-02   0.00000000e+00
  0.00000000e+00  -1.04384018e-01   8.43211942e-03   0.00000000e+00
  0.00000000e+00  -1.04696311e-01   5.17068538e-03   0.00000000e+00
  0.00000000e+00  -1.04906701e-01   1.89951123e-03   0.00000000e+00
  0.00000000e+00  -1.05014885e-01  -1.37821903e-03   0.00000000e+00
  0.00000000e+00  -1.05020658e-01  -4.65931194e-03   0.00000000e+00
  0.00000000e+00  -1.04923918e-01  -7.94056778e-03   0.00000000e+00
  0.00000000e+00  -1.04724659e-01  -1.12187836e-02   0.00000000e+00
  0.00000000e+00  -1.04422978e-01  -1.44907563e-02   0.00000000e+00
  0.00000000e+00  -1.04019071e-01  -1.77532861e-02   0.00000000e+00
  0.00000000e+00  -1.03513234e-01  -2.10031790e-02   0.00000000e+00
  0.00000000e+00  -1.02905863e-01  -2.42372507e-02   0.00000000e+00
  0.00000000e+00  -1.02197454e-01  -2.74523290e-02   0.00000000e+00
  0.00000000e+00  -1.01388600e-01  -3.06452574e-02   0.00000000e+00
  0.00000000e+00  -1.00479996e-01  -3.38128981e-02   0.00000000e+00
  0.00000000e+00  -9.94724318e-02  -3.69521347e-02   0.00000000e+00
  0.00000000e+00  -9.83667963e-02  -4.00598760e-02   0.00000000e+00
  0.00000000e+00  -9.71640744e-02  -4.31330581e-02   0.00000000e+00
  0.00000000e+00  -9.58653470e-02  -4.61686484e-02   0.00000000e+00
  0.00000000e+00  -9.44717895e-02  -4.91636478e-02   0.00000000e+00
  0.00000000e+00  -9.29846710e-02  -5.21150942e-02   0.00000000e+00
  0.00000000e+00  -9.14053533e-02  -5.50200650e-02   0.00000000e+00
  0.00000000e+00  -8.97352893e-02  -5.78756802e-02   0.00000000e+00
  0.00000000e+00  -8.79760218e-02  -6.06791055e-02   0.00000000e+00
  0.00000000e+00  -8.61291825e-02  -6.34275544e-02   0.00000000e+00
  0.00000000e+00  -8.41964896e-02  -6.61182919e-02   0.00000000e+00
  0.00000000e+00  -8.21797470e-02  -6.87486364e-02   0.00000000e+00
  0.00000000e+00  -8.00808425e-02  -7.13159628e-02   0.00000000e+00
  0.00000000e+00  -7.79017456e-02  -7.38177051e-02   0.00000000e+00
  0.00000000e+00  -7.56445060e-02  -7.62513586e-02   0.00000000e+00
  0.00000000e+00  -7.33112517e-02  -7.86144831e-02   0.00000000e+00
  0.00000000e+00  -7.09041869e-02  -8.09047045e-02   0.00000000e+00
  0.00000000e+00  -6.84255897e-02  -8.31197178e-02   0.00000000e+00
  0.00000000e+00  -6.58778105e-02  -8.52572892e-02   0.00000000e+00
  0.00000000e+00  -6.32632692e-02  -8.73152585e-02   0.00000000e+00
  0.00000000e+00  -6.05844534e-02  -8.92915407e-02   0.00000000e+00
  0.00000000e+00  -5.78439154e-02  -9.11841291e-02   0.00000000e+00
  0.00000000e+00  -5.50442705e-02  -9.29910962e-02   0.00000000e+00
  0.00000000e+00  -5.21881940e-02  -9.47105968e-02   0.00000000e+00
  0.00000000e+00  -4.92784189e-02  -9.63408689e-02   0.00000000e+00
  0.00000000e+00  -4.63177331e-02  -9.78802359e-02   0.00000000e+00
  0.00000000e+00  -4.33089769e-02  -9.93271087e-02   0.00000000e+00
  0.00000000e+00  -4.02550401e-02  -1.00679986e-01   0.00000000e+00
  0.00000000e+00  -3.71588594e-02  -1.01937459e-01   0.00000000e+00
  0.00000000e+00  -3.40234156e-02  -1.03098208e-01   0.00000000e+00
  0.00000000e+00  -3.08517305e-02  -1.04161007e-01   0.00000000e+00
  0.00000000e+00  -2.76468641e-02  -1.05124727e-01   0.00000000e+00
  0.00000000e+00  -2.44119118e-02  -1.05988331e-01   0.00000000e+00
  0.00000000e+00  -2.11500012e-02  -1.06750880e-01   0.00000000e+00
  0.00000000e+00  -1.78642893e-02  -1.07411535e-01   0.00000000e+00
  0.00000000e+00  -1.45579591e-02  -1.07969551e-01   0.00000000e+00
  0.00000000e+00  -1.12342169e-02  -1.08424288e-01   0.00000000e+00
  0.00000000e+00  -7.89628906e-03  -1.08775201e-01   0.00000000e+00
  0.00000000e+00  -4.54741870e-03  -1.09021849e-01   0.00000000e+00
  0.00000000e+00  -1.19086279e-03  -1.09163891e-01   0.00000000e+00
  0.00000000e+00   2.17011117e-03  -1.09201088e-01   0.00000000e+00
  0.00000000e+00   5.53222824e-03  -1.09133304e-01   0.00000000e+00
  0.00000000e+00   8.89220926e-03  -1.08960504e-01   0.00000000e+00
  0.00000000e+00   1.22467741e-02  -1.08682755e-01   0.00000000e+00
  0.00000000e+00   1.55926447e-02  -1.08300229e-01   0.00000000e+00
  0.00000000e+00   1.89265484e-02  -1.07813198e-01   0.00000000e+00
  0.00000000e+00   2.22452213e-02  -1.07222037e-01   0.00000000e+00
  0.00000000e+00   2.55454110e-02  -1.06527222e-01   0.00000000e+00
  0.00000000e+00   2.88238802e-02  -1.05729333e-01   0.00000000e+00
  0.00000000e+00   3.20774096e-02  -1.04829049e-01   0.00000000e+00
  0.00000000e+00   3.53028015e-02  -1.03827149e-01   0.00000000e+00
  0.00000000e+00   3.84968822e-02  -1.02724515e-01   0.00000000e+00
  0.00000000e+00   4.16565058e-02  -1.01522124e-01   0.00000000e+00
  0.00000000e+00   4.47785570e-02  -1.00221055e-01   0.00000000e+00
  0.00000000e+00   4.78599541e-02  -9.88224819e-02   0.00000000e+00
  0.00000000e+00   5.08976522e-02  -9.73276757e-02   0.00000000e+00
  0.00000000e+00   5.38886462e-02  -9.57380023e-02   0.00000000e+00
  0.00000000e+00   5.68299737e-02  -9.40549215e-02   0.00000000e+00
  0.00000000e+00   5.97187178e-02  -9.22799855e-02   0.00000000e+00
  0.00000000e+00   6.25520103e-02  -9.04148377e-02   0.00000000e+00
  0.00000000e+00   6.53270344e-02  -8.84612111e-02   0.00000000e+00
  0.00000000e+00   6.80410273e-02  -8.64209264e-02   0.00000000e+00
  0.00000000e+00   7.06912831e-02  -8.42958907e-02   0.00000000e+00
  0.00000000e+00   7.32751559e-02  -8.20880957e-02   0.00000000e+00
  0.00000000e+00   7.57900615e-02  -7.97996155e-02   0.00000000e+00
  0.00000000e+00   7.82334808e-02  -7.74326051e-02   0.00000000e+00
  0.00000000e+00   8.06029622e-02  -7.49892978e-02   0.00000000e+00
  0.00000000e+00   8.28961236e-02  -7.24720037e-02   0.00000000e+00
  0.00000000e+00   8.51106552e-02  -6.98831072e-02   0.00000000e+00
  0.00000000e+00   8.72443218e-02  -6.72250647e-02   0.00000000e+00
  0.00000000e+00   8.92949647e-02  -6.45004026e-02   0.00000000e+00
  0.00000000e+00   9.12605045e-02  -6.17117144e-02   0.00000000e+00
  0.00000000e+00   9.31389426e-02  -5.88616586e-02   0.00000000e+00
  0.00000000e+00   9.49283634e-02  -5.59529562e-02   0.00000000e+00
  0.00000000e+00   9.66269365e-02  -5.29883878e-02   0.00000000e+00
  0.00000000e+00   9.82329182e-02  -4.99707911e-02   0.00000000e+00
  0.00000000e+00   9.97446536e-02  -4.69030583e-02   0.00000000e+00
  0.00000000e+00   1.01160578e-01  -4.37881333e-02   0.00000000e+00
  0.00000000e+00   1.02479219e-01  -4.06290087e-02   0.00000000e+00
  0.00000000e+00   1.03699197e-01  -3.74287230e-02   0.00000000e+00
  0.00000000e+00   1.04819228e-01  -3.41903579e-02   0.00000000e+00
  0.00000000e+00   1.05838124e-01  -3.09170349e-02   0.00000000e+00
  0.00000000e+00   1.06754795e-01  -2.76119127e-02   0.00000000e+00
  0.00000000e+00   1.07568248e-01  -2.42781841e-02   0.00000000e+00
  0.00000000e+00   1.08277591e-01  -2.09190725e-02   0.00000000e+00
  0.00000000e+00   1.08882034e-01  -1.75378294e-02   0.00000000e+00
  0.00000000e+00   1.09380886e-01  -1.41377309e-02   0.00000000e+00
  0.00000000e+00   1.09773559e-01  -1.07220746e-02   0.00000000e+00
  0.00000000e+00   1.10059570e-01  -7.29417609e-03   0.00000000e+00
  0.00000000e+00   1.10238536e-01  -3.85736646e-03   0.00000000e+00
  0.00000000e+00   1.10310182e-01  -4.14988423e-04   0.00000000e+00
  0.00000000e+00   1.10274334e-01   3.02960669e-03   0.00000000e+00
  0.00000000e+00   1.10130924e-01   6.47306220e-03   0.00000000e+00
  0.00000000e+00   1.09879989e-01   9.91201939e-03   0.00000000e+00
  0.00000000e+00   1.09521672e-01   1.33431207e-02   0.00000000e+00
  0.00000000e+00   1.09056218e-01   1.67630132e-02   0.00000000e+00
  0.00000000e+00   1.08483978e-01   2.01683514e-02   0.00000000e+00
  0.00000000e+00   1.07805409e-01   2.35558012e-02   0.00000000e+00
  0.00000000e+00   1.07021071e-01   2.69220427e-02   0.00000000e+00
  0.00000000e+00   1.06131626e-01   3.02637733e-02   0.00000000e+00
  0.00000000e+00   1.05137842e-01   3.35777115e-02   0.00000000e+00
  0.00000000e+00   1.04040587e-01   3.68605995e-02   0.00000000e+00
  0.00000000e+00   1.02840832e-01   4.01092070e-02   0.00000000e+00
  0.00000000e+00   1.01539650e-01   4.33203337e-02   0.00000000e+00
  0.00000000e+00   1.00138210e-01   4.64908133e-02   0.00000000e+00
  0.00000000e+00   9.86377842e-02   4.96175157e-02   0.00000000e+00
  0.00000000e+00   9.70397402e-02   5.26973506e-02   0.00000000e+00
  0.00000000e+00   9.53455424e-02   5.57272708e-02   0.00000000e+00
  0.00000000e+00   9.35567505e-02   5.87042744e-02   0.00000000e+00
  0.00000000e+00   9.16750180e-02   6.16254087e-02   0.00000000e+00
  0.00000000e+00   8.97020903e-02   6.44877722e-02   0.00000000e+00
  0.00000000e+00   8.76398034e-02   6.72885185e-02   0.00000000e+00
  0.00000000e+00   8.54900825e-02   7.00248582e-02   0.00000000e+00
  0.00000000e+00   8.32549393e-02   7.26940621e-02   0.00000000e+00
  0.00000000e+00   8.09364711e-02   7.52934639e-02   0.00000000e+00
  0.00000000e+00   7.85368583e-02   7.78204629e-02   0.00000000e+00
  0.00000000e+00   7.60583623e-02   8.02725266e-02   0.00000000e+00
  0.00000000e+00   7.35033239e-02   8.26471928e-02   0.00000000e+00
  0.00000000e+00   7.08741602e-02   8.49420727e-02   0.00000000e+00
  0.00000000e+00   6.81733634e-02   8.71548531e-02   0.00000000e+00
  0.00000000e+00   6.54034974e-02   8.92832984e-02   0.00000000e+00
  0.00000000e+00   6.25671962e-02   9.13252532e-02   0.00000000e+00
  0.00000000e+00   5.96671608e-02   9.32786444e-02   0.00000000e+00
  0.00000000e+00   5.67061572e-02   9.51414832e-02   0.00000000e+00
  0.00000000e+00   5.36870130e-02   9.69118674e-02   0.00000000e+00
  0.00000000e+00   5.06126154e-02   9.85879827e-02   0.00000000e+00
  0.00000000e+00   4.74859082e-02   1.00168105e-01   0.00000000e+00
  0.00000000e+00   4.43098890e-02   1.01650604e-01   0.00000000e+00
  0.00000000e+00   4.10876061e-02   1.03033939e-01   0.00000000e+00
  0.00000000e+00   3.78221559e-02   1.04316668e-01   0.00000000e+00
  0.00000000e+00   3.45166798e-02   1.05497445e-01   0.00000000e+00
  0.00000000e+00   3.11743612e-02   1.06575021e-01   0.00000000e+00
  0.00000000e+00   2.77984222e-02   1.07548247e-01   0.00000000e+00
  0.00000000e+00   2.43921211e-02   1.08416075e-01   0.00000000e+00
  0.00000000e+00   2.09587486e-02   1.09177559e-01   0.00000000e+00
  0.00000000e+00   1.75016248e-02   1.09831854e-01   0.00000000e+00
  0.00000000e+00   1.40240964e-02   1.10378220e-01   0.00000000e+00
  0.00000000e+00   1.05295329e-02   1.10816023e-01   0.00000000e+00
  0.00000000e+00   7.02132359e-03   1.11144730e-01   0.00000000e+00
  0.00000000e+00   3.50287438e-03   1.11363918e-01   0.00000000e+00
  0.00000000e+00  -2.23956822e-05   1.11473268e-01   0.00000000e+00
  0.00000000e+00  -3.55105770e-03   1.11472569e-01   0.00000000e+00
  0.00000000e+00  -7.07967620e-03   1.11361717e-01   0.00000000e+00
  0.00000000e+00  -1.06048125e-02   1.11140713e-01   0.00000000e+00
  0.00000000e+00  -1.41230282e-02   1.10809668e-01   0.00000000e+00
  0.00000000e+00  -1.76308882e-02   1.10368799e-01   0.00000000e+00
  0.00000000e+00  -2.11249643e-02   1.09818431e-01   0.00000000e+00
  0.00000000e+00  -2.46018386e-02   1.09158996e-01   0.00000000e+00
  0.00000000e+00  -2.80581066e-02   1.08391032e-01   0.00000000e+00
  0.00000000e+00  -3.14903809e-02   1.07515183e-01   0.00000000e+00
  0.00000000e+00  -3.48952939e-02   1.06532201e-01   0.00000000e+00
  0.00000000e+00  -3.82695020e-02   1.05442939e-01   0.00000000e+00
  0.00000000e+00  -4.16096878e-02   1.04248358e-01   0.00000000e+00
  0.00000000e+00  -4.49125643e-02   1.02949522e-01   0.00000000e+00
  0.00000000e+00  -4.81748776e-02   1.01547596e-01   0.00000000e+00
  0.00000000e+00  -5.13934104e-02   1.00043847e-01   0.00000000e+00
  0.00000000e+00  -5.45649849e-02   9.84396442e-02   0.00000000e+00
  0.00000000e+00  -5.76864661e-02   9.67364537e-02   0.00000000e+00
  0.00000000e+00  -6.07547647e-02   9.49358406e-02   0.00000000e+00
  0.00000000e+00  -6.37668405e-02   9.30394661e-02   0.00000000e+00
  0.00000000e+00  -6.67197053e-02   9.10490864e-02   0.00000000e+00
  0.00000000e+00  -6.96104254e-02   8.89665507e-02   0.00000000e+00
  0.00000000e+00  -7.24361252e-02   8.67938000e-02   0.00000000e+00
  0.00000000e+00  -7.51939896e-02   8.45328650e-02   0.00000000e+00
  0.00000000e+00  -7.78812670e-02   8.21858639e-02   0.00000000e+00
  0.00000000e+00  -8.04952719e-02   7.97550011e-02   0.00000000e+00
  0.00000000e+00  -8.30333878e-02   7.72425647e-02   0.00000000e+00
  0.00000000e+00  -8.54930694e-02   7.46509244e-02   0.00000000e+00
  0.00000000e+00  -8.78718457e-02   7.19825293e-02   0.00000000e+00
  0.00000000e+00  -9.01673221e-02   6.92399055e-02   0.00000000e+00
  0.00000000e+00  -9.23771827e-02   6.64256538e-02   0.00000000e+00
  0.00000000e+00  -9.44991931e-02   6.35424475e-02   0.00000000e+00
  0.00000000e+00  -9.65312021e-02   6.05930293e-02   0.00000000e+00
  0.00000000e+00  -9.84711445e-02   5.75802090e-02   0.00000000e+00
  0.00000000e+00  -1.00317043e-01   5.45068609e-02   0.00000000e+00
  0.00000000e+00  -1.02067008e-01   5.13759210e-02   0.00000000e+00
  0.00000000e+00  -1.03719245e-01   4.81903842e-02   0.00000000e+00
  0.00000000e+00  -1.05272051e-01   4.49533011e-02   0.00000000e+00
  0.00000000e+00  -1.06723819e-01   4.16677758e-02   0.00000000e+00
  0.00000000e+00  -1.08073036e-01   3.83369623e-02   0.00000000e+00
  0.00000000e+00  -1.09318293e-01   3.49640616e-02   0.00000000e+00
  0.00000000e+00  -1.10458275e-01   3.15523190e-02   0.00000000e+00
  0.00000000e+00  -1.11491773e-01   2.81050203e-02   0.00000000e+00
  0.00000000e+00  -1.12417679e-01   2.46254894e-02   0.00000000e+00
  0.00000000e+00  -1.13234986e-01   2.11170845e-02   0.00000000e+00
  0.00000000e+00  -1.13942797e-01   1.75831951e-02   0.00000000e+00
  0.00000000e+00  -1.14540317e-01   1.40272388e-02   0.00000000e+00
  0.00000000e+00  -1.15026858e-01   1.04526579e-02   0.00000000e+00
  0.00000000e+00  -1.15401841e-01   6.86291606e-03   0.00000000e+00
  0.00000000e+00  -1.15664795e-01   3.26149494e-03   0.00000000e+00
  0.00000000e+00  -1.15815355e-01  -3.48109119e-04   0.00000000e+00
  0.00000000e+00  -1.15853269e-01  -3.96238851e-03   0.00000000e+00
  0.00000000e+00  -1.15778391e-01  -7.57782777e-03   0.00000000e+00
  0.00000000e+00  -1.15590687e-01  -1.11909070e-02   0.00000000e+00
  0.00000000e+00  -1.15290233e-01  -1.47981053e-02   0.00000000e+00
  0.00000000e+00  -1.14877212e-01  -1.83959042e-02   0.00000000e+00
  0.00000000e+00  -1.14351921e-01  -2.19807910e-02   0.00000000e+00
  0.00000000e+00  -1.13714762e-01  -2.55492623e-02   0.00000000e+00
  0.00000000e+00  -1.12966251e-01  -2.90978273e-02   0.00000000e+00
  0.00000000e+00  -1.12107009e-01  -3.26230116e-02   0.00000000e+00
  0.00000000e+00  -1.11137768e-01  -3.61213600e-02   0.00000000e+00
  0.00000000e+00  -1.10059367e-01  -3.95894403e-02   0.00000000e+00
  0.00000000e+00  -1.08872751e-01  -4.30238464e-02   0.00000000e+00
  0.00000000e+00  -1.07578972e-01  -4.64212020e-02   0.00000000e+00
  0.00000000e+00  -1.06179189e-01  -4.97781636e-02   0.00000000e+00
  0.00000000e+00  -1.04674663e-01  -5.30914238e-02   0.00000000e+00
  0.00000000e+00  -1.03066759e-01  -5.63577149e-02   0.00000000e+00
  0.00000000e+00  -1.01356944e-01  -5.95738115e-02   0.00000000e+00
  0.00000000e+00  -9.95467860e-02  -6.27365344e-02   0.00000000e+00
  0.00000000e+00  -9.76379514e-02  -6.58427530e-02   0.00000000e+00
  0.00000000e+00  -9.56322047e-02  -6.88893892e-02   0.00000000e+00
  0.00000000e+00  -9.35314064e-02  -7.18734197e-02   0.00000000e+00
  0.00000000e+00  -9.13375113e-02  -7.47918794e-02   0.00000000e+00
  0.00000000e+00  -8.90525664e-02  -7.76418643e-02   0.00000000e+00
  0.00000000e+00  -8.66787098e-02  -8.04205342e-02   0.00000000e+00
  0.00000000e+00  -8.42181676e-02  -8.31251159e-02   0.00000000e+00
  0.00000000e+00  -8.16732529e-02  -8.57529054e-02   0.00000000e+00
  0.00000000e+00  -7.90463628e-02  -8.83012713e-02   0.00000000e+00
  0.00000000e+00  -7.63399766e-02  -9.07676568e-02   0.00000000e+00
  0.00000000e+00  -7.35566532e-02  -9.31495825e-02   0.00000000e+00
  0.00000000e+00  -7.06990289e-02  -9.54446491e-02   0.00000000e+00
  0.00000000e+00  -6.77698149e-02  -9.76505393e-02   0.00000000e+00
  0.00000000e+00  -6.47717945e-02  -9.97650207e-02   0.00000000e+00
  0.00000000e+00  -6.17078206e-02  -1.01785948e-01   0.00000000e+00
  0.00000000e+00  -5.85808132e-02  -1.03711264e-01   0.00000000e+00
  0.00000000e+00  -5.53937560e-02  -1.05539003e-01   0.00000000e+00
  0.00000000e+00  -5.21496945e-02  -1.07267294e-01   0.00000000e+00
  0.00000000e+00  -4.88517320e-02  -1.08894359e-01   0.00000000e+00
  0.00000000e+00  -4.55030277e-02  -1.10418518e-01   0.00000000e+00
  0.00000000e+00  -4.21067927e-02  -1.11838189e-01   0.00000000e+00
  0.00000000e+00  -3.86662878e-02  -1.13151890e-01   0.00000000e+00
  0.00000000e+00  -3.51848196e-02  -1.14358242e-01   0.00000000e+00
  0.00000000e+00  -3.16657380e-02  -1.15455968e-01   0.00000000e+00
  0.00000000e+00  -2.81124323e-02  -1.16443896e-01   0.00000000e+00
  0.00000000e+00  -2.45283287e-02  -1.17320960e-01   0.00000000e+00
  0.00000000e+00  -2.09168863e-02  -1.18086200e-01   0.00000000e+00
  0.00000000e+00  -1.72815942e-02  -1.18738766e-01   0.00000000e+00
  0.00000000e+00  -1.36259680e-02  -1.19277914e-01   0.00000000e+00
  0.00000000e+00  -9.95354620e-03  -1.19703011e-01   0.00000000e+00
  0.00000000e+00  -6.26788726e-03  -1.20013536e-01   0.00000000e+00
  0.00000000e+00  -2.57256568e-03  -1.20209077e-01   0.00000000e+00
  0.00000000e+00   1.12883122e-03  -1.20289333e-01   0.00000000e+00
  0.00000000e+00   4.83270684e-03  -1.20254117e-01   0.00000000e+00
  0.00000000e+00   8.53545880e-03  -1.20103354e-01   0.00000000e+00
  0.00000000e+00   1.22334824e-02  -1.19837079e-01   0.00000000e+00
  0.00000000e+00   1.59231742e-02  -1.19455442e-01   0.00000000e+00
  0.00000000e+00   1.96009355e-02  -1.18958704e-01   0.00000000e+00
  0.00000000e+00   2.32631758e-02  -1.18347240e-01   0.00000000e+00
  0.00000000e+00   2.69063162e-02  -1.17621534e-01   0.00000000e+00
  0.00000000e+00   3.05267932e-02  -1.16782185e-01   0.00000000e+00
  0.00000000e+00   3.41210621e-02  -1.15829900e-01   0.00000000e+00
  0.00000000e+00   3.76856000e-02  -1.14765499e-01   0.00000000e+00
  0.00000000e+00   4.12169101e-02  -1.13589911e-01   0.00000000e+00
  0.00000000e+00   4.47115242e-02  -1.12304173e-01   0.00000000e+00
  0.00000000e+00   4.81660069e-02  -1.10909433e-01   0.00000000e+00
  0.00000000e+00   5.15769585e-02  -1.09406944e-01   0.00000000e+00
  0.00000000e+00   5.49410184e-02  -1.07798064e-01   0.00000000e+00
  0.00000000e+00   5.82548685e-02  -1.06084258e-01   0.00000000e+00
  0.00000000e+00   6.15152366e-02  -1.04267094e-01   0.00000000e+00
  0.00000000e+00   6.47188992e-02  -1.02348241e-01   0.00000000e+00
  0.00000000e+00   6.78626852e-02  -1.00329469e-01   0.00000000e+00
  0.00000000e+00   7.09434786e-02  -9.82126489e-02   0.00000000e+00
  0.00000000e+00   7.39582218e-02  -9.59997454e-02   0.00000000e+00
  0.00000000e+00   7.69039188e-02  -9.36928204e-02   0.00000000e+00
  0.00000000e+00   7.97776378e-02  -9.12940289e-02   0.00000000e+00
  0.00000000e+00   8.25765141e-02  -8.88056174e-02   0.00000000e+00
  0.00000000e+00   8.52977535e-02  -8.62299216e-02   0.00000000e+00
  0.00000000e+00   8.79386345e-02  -8.35693644e-02   0.00000000e+00
  0.00000000e+00   9.04965113e-02  -8.08264533e-02   0.00000000e+00
  0.00000000e+00   9.29688162e-02  -7.80037786e-02   0.00000000e+00
  0.00000000e+00   9.53530625e-02  -7.51040104e-02   0.00000000e+00
  0.00000000e+00   9.76468470e-02  -7.21298963e-02   0.00000000e+00
  0.00000000e+00   9.98478519e-02  -6.90842591e-02   0.00000000e+00
  0.00000000e+00   1.01953848e-01  -6.59699934e-02   0.00000000e+00
  0.00000000e+00   1.03962695e-01  -6.27900637e-02   0.00000000e+00
  0.00000000e+00   1.05872348e-01  -5.95475008e-02   0.00000000e+00
  0.00000000e+00   1.07680853e-01  -5.62453995e-02   0.00000000e+00
  0.00000000e+00   1.09386356e-01  -5.28869154e-02   0.00000000e+00
  0.00000000e+00   1.10987099e-01  -4.94752618e-02   0.00000000e+00
  0.00000000e+00   1.12481425e-01  -4.60137068e-02   0.00000000e+00
  0.00000000e+00   1.13867780e-01  -4.25055701e-02   0.00000000e+00
  0.00000000e+00   1.15144712e-01  -3.89542199e-02   0.00000000e+00
  0.00000000e+00   1.16310876e-01  -3.53630694e-02   0.00000000e+00
  0.00000000e+00   1.17365030e-01  -3.17355740e-02   0.00000000e+00
  0.00000000e+00   1.18306044e-01  -2.80752274e-02   0.00000000e+00
  0.00000000e+00   1.19132894e-01  -2.43855587e-02   0.00000000e+00
  0.00000000e+00   1.19844667e-01  -2.06701288e-02   0.00000000e+00
  0.00000000e+00   1.20440562e-01  -1.69325270e-02   0.00000000e+00
  0.00000000e+00   1.20919889e-01  -1.31763675e-02   0.00000000e+00
  0.00000000e+00   1.21282071e-01  -9.40528594e-03   0.00000000e+00
  0.00000000e+00   1.21526644e-01  -5.62293591e-03   0.00000000e+00
  0.00000000e+00   1.21653258e-01  -1.83298536e-03   0.00000000e+00
  0.00000000e+00   1.21661678e-01   1.96088691e-03   0.00000000e+00
  0.00000000e+00   1.21551783e-01   5.75499487e-03   0.00000000e+00
  0.00000000e+00   1.21323568e-01   9.54564876e-03   0.00000000e+00
  0.00000000e+00   1.20977142e-01   1.33291588e-02   0.00000000e+00
  0.00000000e+00   1.20512729e-01   1.71018385e-02   0.00000000e+00
  0.00000000e+00   1.19930669e-01   2.08600088e-02   0.00000000e+00
  0.00000000e+00   1.19231417e-01   2.46000010e-02   0.00000000e+00
  0.00000000e+00   1.18415539e-01   2.83181608e-02   0.00000000e+00
  0.00000000e+00   1.17483720e-01   3.20108515e-02   0.00000000e+00
  0.00000000e+00   1.16436755e-01   3.56744581e-02   0.00000000e+00
  0.00000000e+00   1.15275552e-01   3.93053902e-02   0.00000000e+00
  0.00000000e+00   1.14001133e-01   4.29000859e-02   0.00000000e+00
  0.00000000e+00   1.12614628e-01   4.64550153e-02   0.00000000e+00
  0.00000000e+00   1.11117280e-01   4.99666837e-02   0.00000000e+00
  0.00000000e+00   1.09510439e-01   5.34316353e-02   0.00000000e+00
  0.00000000e+00   1.07795563e-01   5.68464566e-02   0.00000000e+00
  0.00000000e+00   1.05974217e-01   6.02077794e-02   0.00000000e+00
  0.00000000e+00   1.04048071e-01   6.35122844e-02   0.00000000e+00
  0.00000000e+00   1.02018897e-01   6.67567047e-02   0.00000000e+00
  0.00000000e+00   9.98885724e-02   6.99378285e-02   0.00000000e+00
  0.00000000e+00   9.76590705e-02   7.30525027e-02   0.00000000e+00
  0.00000000e+00   9.53324653e-02   7.60976356e-02   0.00000000e+00
  0.00000000e+00   9.29109265e-02   7.90702006e-02   0.00000000e+00
  0.00000000e+00   9.03967183e-02   8.19672385e-02   0.00000000e+00
  0.00000000e+00   8.77921970e-02   8.47858609e-02   0.00000000e+00
  0.00000000e+00   8.50998089e-02   8.75232530e-02   0.00000000e+00
  0.00000000e+00   8.23220882e-02   9.01766762e-02   0.00000000e+00
  0.00000000e+00   7.94616541e-02   9.27434711e-02   0.00000000e+00
  0.00000000e+00   7.65212090e-02   9.52210599e-02   0.00000000e+00
  0.00000000e+00   7.35035355e-02   9.76069492e-02   0.00000000e+00
  0.00000000e+00   7.04114938e-02   9.98987323e-02   0.00000000e+00
  0.00000000e+00   6.72480192e-02   1.02094092e-01   0.00000000e+00
  0.00000000e+00   6.40161190e-02   1.04190802e-01   0.00000000e+00
  0.00000000e+00   6.07188702e-02   1.06186732e-01   0.00000000e+00
  0.00000000e+00   5.73594157e-02   1.08079844e-01   0.00000000e+00
  0.00000000e+00   5.39409622e-02   1.09868200e-01   0.00000000e+00
  0.00000000e+00   5.04667767e-02   1.11549964e-01   0.00000000e+00
  0.00000000e+00   4.69401833e-02   1.13123398e-01   0.00000000e+00
  0.00000000e+00   4.33645602e-02   1.14586871e-01   0.00000000e+00
  0.00000000e+00   3.97433364e-02   1.15938856e-01   0.00000000e+00
  0.00000000e+00   3.60799885e-02   1.17177931e-01   0.00000000e+00
  0.00000000e+00   3.23780374e-02   1.18302787e-01   0.00000000e+00
  0.00000000e+00   2.86410444e-02   1.19312220e-01   0.00000000e+00
  0.00000000e+00   2.48726087e-02   1.20205141e-01   0.00000000e+00
  0.00000000e+00   2.10763632e-02   1.20980570e-01   0.00000000e+00
  0.00000000e+00   1.72559710e-02   1.21637642e-01   0.00000000e+00
  0.00000000e+00   1.34151226e-02   1.22175607e-01   0.00000000e+00
  0.00000000e+00   9.55753137e-03   1.22593828e-01   0.00000000e+00
  0.00000000e+00   5.68693066e-03   1.22891785e-01   0.00000000e+00
  0.00000000e+00   1.80706990e-03   1.23069074e-01   0.00000000e+00
  0.00000000e+00  -2.07828898e-03   1.23125409e-01   0.00000000e+00
  0.00000000e+00  -5.96537519e-03   1.23060620e-01   0.00000000e+00
  0.00000000e+00  -9.85041272e-03   1.22874655e-01   0.00000000e+00
  0.00000000e+00  -1.37296241e-02   1.22567579e-01   0.00000000e+00
  0.00000000e+00  -1.75992338e-02   1.22139576e-01   0.00000000e+00
  0.00000000e+00  -2.14554723e-02   1.21590947e-01   0.00000000e+00
  0.00000000e+00  -2.52945794e-02   1.20922111e-01   0.00000000e+00
  0.00000000e+00  -2.91128082e-02   1.20133603e-01   0.00000000e+00
  0.00000000e+00  -3.29064285e-02   1.19226076e-01   0.00000000e+00
  0.00000000e+00  -3.66717305e-02   1.18200300e-01   0.00000000e+00
  0.00000000e+00  -4.04050284e-02   1.17057158e-01   0.00000000e+00
  0.00000000e+00  -4.41026642e-02   1.15797650e-01   0.00000000e+00
  0.00000000e+00  -4.77610110e-02   1.14422889e-01   0.00000000e+00
  0.00000000e+00  -5.13764769e-02   1.12934102e-01   0.00000000e+00
  0.00000000e+00  -5.49455080e-02   1.11332627e-01   0.00000000e+00
  0.00000000e+00  -5.84645924e-02   1.09619914e-01   0.00000000e+00
  0.00000000e+00  -6.19302635e-02   1.07797520e-01   0.00000000e+00
  0.00000000e+00  -6.53391033e-02   1.05867113e-01   0.00000000e+00
  0.00000000e+00  -6.86877457e-02   1.03830466e-01   0.00000000e+00
  0.00000000e+00  -7.19728800e-02   1.01689456e-01   0.00000000e+00
  0.00000000e+00  -7.51912544e-02   9.94460650e-02   0.00000000e+00
  0.00000000e+00  -7.83396785e-02   9.71023750e-02   0.00000000e+00
  0.00000000e+00  -8.14150271e-02   9.46605682e-02   0.00000000e+00
  0.00000000e+00  -8.44142431e-02   9.21229235e-02   0.00000000e+00
  0.00000000e+00  -8.73343405e-02   8.94918156e-02   0.00000000e+00
  0.00000000e+00  -9.01724073e-02   8.67697118e-02   0.00000000e+00
  0.00000000e+00  -9.29256085e-02   8.39591703e-02   0.00000000e+00
  0.00000000e+00  -9.55911889e-02   8.10628377e-02   0.00000000e+00
  0.00000000e+00  -9.81664760e-02   7.80834462e-02   0.00000000e+00
  0.00000000e+00  -1.00648882e-01   7.50238114e-02   0.00000000e+00
  0.00000000e+00  -1.03035908e-01   7.18868293e-02   0.00000000e+00
  0.00000000e+00  -1.05325144e-01   6.86754740e-02   0.00000000e+00
  0.00000000e+00  -1.07514274e-01   6.53927944e-02   0.00000000e+00
  0.00000000e+00  -1.09601077e-01   6.20419116e-02   0.00000000e+00
  0.00000000e+00  -1.11583428e-01   5.86260159e-02   0.00000000e+00
  0.00000000e+00  -1.13459302e-01   5.51483637e-02   0.00000000e+00
  0.00000000e+00  -1.15226777e-01   5.16122745e-02   0.00000000e+00
  0.00000000e+00  -1.16884033e-01   4.80211275e-02   0.00000000e+00
  0.00000000e+00  -1.18429356e-01   4.43783586e-02   0.00000000e+00
  0.00000000e+00  -1.19861138e-01   4.06874572e-02   0.00000000e+00
  0.00000000e+00  -1.21177882e-01   3.69519625e-02   0.00000000e+00
  0.00000000e+00  -1.22378199e-01   3.31754604e-02   0.00000000e+00
  0.00000000e+00  -1.23460813e-01   2.93615799e-02   0.00000000e+00
  0.00000000e+00  -1.24424561e-01   2.55139898e-02   0.00000000e+00
  0.00000000e+00  -1.25268395e-01   2.16363950e-02   0.00000000e+00
  0.00000000e+00  -1.25991380e-01   1.77325331e-02   0.00000000e+00
  0.00000000e+00  -1.26592702e-01   1.38061705e-02   0.00000000e+00
  0.00000000e+00  -1.27071659e-01   9.86109911e-03   0.00000000e+00
  0.00000000e+00  -1.27427671e-01   5.90113251e-03   0.00000000e+00
  0.00000000e+00  -1.27660276e-01   1.93010228e-03   0.00000000e+00
  0.00000000e+00  -1.27769131e-01  -2.04814566e-03   0.00000000e+00
  0.00000000e+00  -1.27754013e-01  -6.02975480e-03   0.00000000e+00
  0.00000000e+00  -1.27614819e-01  -1.00108618e-02   0.00000000e+00
  0.00000000e+00  -1.27351567e-01  -1.39876001e-02   0.00000000e+00
  0.00000000e+00  -1.26964394e-01  -1.79561039e-02   0.00000000e+00
  0.00000000e+00  -1.26453560e-01  -2.19125118e-02   0.00000000e+00
  0.00000000e+00  -1.25819443e-01  -2.58529704e-02   0.00000000e+00
  0.00000000e+00  -1.25062542e-01  -2.97736385e-02   0.00000000e+00
  0.00000000e+00  -1.24183475e-01  -3.36706900e-02   0.00000000e+00
  0.00000000e+00  -1.23182981e-01  -3.75403188e-02   0.00000000e+00
  0.00000000e+00  -1.22061917e-01  -4.13787415e-02   0.00000000e+00
  0.00000000e+00  -1.20821255e-01  -4.51822015e-02   0.00000000e+00
  0.00000000e+00  -1.19462088e-01  -4.89469727e-02   0.00000000e+00
  0.00000000e+00  -1.17985622e-01  -5.26693631e-02   0.00000000e+00
  0.00000000e+00  -1.16393182e-01  -5.63457185e-02   0.00000000e+00
  0.00000000e+00  -1.14686202e-01  -5.99724259e-02   0.00000000e+00
  0.00000000e+00  -1.12866231e-01  -6.35459170e-02   0.00000000e+00
  0.00000000e+00  -1.10934929e-01  -6.70626721e-02   0.00000000e+00
  0.00000000e+00  -1.08894067e-01  -7.05192232e-02   0.00000000e+00
  0.00000000e+00  -1.06745521e-01  -7.39121574e-02   0.00000000e+00
  0.00000000e+00  -1.04491276e-01  -7.72381206e-02   0.00000000e+00
  0.00000000e+00  -1.02133419e-01  -8.04938205e-02   0.00000000e+00
  0.00000000e+00  -9.96741422e-02  -8.36760299e-02   0.00000000e+00
  0.00000000e+00  -9.71157363e-02  -8.67815900e-02   0.00000000e+00
  0.00000000e+00  -9.44605912e-02  -8.98074134e-02   0.00000000e+00
  0.00000000e+00  -9.17111928e-02  -9.27504873e-02   0.00000000e+00
  0.00000000e+00  -8.88701209e-02  -9.56078764e-02   0.00000000e+00
  0.00000000e+00  -8.59400464e-02  -9.83767259e-02   0.00000000e+00
  0.00000000e+00  -8.29237293e-02  -1.01054264e-01   0.00000000e+00
  0.00000000e+00  -7.98240160e-02  -1.03637806e-01   0.00000000e+00
  0.00000000e+00  -7.66438363e-02  -1.06124754e-01   0.00000000e+00
  0.00000000e+00  -7.33862009e-02  -1.08512603e-01   0.00000000e+00
  0.00000000e+00  -7.00541984e-02  -1.10798942e-01   0.00000000e+00
  0.00000000e+00  -6.66509926e-02  -1.12981455e-01   0.00000000e+00
  0.00000000e+00  -6.31798193e-02  -1.15057926e-01   0.00000000e+00
  0.00000000e+00  -5.96439833e-02  -1.17026239e-01   0.00000000e+00
  0.00000000e+00  -5.60468552e-02  -1.18884381e-01   0.00000000e+00
  0.00000000e+00  -5.23918682e-02  -1.20630444e-01   0.00000000e+00
  0.00000000e+00  -4.86825149e-02  -1.22262628e-01   0.00000000e+00
  0.00000000e+00  -4.49223439e-02  -1.23779241e-01   0.00000000e+00
  0.00000000e+00  -4.11149565e-02  -1.25178702e-01   0.00000000e+00
  0.00000000e+00  -3.72640030e-02  -1.26459541e-01   0.00000000e+00
  0.00000000e+00  -3.33731795e-02  -1.27620403e-01   0.00000000e+00
  0.00000000e+00  -2.94462242e-02  -1.28660049e-01   0.00000000e+00
  0.00000000e+00  -2.54869138e-02  -1.29577354e-01   0.00000000e+00
  0.00000000e+00  -2.14990601e-02  -1.30371313e-01   0.00000000e+00
  0.00000000e+00  -1.74865059e-02  -1.31041038e-01   0.00000000e+00
  0.00000000e+00  -1.34531217e-02  -1.31585762e-01   0.00000000e+00
  0.00000000e+00  -9.40280165e-03  -1.32004839e-01   0.00000000e+00
  0.00000000e+00  -5.33946017e-03  -1.32297742e-01   0.00000000e+00
  0.00000000e+00  -1.26702779e-03  -1.32464068e-01   0.00000000e+00
  0.00000000e+00   2.81055240e-03  -1.32503536e-01   0.00000000e+00
  0.00000000e+00   6.88932870e-03  -1.32415988e-01   0.00000000e+00
  0.00000000e+00   1.09653445e-02  -1.32201389e-01   0.00000000e+00
  0.00000000e+00   1.50346424e-02  -1.31859826e-01   0.00000000e+00
  0.00000000e+00   1.90932675e-02  -1.31391511e-01   0.00000000e+00
  0.00000000e+00   2.31372719e-02  -1.30796779e-01   0.00000000e+00
  0.00000000e+00   2.71627179e-02  -1.30076086e-01   0.00000000e+00
  0.00000000e+00   3.11656826e-02  -1.29230014e-01   0.00000000e+00
  0.00000000e+00   3.51422608e-02  -1.28259264e-01   0.00000000e+00
  0.00000000e+00   3.90885696e-02  -1.27164661e-01   0.00000000e+00
  0.00000000e+00   4.30007516e-02  -1.25947148e-01   0.00000000e+00
  0.00000000e+00   4.68749792e-02  -1.24607792e-01   0.00000000e+00
  0.00000000e+00   5.07074578e-02  -1.23147777e-01   0.00000000e+00
  0.00000000e+00   5.44944299e-02  -1.21568404e-01   0.00000000e+00
  0.00000000e+00   5.82321788e-02  -1.19871093e-01   0.00000000e+00
  0.00000000e+00   6.19170319e-02  -1.18057379e-01   0.00000000e+00
  0.00000000e+00   6.55453646e-02  -1.16128913e-01   0.00000000e+00
  0.00000000e+00   6.91136036e-02  -1.14087455e-01   0.00000000e+00
  0.00000000e+00   7.26182308e-02  -1.11934879e-01   0.00000000e+00
  0.00000000e+00   7.60557865e-02  -1.09673169e-01   0.00000000e+00
  0.00000000e+00   7.94228727e-02  -1.07304416e-01   0.00000000e+00
  0.00000000e+00   8.27161567e-02  -1.04830815e-01   0.00000000e+00
  0.00000000e+00   8.59323745e-02  -1.02254667e-01   0.00000000e+00
  0.00000000e+00   8.90683334e-02  -9.95783746e-02   0.00000000e+00
  0.00000000e+00   9.21209158e-02  -9.68044384e-02   0.00000000e+00
  0.00000000e+00   9.50870823e-02  -9.39354567e-02   0.00000000e+00
  0.00000000e+00   9.79638741e-02  -9.09741226e-02   0.00000000e+00
  0.00000000e+00   1.00748417e-01  -8.79232210e-02   0.00000000e+00
  0.00000000e+00   1.03437922e-01  -8.47856263e-02   0.00000000e+00
  0.00000000e+00   1.06029692e-01  -8.15642998e-02   0.00000000e+00
  0.00000000e+00   1.08521120e-01  -7.82622865e-02   0.00000000e+00
  0.00000000e+00   1.10909696e-01  -7.48827127e-02   0.00000000e+00
  0.00000000e+00   1.13193006e-01  -7.14287827e-02   0.00000000e+00
  0.00000000e+00   1.15368736e-01  -6.79037759e-02   0.00000000e+00
  0.00000000e+00   1.17434674e-01  -6.43110439e-02   0.00000000e+00
  0.00000000e+00   1.19388713e-01  -6.06540067e-02   0.00000000e+00
  0.00000000e+00   1.21228853e-01  -5.69361501e-02   0.00000000e+00
  0.00000000e+00   1.22953201e-01  -5.31610220e-02   0.00000000e+00
  0.00000000e+00   1.24559976e-01  -4.93322293e-02   0.00000000e+00
  0.00000000e+00   1.26047510e-01  -4.54534340e-02   0.00000000e+00
  0.00000000e+00   1.27414245e-01  -4.15283503e-02   0.00000000e+00
  0.00000000e+00   1.28658745e-01  -3.75607405e-02   0.00000000e+00
  0.00000000e+00   1.29779686e-01  -3.35544116e-02   0.00000000e+00
  0.00000000e+00   1.30775864e-01  -2.95132119e-02   0.00000000e+00
  0.00000000e+00   1.31646196e-01  -2.54410270e-02   0.00000000e+00
  0.00000000e+00   1.32389720e-01  -2.13417760e-02   0.00000000e+00
  0.00000000e+00   1.33005594e-01  -1.72194080e-02   0.00000000e+00
  0.00000000e+00   1.33493102e-01  -1.30778982e-02   0.00000000e+00
  0.00000000e+00   1.33851648e-01  -8.92124394e-03   0.00000000e+00
  0.00000000e+00   1.34080764e-01  -4.75346105e-03   0.00000000e+00
  0.00000000e+00   1.34180106e-01  -5.78579810e-04   0.00000000e+00
  0.00000000e+00   1.34149455e-01   3.59935886e-03   0.00000000e+00
  0.00000000e+00   1.33988717e-01   7.77630732e-03   0.00000000e+00
  0.00000000e+00   1.33697926e-01   1.19482152e-02   0.00000000e+00
  0.00000000e+00   1.33277241e-01   1.61110331e-02   0.00000000e+00
  0.00000000e+00   1.32726948e-01   2.02607170e-02   0.00000000e+00
  0.00000000e+00   1.32047457e-01   2.43932314e-02   0.00000000e+00
  0.00000000e+00   1.31239305e-01   2.85045542e-02   0.00000000e+00
  0.00000000e+00   1.30303154e-01   3.25906798e-02   0.00000000e+00
  0.00000000e+00   1.29239791e-01   3.66476234e-02   0.00000000e+00
  0.00000000e+00   1.28050127e-01   4.06714249e-02   0.00000000e+00
  0.00000000e+00   1.26735196e-01   4.46581524e-02   0.00000000e+00
  0.00000000e+00   1.25296154e-01   4.86039065e-02   0.00000000e+00
  0.00000000e+00   1.23734279e-01   5.25048239e-02   0.00000000e+00
  0.00000000e+00   1.22050969e-01   5.63570812e-02   0.00000000e+00
  0.00000000e+00   1.20247741e-01   6.01568985e-02   0.00000000e+00
  0.00000000e+00   1.18326231e-01   6.39005433e-02   0.00000000e+00
  0.00000000e+00   1.16288187e-01   6.75843342e-02   0.00000000e+00
  0.00000000e+00   1.14135477e-01   7.12046441e-02   0.00000000e+00
  0.00000000e+00   1.11870079e-01   7.47579045e-02   0.00000000e+00
  0.00000000e+00   1.09494081e-01   7.82406082e-02   0.00000000e+00
  0.00000000e+00   1.07009682e-01   8.16493134e-02   0.00000000e+00
  0.00000000e+00   1.04419189e-01   8.49806467e-02   0.00000000e+00
  0.00000000e+00   1.01725010e-01   8.82313065e-02   0.00000000e+00
  0.00000000e+00   9.89296605e-02   9.13980665e-02   0.00000000e+00
  0.00000000e+00   9.60357530e-02   9.44777786e-02   0.00000000e+00
  0.00000000e+00   9.30459993e-02   9.74673763e-02   0.00000000e+00
  0.00000000e+00   8.99632064e-02   1.00363877e-01   0.00000000e+00
  0.00000000e+00   8.67902738e-02   1.03164387e-01   0.00000000e+00
  0.00000000e+00   8.35301915e-02   1.05866101e-01   0.00000000e+00
  0.00000000e+00   8.01860364e-02   1.08466309e-01   0.00000000e+00
  0.00000000e+00   7.67609696e-02   1.10962394e-01   0.00000000e+00
  0.00000000e+00   7.32582340e-02   1.13351841e-01   0.00000000e+00
  0.00000000e+00   6.96811502e-02   1.15632233e-01   0.00000000e+00
  0.00000000e+00   6.60331143e-02   1.17801258e-01   0.00000000e+00
  0.00000000e+00   6.23175942e-02   1.19856709e-01   0.00000000e+00
  0.00000000e+00   5.85381263e-02   1.21796488e-01   0.00000000e+00
  0.00000000e+00   5.46983124e-02   1.23618606e-01   0.00000000e+00
  0.00000000e+00   5.08018159e-02   1.25321187e-01   0.00000000e+00
  0.00000000e+00   4.68523586e-02   1.26902469e-01   0.00000000e+00
  0.00000000e+00   4.28537171e-02   1.28360805e-01   0.00000000e+00
  0.00000000e+00   3.88097191e-02   1.29694666e-01   0.00000000e+00
  0.00000000e+00   3.47242399e-02   1.30902644e-01   0.00000000e+00
  0.00000000e+00   3.06011982e-02   1.31983449e-01   0.00000000e+00
  0.00000000e+00   2.64445532e-02   1.32935914e-01   0.00000000e+00
  0.00000000e+00   2.22582999e-02   1.33758996e-01   0.00000000e+00
  0.00000000e+00   1.80464661e-02   1.34451776e-01   0.00000000e+00
  0.00000000e+00   1.38131076e-02   1.35013459e-01   0.00000000e+00
  0.00000000e+00   9.56230520e-03   1.35443378e-01   0.00000000e+00
  0.00000000e+00   5.29816021e-03   1.35740993e-01   0.00000000e+00
  0.00000000e+00   1.02479068e-03   1.35905890e-01   0.00000000e+00
  0.00000000e+00  -3.25367262e-03   1.35937785e-01   0.00000000e+00
  0.00000000e+00  -7.53309014e-03   1.35836522e-01   0.00000000e+00
  0.00000000e+00  -1.18093176e-02   1.35602073e-01   0.00000000e+00
  0.00000000e+00  -1.60782100e-02   1.35234540e-01   0.00000000e+00
  0.00000000e+00  -2.03356256e-02   1.34734154e-01   0.00000000e+00
  0.00000000e+00  -2.45774299e-02   1.34101274e-01   0.00000000e+00
  0.00000000e+00  -2.87994998e-02   1.33336389e-01   0.00000000e+00
  0.00000000e+00  -3.29977274e-02   1.32440115e-01   0.00000000e+00
  0.00000000e+00  -3.71680242e-02   1.31413196e-01   0.00000000e+00
  0.00000000e+00  -4.13063250e-02   1.30256505e-01   0.00000000e+00
  0.00000000e+00  -4.54085916e-02   1.28971039e-01   0.00000000e+00
  0.00000000e+00  -4.94708173e-02   1.27557922e-01   0.00000000e+00
  0.00000000e+00  -5.34890302e-02   1.26018402e-01   0.00000000e+00
  0.00000000e+00  -5.74592976e-02   1.24353851e-01   0.00000000e+00
  0.00000000e+00  -6.13777293e-02   1.22565764e-01   0.00000000e+00
  0.00000000e+00  -6.52404821e-02   1.20655756e-01   0.00000000e+00
  0.00000000e+00  -6.90437629e-02   1.18625561e-01   0.00000000e+00
  0.00000000e+00  -7.27838326e-02   1.16477034e-01   0.00000000e+00
  0.00000000e+00  -7.64570103e-02   1.14212142e-01   0.00000000e+00
  0.00000000e+00  -8.00596759e-02   1.11832970e-01   0.00000000e+00
  0.00000000e+00  -8.35882747e-02   1.09341713e-01   0.00000000e+00
  0.00000000e+00  -8.70393203e-02   1.06740680e-01   0.00000000e+00
  0.00000000e+00  -9.04093981e-02   1.04032284e-01   0.00000000e+00
  0.00000000e+00  -9.36951689e-02   1.01219047e-01   0.00000000e+00
  0.00000000e+00  -9.68933718e-02   9.83035955e-02   0.00000000e+00
  0.00000000e+00  -1.00000828e-01   9.52886549e-02   0.00000000e+00
  0.00000000e+00  -1.03014443e-01   9.21770510e-02   0.00000000e+00
  0.00000000e+00  -1.05931212e-01   8.89717057e-02   0.00000000e+00
  0.00000000e+00  -1.08748218e-01   8.56756340e-02   0.00000000e+00
  0.00000000e+00  -1.11462642e-01   8.22919418e-02   0.00000000e+00
  0.00000000e+00  -1.14071758e-01   7.88238225e-02   0.00000000e+00
  0.00000000e+00  -1.16572942e-01   7.52745543e-02   0.00000000e+00
  0.00000000e+00  -1.18963671e-01   7.16474970e-02   0.00000000e+00
  0.00000000e+00  -1.21241526e-01   6.79460886e-02   0.00000000e+00
  0.00000000e+00  -1.23404196e-01   6.41738425e-02   0.00000000e+00
  0.00000000e+00  -1.25449479e-01   6.03343438e-02   0.00000000e+00
  0.00000000e+00  -1.27375286e-01   5.64312460e-02   0.00000000e+00
  0.00000000e+00  -1.29179639e-01   5.24682676e-02   0.00000000e+00
  0.00000000e+00  -1.30860678e-01   4.84491884e-02   0.00000000e+00
  0.00000000e+00  -1.32416659e-01   4.43778461e-02   0.00000000e+00
  0.00000000e+00  -1.33845960e-01   4.02581324e-02   0.00000000e+00
  0.00000000e+00  -1.35147076e-01   3.60939895e-02   0.00000000e+00
  0.00000000e+00  -1.36318630e-01   3.18894062e-02   0.00000000e+00
  0.00000000e+00  -1.37359364e-01   2.76484141e-02   0.00000000e+00
  0.00000000e+00  -1.38268148e-01   2.33750838e-02   0.00000000e+00
  0.00000000e+00  -1.39043980e-01   1.90735210e-02   0.00000000e+00
  0.00000000e+00  -1.39685982e-01   1.47478624e-02   0.00000000e+00
  0.00000000e+00  -1.40193409e-01   1.04022717e-02   0.00000000e+00
  0.00000000e+00  -1.40565642e-01   6.04093617e-03   0.00000000e+00
  0.00000000e+00  -1.40802194e-01   1.66806172e-03   0.00000000e+00
  0.00000000e+00  -1.40902709e-01  -2.71213048e-03   0.00000000e+00
  0.00000000e+00  -1.40866961e-01  -7.09540833e-03   0.00000000e+00
  0.00000000e+00  -1.40694858e-01  -1.14775328e-02   0.00000000e+00
  0.00000000e+00  -1.40386438e-01  -1.58542623e-02   0.00000000e+00
  0.00000000e+00  -1.39941870e-01  -2.02213561e-02   0.00000000e+00
  0.00000000e+00  -1.39361458e-01  -2.45745794e-02   0.00000000e+00
  0.00000000e+00  -1.38645636e-01  -2.89097067e-02   0.00000000e+00
  0.00000000e+00  -1.37794968e-01  -3.32225259e-02   0.00000000e+00
  0.00000000e+00  -1.36810152e-01  -3.75088430e-02   0.00000000e+00
  0.00000000e+00  -1.35692014e-01  -4.17644856e-02   0.00000000e+00
  0.00000000e+00  -1.34441511e-01  -4.59853072e-02   0.00000000e+00
  0.00000000e+00  -1.33059729e-01  -5.01671910e-02   0.00000000e+00
  0.00000000e+00  -1.31547881e-01  -5.43060543e-02   0.00000000e+00
  0.00000000e+00  -1.29907309e-01  -5.83978522e-02   0.00000000e+00
  0.00000000e+00  -1.28139477e-01  -6.24385815e-02   0.00000000e+00
  0.00000000e+00  -1.26245978e-01  -6.64242850e-02   0.00000000e+00
  0.00000000e+00  -1.24228526e-01  -7.03510548e-02   0.00000000e+00
  0.00000000e+00  -1.22088955e-01  -7.42150366e-02   0.00000000e+00
  0.00000000e+00  -1.19829221e-01  -7.80124333e-02   0.00000000e+00
  0.00000000e+00  -1.17451397e-01  -8.17395087e-02   0.00000000e+00
  0.00000000e+00  -1.14957674e-01  -8.53925910e-02   0.00000000e+00
  0.00000000e+00  -1.12350353e-01  -8.89680770e-02   0.00000000e+00
  0.00000000e+00  -1.09631852e-01  -9.24624349e-02   0.00000000e+00
  0.00000000e+00  -1.06804695e-01  -9.58722084e-02   0.00000000e+00
  0.00000000e+00  -1.03871516e-01  -9.91940196e-02   0.00000000e+00
  0.00000000e+00  -1.00835051e-01  -1.02424573e-01   0.00000000e+00
  0.00000000e+00  -9.76981426e-02  -1.05560657e-01   0.00000000e+00
  0.00000000e+00  -9.44637291e-02  -1.08599151e-01   0.00000000e+00
  0.00000000e+00  -9.11348480e-02  -1.11537024e-01   0.00000000e+00
  0.00000000e+00  -8.77146306e-02  -1.14371339e-01   0.00000000e+00
  0.00000000e+00  -8.42062992e-02  -1.17099258e-01   0.00000000e+00
  0.00000000e+00  -8.06131645e-02  -1.19718043e-01   0.00000000e+00
  0.00000000e+00  -7.69386222e-02  -1.22225059e-01   0.00000000e+00
  0.00000000e+00  -7.31861497e-02  -1.24617775e-01   0.00000000e+00
  0.00000000e+00  -6.93593032e-02  -1.26893772e-01   0.00000000e+00
  0.00000000e+00  -6.54617140e-02  -1.29050737e-01   0.00000000e+00
  0.00000000e+00  -6.14970851e-02  -1.31086474e-01   0.00000000e+00
  0.00000000e+00  -5.74691878e-02  -1.32998899e-01   0.00000000e+00
  0.00000000e+00  -5.33818581e-02  -1.34786048e-01   0.00000000e+00
  0.00000000e+00  -4.92389928e-02  -1.36446076e-01   0.00000000e+00
  0.00000000e+00  -4.50445463e-02  -1.37977256e-01   0.00000000e+00
  0.00000000e+00  -4.08025262e-02  -1.39377989e-01   0.00000000e+00
  0.00000000e+00  -3.65169900e-02  -1.40646797e-01   0.00000000e+00
  0.00000000e+00  -3.21920409e-02  -1.41782330e-01   0.00000000e+00
  0.00000000e+00  -2.78318240e-02  -1.42783364e-01   0.00000000e+00
  0.00000000e+00  -2.34405222e-02  -1.43648805e-01   0.00000000e+00
  0.00000000e+00  -1.90223526e-02  -1.44377691e-01   0.00000000e+00
  0.00000000e+00  -1.45815618e-02  -1.44969187e-01   0.00000000e+00
  0.00000000e+00  -1.01224225e-02  -1.45422593e-01   0.00000000e+00
  0.00000000e+00  -5.64922873e-03  -1.45737342e-01   0.00000000e+00
  0.00000000e+00  -1.16629227e-03  -1.45912998e-01   0.00000000e+00
  0.00000000e+00   3.32206178e-03  -1.45949263e-01   0.00000000e+00
  0.00000000e+00   7.81149912e-03  -1.45845969e-01   0.00000000e+00
  0.00000000e+00   1.22976804e-02  -1.45603087e-01   0.00000000e+00
  0.00000000e+00   1.67762655e-02  -1.45220720e-01   0.00000000e+00
  0.00000000e+00   2.12429177e-02  -1.44699108e-01   0.00000000e+00
  0.00000000e+00   2.56933076e-02  -1.44038623e-01   0.00000000e+00
  0.00000000e+00   3.01231178e-02  -1.43239775e-01   0.00000000e+00
  0.00000000e+00   3.45280467e-02  -1.42303205e-01   0.00000000e+00
  0.00000000e+00   3.89038129e-02  -1.41229691e-01   0.00000000e+00
  0.00000000e+00   4.32461592e-02  -1.40020141e-01   0.00000000e+00
  0.00000000e+00   4.75508568e-02  -1.38675598e-01   0.00000000e+00
  0.00000000e+00   5.18137095e-02  -1.37197235e-01   0.00000000e+00
  0.00000000e+00   5.60305576e-02  -1.35586355e-01   0.00000000e+00
  0.00000000e+00   6.01972822e-02  -1.33844391e-01   0.00000000e+00
  0.00000000e+00   6.43098088e-02  -1.31972904e-01   0.00000000e+00
  0.00000000e+00   6.83641117e-02  -1.29973582e-01   0.00000000e+00
  0.00000000e+00   7.23562180e-02  -1.27848237e-01   0.00000000e+00
  0.00000000e+00   7.62822110e-02  -1.25598806e-01   0.00000000e+00
  0.00000000e+00   8.01382343e-02  -1.23227346e-01   0.00000000e+00
  0.00000000e+00   8.39204958e-02  -1.20736035e-01   0.00000000e+00
  0.00000000e+00   8.76252710e-02  -1.18127169e-01   0.00000000e+00
  0.00000000e+00   9.12489070e-02  -1.15403158e-01   0.00000000e+00
  0.00000000e+00   9.47878259e-02  -1.12566528e-01   0.00000000e+00
  0.00000000e+00   9.82385286e-02  -1.09619914e-01   0.00000000e+00
  0.00000000e+00   1.01597598e-01  -1.06566061e-01   0.00000000e+00
  0.00000000e+00   1.04861701e-01  -1.03407819e-01   0.00000000e+00
  0.00000000e+00   1.08027597e-01  -1.00148143e-01   0.00000000e+00
  0.00000000e+00   1.11092132e-01  -9.67900876e-02   0.00000000e+00
  0.00000000e+00   1.14052253e-01  -9.33368054e-02   0.00000000e+00
  0.00000000e+00   1.16904999e-01  -8.97915443e-02   0.00000000e+00
  0.00000000e+00   1.19647515e-01  -8.61576436e-02   0.00000000e+00
  0.00000000e+00   1.22277047e-01  -8.24385318e-02   0.00000000e+00
  0.00000000e+00   1.24790949e-01  -7.86377224e-02   0.00000000e+00
  0.00000000e+00   1.27186684e-01  -7.47588113e-02   0.00000000e+00
  0.00000000e+00   1.29461827e-01  -7.08054732e-02   0.00000000e+00
  0.00000000e+00   1.31614066e-01  -6.67814578e-02   0.00000000e+00
  0.00000000e+00   1.33641208e-01  -6.26905869e-02   0.00000000e+00
  0.00000000e+00   1.35541176e-01  -5.85367501e-02   0.00000000e+00
  0.00000000e+00   1.37312017e-01  -5.43239015e-02   0.00000000e+00
  0.00000000e+00   1.38951898e-01  -5.00560558e-02   0.00000000e+00
  0.00000000e+00   1.40459114e-01  -4.57372845e-02   0.00000000e+00
  0.00000000e+00   1.41832083e-01  -4.13717121e-02   0.00000000e+00
  0.00000000e+00   1.43069355e-01  -3.69635119e-02   0.00000000e+00
  0.00000000e+00   1.44169607e-01  -3.25169024e-02   0.00000000e+00
  0.00000000e+00   1.45131648e-01  -2.80361431e-02   0.00000000e+00
  0.00000000e+00   1.45954419e-01  -2.35255300e-02   0.00000000e+00
  0.00000000e+00   1.46636996e-01  -1.89893923e-02   0.00000000e+00
  0.00000000e+00   1.47178588e-01  -1.44320877e-02   0.00000000e+00
  0.00000000e+00   1.47578540e-01  -9.85799816e-03   0.00000000e+00
  0.00000000e+00   1.47836334e-01  -5.27152602e-03   0.00000000e+00
  0.00000000e+00   1.47951587e-01  -6.77089557e-04   0.00000000e+00
  0.00000000e+00   1.47924056e-01   3.92088122e-03   0.00000000e+00
  0.00000000e+00   1.47753632e-01   8.51794882e-03   0.00000000e+00
  0.00000000e+00   1.47440348e-01   1.31096726e-02   0.00000000e+00
  0.00000000e+00   1.46984372e-01   1.76916130e-02   0.00000000e+00
  0.00000000e+00   1.46386011e-01   2.22593358e-02   0.00000000e+00
  0.00000000e+00   1.45645710e-01   2.68084166e-02   0.00000000e+00
  0.00000000e+00   1.44764052e-01   3.13344449e-02   0.00000000e+00
  0.00000000e+00   1.43741755e-01   3.58330282e-02   0.00000000e+00
  0.00000000e+00   1.42579675e-01   4.02997969e-02   0.00000000e+00
  0.00000000e+00   1.41278805e-01   4.47304079e-02   0.00000000e+00
  0.00000000e+00   1.39840270e-01   4.91205490e-02   0.00000000e+00
  0.00000000e+00   1.38265330e-01   5.34659432e-02   0.00000000e+00
  0.00000000e+00   1.36555380e-01   5.77623529e-02   0.00000000e+00
  0.00000000e+00   1.34711944e-01   6.20055838e-02   0.00000000e+00
  0.00000000e+00   1.32736677e-01   6.61914892e-02   0.00000000e+00
  0.00000000e+00   1.30631364e-01   7.03159739e-02   0.00000000e+00
  0.00000000e+00   1.28397915e-01   7.43749982e-02   0.00000000e+00
  0.00000000e+00   1.26038368e-01   7.83645822e-02   0.00000000e+00
  0.00000000e+00   1.23554882e-01   8.22808091e-02   0.00000000e+00
  0.00000000e+00   1.20949740e-01   8.61198295e-02   0.00000000e+00
  0.00000000e+00   1.18225342e-01   8.98778650e-02   0.00000000e+00
  0.00000000e+00   1.15384209e-01   9.35512119e-02   0.00000000e+00
  0.00000000e+00   1.12428973e-01   9.71362449e-02   0.00000000e+00
  0.00000000e+00   1.09362382e-01   1.00629421e-01   0.00000000e+00
  0.00000000e+00   1.06187290e-01   1.04027281e-01   0.00000000e+00
  0.00000000e+00   1.02906663e-01   1.07326458e-01   0.00000000e+00
  0.00000000e+00   9.95235679e-02   1.10523673e-01   0.00000000e+00
  0.00000000e+00   9.60411753e-02   1.13615747e-01   0.00000000e+00
  0.00000000e+00   9.24627538e-02   1.16599595e-01   0.00000000e+00
  0.00000000e+00   8.87916678e-02   1.19472236e-01   0.00000000e+00
  0.00000000e+00   8.50313743e-02   1.22230795e-01   0.00000000e+00
  0.00000000e+00   8.11854194e-02   1.24872501e-01   0.00000000e+00
  0.00000000e+00   7.72574354e-02   1.27394697e-01   0.00000000e+00
  0.00000000e+00   7.32511367e-02   1.29794836e-01   0.00000000e+00
  0.00000000e+00   6.91703169e-02   1.32070488e-01   0.00000000e+00
  0.00000000e+00   6.50188451e-02   1.34219341e-01   0.00000000e+00
  0.00000000e+00   6.08006619e-02   1.36239202e-01   0.00000000e+00
  0.00000000e+00   5.65197759e-02   1.38128002e-01   0.00000000e+00
  0.00000000e+00   5.21802599e-02   1.39883795e-01   0.00000000e+00
  0.00000000e+00   4.77862471e-02   1.41504763e-01   0.00000000e+00
  0.00000000e+00   4.33419270e-02   1.42989217e-01   0.00000000e+00
  0.00000000e+00   3.88515413e-02   1.44335596e-01   0.00000000e+00
  0.00000000e+00   3.43193803e-02   1.45542472e-01   0.00000000e+00
  0.00000000e+00   2.97497783e-02   1.46608550e-01   0.00000000e+00
  0.00000000e+00   2.51471098e-02   1.47532671e-01   0.00000000e+00
  0.00000000e+00   2.05157850e-02   1.48313810e-01   0.00000000e+00
  0.00000000e+00   1.58602462e-02   1.48951081e-01   0.00000000e+00
  0.00000000e+00   1.11849626e-02   1.49443734e-01   0.00000000e+00
  0.00000000e+00   6.49442687e-03   1.49791159e-01   0.00000000e+00
  0.00000000e+00   1.79315033e-03   1.49992885e-01   0.00000000e+00
  0.00000000e+00  -2.91434118e-03   1.50048583e-01   0.00000000e+00
  0.00000000e+00  -7.62351171e-03   1.49958062e-01   0.00000000e+00
  0.00000000e+00  -1.23298195e-02   1.49721273e-01   0.00000000e+00
  0.00000000e+00  -1.70287216e-02   1.49338308e-01   0.00000000e+00
  0.00000000e+00  -2.17156779e-02   1.48809401e-01   0.00000000e+00
  0.00000000e+00  -2.63861556e-02   1.48134925e-01   0.00000000e+00
  0.00000000e+00  -3.10356339e-02   1.47315396e-01   0.00000000e+00
  0.00000000e+00  -3.56596080e-02   1.46351469e-01   0.00000000e+00
  0.00000000e+00  -4.02535938e-02   1.45243939e-01   0.00000000e+00
  0.00000000e+00  -4.48131316e-02   1.43993741e-01   0.00000000e+00
  0.00000000e+00  -4.93337914e-02   1.42601948e-01   0.00000000e+00
  0.00000000e+00  -5.38111763e-02   1.41069771e-01   0.00000000e+00
  0.00000000e+00  -5.82409273e-02   1.39398555e-01   0.00000000e+00
  0.00000000e+00  -6.26187274e-02   1.37589785e-01   0.00000000e+00
  0.00000000e+00  -6.69403056e-02   1.35645076e-01   0.00000000e+00
  0.00000000e+00  -7.12014416e-02   1.33566178e-01   0.00000000e+00
  0.00000000e+00  -7.53979691e-02   1.31354969e-01   0.00000000e+00
  0.00000000e+00  -7.95257807e-02   1.29013461e-01   0.00000000e+00
  0.00000000e+00  -8.35808314e-02   1.26543789e-01   0.00000000e+00
  0.00000000e+00  -8.75591427e-02   1.23948216e-01   0.00000000e+00
  0.00000000e+00  -9.14568063e-02   1.21229128e-01   0.00000000e+00
  0.00000000e+00  -9.52699885e-02   1.18389033e-01   0.00000000e+00
  0.00000000e+00  -9.89949334e-02   1.15430555e-01   0.00000000e+00
  0.00000000e+00  -1.02627967e-01   1.12356439e-01   0.00000000e+00
  0.00000000e+00  -1.06165499e-01   1.09169540e-01   0.00000000e+00
  0.00000000e+00  -1.09604032e-01   1.05872827e-01   0.00000000e+00
  0.00000000e+00  -1.12940155e-01   1.02469376e-01   0.00000000e+00
  0.00000000e+00  -1.16170558e-01   9.89623701e-02   0.00000000e+00
  0.00000000e+00  -1.19292027e-01   9.53550941e-02   0.00000000e+00
  0.00000000e+00  -1.22301452e-01   9.16509328e-02   0.00000000e+00
  0.00000000e+00  -1.25195825e-01   8.78533675e-02   0.00000000e+00
  0.00000000e+00  -1.27972250e-01   8.39659728e-02   0.00000000e+00
  0.00000000e+00  -1.30627939e-01   7.99924129e-02   0.00000000e+00
  0.00000000e+00  -1.33160221e-01   7.59364386e-02   0.00000000e+00
  0.00000000e+00  -1.35566538e-01   7.18018836e-02   0.00000000e+00
  0.00000000e+00  -1.37844454e-01   6.75926608e-02   0.00000000e+00
  0.00000000e+00  -1.39991654e-01   6.33127585e-02   0.00000000e+00
  0.00000000e+00  -1.42005945e-01   5.89662370e-02   0.00000000e+00
  0.00000000e+00  -1.43885262e-01   5.45572243e-02   0.00000000e+00
  0.00000000e+00  -1.45627669e-01   5.00899125e-02   0.00000000e+00
  0.00000000e+00  -1.47231357e-01   4.55685537e-02   0.00000000e+00
  0.00000000e+00  -1.48694653e-01   4.09974559e-02   0.00000000e+00
  0.00000000e+00  -1.50016015e-01   3.63809791e-02   0.00000000e+00
  0.00000000e+00  -1.51194037e-01   3.17235307e-02   0.00000000e+00
  0.00000000e+00  -1.52227451e-01   2.70295621e-02   0.00000000e+00
  0.00000000e+00  -1.53115126e-01   2.23035633e-02   0.00000000e+00
  0.00000000e+00  -1.53856070e-01   1.75500598e-02   0.00000000e+00
  0.00000000e+00  -1.54449435e-01   1.27736075e-02   0.00000000e+00
  0.00000000e+00  -1.54894509e-01   7.97878836e-03   0.00000000e+00
  0.00000000e+00  -1.55190727e-01   3.17020655e-03   0.00000000e+00
  0.00000000e+00  -1.55337665e-01  -1.64751652e-03   0.00000000e+00
  0.00000000e+00  -1.55335041e-01  -6.46974641e-03   0.00000000e+00
  0.00000000e+00  -1.55182721e-01  -1.12918401e-02   0.00000000e+00
  0.00000000e+00  -1.54880711e-01  -1.61091506e-02   0.00000000e+00
  0.00000000e+00  -1.54429163e-01  -2.09170311e-02   0.00000000e+00
  0.00000000e+00  -1.53828373e-01  -2.57108399e-02   0.00000000e+00
  0.00000000e+00  -1.53078782e-01  -3.04859444e-02   0.00000000e+00
  0.00000000e+00  -1.52180973e-01  -3.52377262e-02   0.00000000e+00
  0.00000000e+00  -1.51135674e-01  -3.99615848e-02   0.00000000e+00
  0.00000000e+00  -1.49943756e-01  -4.46529426e-02   0.00000000e+00
  0.00000000e+00  -1.48606229e-01  -4.93072491e-02   0.00000000e+00
  0.00000000e+00  -1.47124249e-01  -5.39199856e-02   0.00000000e+00
  0.00000000e+00  -1.45499107e-01  -5.84866691e-02   0.00000000e+00
  0.00000000e+00  -1.43732238e-01  -6.30028570e-02   0.00000000e+00
  0.00000000e+00  -1.41825211e-01  -6.74641513e-02   0.00000000e+00
  0.00000000e+00  -1.39779734e-01  -7.18662030e-02   0.00000000e+00
  0.00000000e+00  -1.37597649e-01  -7.62047162e-02   0.00000000e+00
  0.00000000e+00  -1.35280931e-01  -8.04754521e-02   0.00000000e+00
  0.00000000e+00  -1.32831686e-01  -8.46742337e-02   0.00000000e+00
  0.00000000e+00  -1.30252152e-01  -8.87969494e-02   0.00000000e+00
  0.00000000e+00  -1.27544691e-01  -9.28395570e-02   0.00000000e+00
  0.00000000e+00  -1.24711794e-01  -9.67980880e-02   0.00000000e+00
  0.00000000e+00  -1.21756072e-01  -1.00668651e-01   0.00000000e+00
  0.00000000e+00  -1.18680259e-01  -1.04447437e-01   0.00000000e+00
  0.00000000e+00  -1.15487205e-01  -1.08130720e-01   0.00000000e+00
  0.00000000e+00  -1.12179878e-01  -1.11714864e-01   0.00000000e+00
  0.00000000e+00  -1.08761357e-01  -1.15196324e-01   0.00000000e+00
  0.00000000e+00  -1.05234831e-01  -1.18571653e-01   0.00000000e+00
  0.00000000e+00  -1.01603596e-01  -1.21837501e-01   0.00000000e+00
  0.00000000e+00  -9.78710527e-02  -1.24990620e-01   0.00000000e+00
  0.00000000e+00  -9.40407015e-02  -1.28027871e-01   0.00000000e+00
  0.00000000e+00  -9.01161406e-02  -1.30946219e-01   0.00000000e+00
  0.00000000e+00  -8.61010619e-02  -1.33742744e-01   0.00000000e+00
  0.00000000e+00  -8.19992481e-02  -1.36414641e-01   0.00000000e+00
  0.00000000e+00  -7.78145687e-02  -1.38959220e-01   0.00000000e+00
  0.00000000e+00  -7.35509766e-02  -1.41373913e-01   0.00000000e+00
  0.00000000e+00  -6.92125040e-02  -1.43656274e-01   0.00000000e+00
  0.00000000e+00  -6.48032591e-02  -1.45803982e-01   0.00000000e+00
  0.00000000e+00  -6.03274220e-02  -1.47814846e-01   0.00000000e+00
  0.00000000e+00  -5.57892405e-02  -1.49686800e-01   0.00000000e+00
  0.00000000e+00  -5.11930265e-02  -1.51417916e-01   0.00000000e+00
  0.00000000e+00  -4.65431515e-02  -1.53006394e-01   0.00000000e+00
  0.00000000e+00  -4.18440427e-02  -1.54450573e-01   0.00000000e+00
  0.00000000e+00  -3.71001786e-02  -1.55748929e-01   0.00000000e+00
  0.00000000e+00  -3.23160849e-02  -1.56900077e-01   0.00000000e+00
  0.00000000e+00  -2.74963303e-02  -1.57902772e-01   0.00000000e+00
  0.00000000e+00  -2.26455217e-02  -1.58755910e-01   0.00000000e+00
  0.00000000e+00  -1.77683001e-02  -1.59458533e-01   0.00000000e+00
  0.00000000e+00  -1.28693363e-02  -1.60009824e-01   0.00000000e+00
  0.00000000e+00  -7.95332612e-03  -1.60409111e-01   0.00000000e+00
  0.00000000e+00  -3.02498598e-03  -1.60655871e-01   0.00000000e+00
  0.00000000e+00   1.91095149e-03  -1.60749723e-01   0.00000000e+00
  0.00000000e+00   6.84974206e-03  -1.60690436e-01   0.00000000e+00
  0.00000000e+00   1.17866345e-02  -1.60477925e-01   0.00000000e+00
  0.00000000e+00   1.67168752e-02  -1.60112252e-01   0.00000000e+00
  0.00000000e+00   2.16357124e-02  -1.59593627e-01   0.00000000e+00
  0.00000000e+00   2.65384013e-02  -1.58922409e-01   0.00000000e+00
  0.00000000e+00   3.14202083e-02  -1.58099101e-01   0.00000000e+00
  0.00000000e+00   3.62764155e-02  -1.57124354e-01   0.00000000e+00
  0.00000000e+00   4.11023256e-02  -1.55998968e-01   0.00000000e+00
  0.00000000e+00   4.58932659e-02  -1.54723885e-01   0.00000000e+00
  0.00000000e+00   5.06445934e-02  -1.53300193e-01   0.00000000e+00
  0.00000000e+00   5.53516990e-02  -1.51729126e-01   0.00000000e+00
  0.00000000e+00   6.00100118e-02  -1.50012058e-01   0.00000000e+00
  0.00000000e+00   6.46150041e-02  -1.48150506e-01   0.00000000e+00
  0.00000000e+00   6.91621951e-02  -1.46146129e-01   0.00000000e+00
  0.00000000e+00   7.36471556e-02  -1.44000722e-01   0.00000000e+00
  0.00000000e+00   7.80655125e-02  -1.41716219e-01   0.00000000e+00
  0.00000000e+00   8.24129527e-02  -1.39294690e-01   0.00000000e+00
  0.00000000e+00   8.66852275e-02  -1.36738338e-01   0.00000000e+00
  0.00000000e+00   9.08781565e-02  -1.34049497e-01   0.00000000e+00
  0.00000000e+00   9.49876323e-02  -1.31230633e-01   0.00000000e+00
  0.00000000e+00   9.90096235e-02  -1.28284336e-01   0.00000000e+00
  0.00000000e+00   1.02940180e-01  -1.25213323e-01   0.00000000e+00
  0.00000000e+00   1.06775435e-01  -1.22020434e-01   0.00000000e+00
  0.00000000e+00   1.10511611e-01  -1.18708627e-01   0.00000000e+00
  0.00000000e+00   1.14145023e-01  -1.15280978e-01   0.00000000e+00
  0.00000000e+00   1.17672078e-01  -1.11740678e-01   0.00000000e+00
  0.00000000e+00   1.21089287e-01  -1.08091028e-01   0.00000000e+00
  0.00000000e+00   1.24393260e-01  -1.04335437e-01   0.00000000e+00
  0.00000000e+00   1.27580715e-01  -1.00477420e-01   0.00000000e+00
  0.00000000e+00   1.30648476e-01  -9.65205940e-02   0.00000000e+00
  0.00000000e+00   1.33593484e-01  -9.24686728e-02   0.00000000e+00
  0.00000000e+00   1.36412791e-01  -8.83254660e-02   0.00000000e+00
  0.00000000e+00   1.39103570e-01  -8.40948743e-02   0.00000000e+00
  0.00000000e+00   1.41663113e-01  -7.97808859e-02   0.00000000e+00
  0.00000000e+00   1.44088838e-01  -7.53875728e-02   0.00000000e+00
  0.00000000e+00   1.46378288e-01  -7.09190870e-02   0.00000000e+00
  0.00000000e+00   1.48529134e-01  -6.63796564e-02   0.00000000e+00
  0.00000000e+00   1.50539181e-01  -6.17735813e-02   0.00000000e+00
  0.00000000e+00   1.52406364e-01  -5.71052295e-02   0.00000000e+00
  0.00000000e+00   1.54128757e-01  -5.23790329e-02   0.00000000e+00
